     5638.4610805046    1810.55    10.5828
     5639.0376159040    1827.66    10.6736
     5639.6142102544    1851.85    10.7349
     5640.1908635619    1858.31    10.7436
     5640.7675758325    1851.43    10.7293
     5641.3443470722    1841.70    11.5775
     5641.9211772870    1817.62    11.4017
     5642.4980664830    1894.05    10.9980
     5643.0750146661    1988.60    11.6453
     5643.6520218426    2158.82    12.3431
     5644.2290880182    2114.11    12.3262
     5644.8062131992    1814.28    10.6956
     5645.3833973916    1841.85    10.6928
     5645.9606406012    1868.40    10.7531
     5646.5379428343    1900.68    10.8749
     5647.1153040968    1890.41    10.8109
     5647.6927243948    1860.80    10.7857
     5648.2702037343    1868.63    10.7530
     5648.8477421214    1848.37    10.7423
     5649.4253395620    1880.27    10.7711
     5650.0029960622    1875.76    10.7978
     5650.5807116281    1894.53    10.8322
     5651.1584862657    1928.88    10.9180
     5651.7363199811    1937.82    10.9690
     5652.3142127802    1975.35    11.0583
     5652.8921646691    1957.62    11.0068
     5653.4701756539    1966.12    11.0464
     5654.0482457406    1990.25    11.0561
     5654.6263749353    1945.82    10.9657
     5655.2045632439    1930.89    10.9381
     5655.7828106726    1958.24    10.9920
     5656.3611172274    1961.71    11.0060
     5656.9394829143    1928.69    10.9178
     5657.5179077394    1862.26    10.7443
     5658.0963917087    1767.68   10.55557
     5658.6749348282    1695.50    11.6805
     5659.2535371041    1714.94   10.40777
     5659.8321985423    1801.25    11.2185
     5660.4109191490    1875.33    11.5322
     5660.9896989301    1907.52    11.0633
     5661.5685378918    1868.26    10.8806
     5662.1474360400    1791.42    10.6971
     5662.7263933808    1760.73   10.45040
     5663.3054099203    1772.92   10.47692
     5663.8844856645    1817.71    10.6071
     5664.4636206195    1900.10    10.8121
     5665.0428147913    1947.50    10.9408
     5665.6220681860    1967.19    11.0003
     5666.2013808097    2012.65    11.1269
     5666.7807526683    2000.68    11.0647
     5667.3601837680    1953.80    10.9709
     5667.9396741149    1934.02    10.8967
     5668.5192237148    1909.36    10.8735
     5669.0988325741    1919.90    10.8783
     5669.6785006986    1907.66    10.8438
     5670.2582280944    1889.23    10.7731
     5670.8380147677    1881.24    10.7377
     5671.4178607245    1846.65    10.6688
     5671.9977659707    1861.99    10.6918
     5672.5777305126    1891.10    11.5618
     5673.1577543561    1960.58    11.0251
     5673.7378375074    1989.42    11.0312
     5674.3179799724    1957.17    10.9802
     5674.8981817573    1958.52    10.9480
     5675.4784428681    1949.66    10.9300
     5676.0587633109    1967.01    10.9846
     5676.6391430917    2017.40    11.0907
     5677.2195822166    2034.04    11.1519
     5677.8000806918    2060.31    11.4556
     5678.3806385231    2047.66    12.4866
     5678.9612557169    2003.23    11.0534
     5679.5419322789    2008.03    11.1076
     5680.1226682155    1993.24    11.0266
     5680.7034635326    1986.40    11.0235
     5681.2843182363    1980.82    10.9482
     5681.8652323327    1894.71    10.7603
     5682.4462058278    1836.28    10.6227
     5683.0272387277    1834.02    10.6002
     5683.6083310386    1877.45    10.7268
     5684.1894827664    1991.67    11.2557
     5684.7706939173    2078.95    11.9820
     5685.3519644972    2072.80    11.3320
     5685.9332945124    2029.82    11.7892
     5686.5146839689    1985.10    11.0148
     5687.0961328727    1882.27    10.7040
     5687.6776412300    1804.29   10.51756
     5688.2592090468    1789.89   10.48927
     5688.8408363291    1798.42    11.5752
     5689.4225230832    1879.81    11.4356
     5690.0042693150    1957.70    10.8900
     5690.5860750306    2016.95    11.0567
     5691.1679402361    2053.27    11.1618
     5691.7498649377    2055.29    11.1735
     5692.3318491413    2089.22    11.2534
     5692.9138928531    2098.66    11.2664
     5693.4959960792    2090.02    11.2491
     5694.0781588256    2063.05    11.1712
     5694.6603810984    2052.19    11.1331
     5695.2426629037    2054.00    11.1557
     5695.8250042477    2044.90    11.1494
     5696.4074051363    2058.61    11.1319
     5696.9898655757    2025.66    11.4153
     5697.5723855719    1956.69    11.3852
     5698.1549651311    1913.30    10.7799
     5698.7376042594    1927.31    10.7938
     5699.3203029628    1955.42    10.8711
     5699.9030612474    1969.62    10.9046
     5700.4858791194    2005.66    11.0019
     5701.0687565847    1944.21    10.8216
     5701.6516936496    1907.41    10.7635
     5702.2346903200    1921.42    10.7587
     5702.8177466022    1901.82    10.7289
     5703.4008625021    1922.21    10.7803
     5703.9840380259    1970.58    10.8950
     5704.5672731797    2016.33    11.0271
     5705.1505679696    2060.32    11.1256
     5705.7339224017    2052.57    11.1027
     5706.3173364820    1979.75    11.0648
     5706.9008102168    1936.38    11.5042
     5707.4843436119    1952.23    10.8406
     5708.0679366737    1940.07    11.1012
     5708.6515894081    1915.19    10.7714
     5709.2353018214    1905.81    10.7350
     5709.8190739195    1911.03    10.7084
     5710.4029057085    1901.23    10.6819
     5710.9867971947    1901.79    10.6874
     5711.5707483841    1881.54    10.9988
     5712.1547592827    1902.70    11.4601
     5712.7388298967    1986.70    11.5347
     5713.3229602323    2035.61    11.2714
     5713.9071502955    2054.86    11.0802
     5714.4914000923    2051.86    11.0711
     5715.0757096291    2073.03    11.1071
     5715.6600789117    2063.24    11.0609
     5716.2445079464    2070.21    11.1070
     5716.8289967392    2080.09    11.1268
     5717.4135452964    2059.02    11.1128
     5717.9981536238    2074.04    11.1188
     5718.5828217278    2082.59    11.1371
     5719.1675496144    2099.31    11.1902
     5719.7523372897    2135.71    11.2624
     5720.3371847598    2137.18    11.2613
     5720.9220920308    2141.86    11.2707
     5721.5070591089    2148.94    11.2971
     5722.0920860002    2177.64    11.3409
     5722.6771727108    2195.39    11.4068
     5723.2623192467    2149.16    11.2932
     5723.8475256142    2149.08    11.3172
     5724.4327918193    2135.27    11.2522
     5725.0181178682    2121.42    11.2176
     5725.6035037669    2122.15    11.1490
     5726.1889495217    2023.26    11.2611
     5726.7744551385    1937.48    11.2227
     5727.3600206236    1936.90    10.7274
     5727.9456459831    1962.28    10.7785
     5728.5313312230    2047.99    10.9672
     5729.1170763495    2146.60    11.2633
     5729.7028813688    2158.21    11.2738
     5730.2887462869    2108.52    11.1468
     5730.8746711099    2040.90    11.0282
     5731.4606558441    2013.17    10.9234
     5732.0467004955    2029.63    10.9525
     5732.6328050703    2096.10    11.0853
     5733.2189695745    2148.40    11.2098
     5733.8051940143    2166.50    11.2758
     5734.3914783959    2173.76    11.2878
     5734.9778227253    2167.28    11.2605
     5735.5642270088    2159.97    11.2329
     5736.1506912523    2142.10    11.2639
     5736.7372154621    2131.11    12.1941
     5737.3237996443    2132.55    11.1724
     5737.9104438051    2166.08    11.2427
     5738.4971479504    2161.97    11.2270
     5739.0839120866    2152.05    11.1978
     5739.6707362197    2134.02    11.1656
     5740.2576203558    2139.84    11.1902
     5740.8445645011    2187.04    11.2436
     5741.4315686617    2172.05    11.2392
     5742.0186328439    2166.22    11.2055
     5742.6057570536    2172.86    11.2123
     5743.1929412970    2122.72    11.2331
     5743.7801855803    2122.84    11.7615
     5744.3674899096    2159.19    11.2126
     5744.9548542911    2177.23    11.2233
     5745.5422787309    2207.62    11.3038
     5746.1297632351    2207.59    11.2893
     5746.7173078099    2207.96    11.3063
     5747.3049124614    2203.76    11.2822
     5747.8925771958    2185.73    11.2245
     5748.4803020192    2165.02    11.3337
     5749.0680869377    2175.10    11.3941
     5749.6559319576    2201.85    11.2731
     5750.2438370848    2243.54    11.3423
     5750.8318023257    2258.12    11.4102
     5751.4198276863    2229.19    11.3309
     5752.0079131728    2194.17    11.2270
     5752.5960587912    2112.78    11.6624
     5753.1842645479    2139.80    11.1710
     5753.7725304489    2148.81    11.1157
     5754.3608565004    2160.23    11.1528
     5754.9492427085    2184.59    11.1744
     5755.5376890794    2204.19    11.2725
     5756.1261956192    2276.37    11.3850
     5756.7147623341    2285.27    11.4138
     5757.3033892302    2272.58    11.3824
     5757.8920763137    2267.21    11.3562
     5758.4808235908    2249.46    11.3255
     5759.0696310675    2236.58    11.2879
     5759.6584987501    2226.24    11.2691
     5760.2474266447    2233.94    11.2978
     5760.8364147575    2212.04    11.2282
     5761.4254630946    2187.29    11.1667
     5762.0145716622    2080.74    11.3572
     5762.6037404664    2027.92    10.9976
     5763.1929695134    2073.28    10.8645
     5763.7822588094    2111.01    10.9685
     5764.3716083605    2172.39    11.0925
     5764.9610181728    2217.47    11.1964
     5765.5504882526    2201.25    11.1702
     5766.1400186061    2184.69    11.1417
     5766.7296092392    2206.00    11.1635
     5767.3192601583    2200.83    11.1375
     5767.9089713695    2221.76    11.2125
     5768.4987428790    2263.28    11.3142
     5769.0885746929    2248.68    11.2785
     5769.6784668174    2250.24    11.2733
     5770.2684192586    2250.68    11.2841
     5770.8584320228    2260.01    11.2851
     5771.4485051161    2224.80    11.2143
     5772.0386385446    2213.63    11.1855
     5772.6288323145    2239.98    11.2338
     5773.2190864321    2235.25    11.2359
     5773.8094009034    2218.96    11.1775
     5774.3997757346    2179.00    11.0930
     5774.9902109320    2160.69    11.0357
     5775.5807065017    2153.87    10.9743
     5776.1712624498    2205.52    11.1611
     5776.7618787826    2205.80    11.1217
     5777.3525555062    2197.56    11.1161
     5777.9432926267    2208.73    11.1267
     5778.5340901504    2189.47    11.1218
     5779.1249480835    2225.75    11.1492
     5779.7158664320    2193.74    11.0518
     5780.3068452023    2112.51    10.9022
     5780.8978844004    2102.40    10.8448
     5781.4889840326    2069.14    10.7855
     5782.0801441050    2066.37    10.7635
     5782.6713646238    2112.00    10.8785
     5783.2626455952    2109.83    10.8700
     5783.8539870253    2089.79    10.7925
     5784.4453889204    2054.94    10.6916
     5785.0368512866    2010.84    10.6147
     5785.6283741302    2050.52    10.6978
     5786.2199574573    2079.98    10.7695
     5786.8116012740    2134.99    10.8921
     5787.4033055866    2160.88    10.9688
     5787.9950704012    2190.09    11.0300
     5788.5868957242    2200.31    11.0672
     5789.1787815615    2196.69    11.0397
     5789.7707279194    2188.80    10.9901
     5790.3627348042    2098.54    10.8341
     5790.9548022219    2094.44    10.8393
     5791.5469301788    2146.16    11.4924
     5792.1391186811    2234.29    11.1345
     5792.7313677350    2272.13    11.2202
     5793.3236773466    2305.19    11.2827
     5793.9160475222    2333.20    11.3516
     5794.5084782679    2350.92    11.4093
     5795.1009695899    2371.61    11.4140
     5795.6935214945    2329.65    11.3510
     5796.2861339878    2328.00    11.3149
     5796.8788070760    2312.56    11.2659
     5797.4715407653    2244.58    11.1482
     5798.0643350619    2238.56    11.1138
     5798.6571899720    2246.72    11.1384
     5799.2501055019    2284.71    11.1884
     5799.8430816576    2329.52    11.2970
     5800.4361184455    2336.67    11.3041
     5801.0292158716    2359.91    11.4096
     5801.6223739422    2395.02    11.4683
     5802.2155926636    2386.78    11.4342
     5802.8088720418    2357.72    11.3706
     5803.4022120832    2348.80    11.3296
     5803.9956127938    2299.88    11.2398
     5804.5890741800    2283.60    11.1946
     5805.1825962479    2306.38    11.2006
     5805.7761790037    2286.58    11.1773
     5806.3698224537    2315.79    11.2199
     5806.9635266039    2341.90    11.3113
     5807.5572914608    2341.88    11.2930
     5808.1511170303    2343.91    11.2790
     5808.7450033188    2305.17    11.2038
     5809.3389503325    2321.54    11.2423
     5809.9329580775    2328.03    11.2399
     5810.5270265602    2304.81    11.2178
     5811.1211557866    2330.09    11.2528
     5811.7153457630    2332.72    11.2471
     5812.3095964957    2328.18    11.2403
     5812.9039079907    2333.00    11.2578
     5813.4982802544    2333.42    11.2428
     5814.0927132930    2286.72    11.1544
     5814.6872071126    2266.13    11.0867
     5815.2817617196    2292.52    11.1435
     5815.8763771200    2247.23    11.0476
     5816.4710533201    2239.63    11.0365
     5817.0657903262    2282.04    11.1003
     5817.6605881444    2345.51    11.2805
     5818.2554467810    2368.24    11.3193
     5818.8503662421    2327.08    11.2374
     5819.4453465341    2341.49    11.2765
     5820.0403876631    2373.73    12.1222
     5820.6354896353    2360.01    11.8072
     5821.2306524570    2338.85    11.2459
     5821.8258761344    2317.92    11.2127
     5822.4211606738    2318.14    11.2007
     5823.0165060812    2313.87    11.1738
     5823.6119123630    2303.03    11.1430
     5824.2073795254    2313.90    11.1774
     5824.8029075746    2335.76    11.1890
     5825.3984965168    2369.92    11.3227
     5825.9941463583    2379.76    11.3187
     5826.5898571053    2357.74    11.2777
     5827.1856287640    2332.51    11.2113
     5827.7814613406    2338.61    12.1495
     5828.3773548414    2319.43    11.5309
     5828.9733092726    2320.68    11.1691
     5829.5693246405    2350.94    11.2399
     5830.1654009512    2385.75    11.3069
     5830.7615382110    2378.24    11.9842
     5831.3577364261    2352.90    12.3300
     5831.9539956028    2365.83    11.2383
     5832.5503157472    2374.23    11.2605
     5833.1466968657    2391.42    11.3043
     5833.7431389645    2374.00    11.2720
     5834.3396420498    2343.96    11.1828
     5834.9362061277    2337.13    11.1696
     5835.5328312047    2347.83    11.2065
     5836.1295172869    2349.27    11.1868
     5836.7262643805    2345.24    11.1754
     5837.3230724918    2342.08    11.1718
     5837.9199416270    2347.62    11.4454
     5838.5168717923    2339.36    11.3692
     5839.1138629941    2353.73    11.1848
     5839.7109152385    2366.79    11.2172
     5840.3080285318    2379.32    11.2497
     5840.9052028802    2406.05    11.2871
     5841.5024382900    2398.91    11.2793
     5842.0997347674    2414.31    11.3349
     5842.6970923187    2415.86    11.3496
     5843.2945109500    2384.16    11.7207
     5843.8919906677    2356.63    11.1794
     5844.4895314780    2350.69    11.1560
     5845.0871333872    2365.87    11.1987
     5845.6847964014    2370.76    11.2009
     5846.2825205270    2371.98    11.1925
     5846.8803057701    2345.79    11.1524
     5847.4781521371    2351.34    11.1710
     5848.0760596341    2376.63    11.1898
     5848.6740282675    2349.95    11.1571
     5849.2720580435    2339.06    11.1340
     5849.8701489683    2332.73    11.1133
     5850.4683010482    2311.93    11.0432
     5851.0665142895    2287.54    10.9844
     5851.6647886983    2256.80    10.9045
     5852.2631242810    2247.58    10.9036
     5852.8615210438    2233.84    11.2579
     5853.4599789930    2224.64    10.8803
     5854.0584981348    2243.04    10.8730
     5854.6570784754    2269.13    10.9571
     5855.2557200212    2266.00    10.9108
     5855.8544227784    2175.08    10.6385
     5856.4531867532    1949.74    11.1816
     5857.0520119519    1820.30    10.8056
     5857.6508983808    1879.70    10.6103
     5858.2498460462    1976.26    12.0218
     5858.8488549542    2137.57    12.3040
     5859.4479251112    2277.77    10.8997
     5860.0470565234    2290.43    10.9579
     5860.6462491970    2316.28    11.0442
     5861.2455031385    2301.45    11.3765
     5861.8448183539    2229.11    10.8089
     5862.4441948496    2231.23    10.8161
     5863.0436326318    2193.75    10.7205
     5863.6431317069    2248.48    10.8516
     5864.2426920810    2270.55    10.8870
     5864.8423137604    2257.45    10.8425
     5865.4419967515    2193.61    10.6846
     5866.0417410604    2100.11   10.50520
     5866.6415466935    2076.20   10.44325
     5867.2414136570    2111.55    10.6756
     5867.8413419573    2190.22    11.5238
     5868.4413316004    2250.03    12.1253
     5869.0413825928    2287.81    10.9327
     5869.6414949407    2296.31    10.9524
     5870.2416686504    2306.41    10.9591
     5870.8419037282    2318.95    11.0607
     5871.4422001802    2322.34    11.0007
     5872.0425580129    2252.53    11.2593
     5872.6429772325    2253.87    10.8835
     5873.2434578452    2216.54    10.7331
     5873.8439998573    2217.67    10.7598
     5874.4446032752    2244.03    11.0991
     5875.0452681051    2255.90    11.0160
     5875.6459943532    2230.28    10.7625
     5876.2467820259    2187.36    10.6752
     5876.8476311294    2176.78    10.6434
     5877.4485416700    2160.22    10.5960
     5878.0495136541    2134.23   10.52190
     5878.6505470878    2098.61   10.44482
     5879.2516419774    2070.76   10.39509
     5879.8527983294    2020.54   10.34839
     5880.4540161498    2037.81    11.6443
     5881.0552954451    2044.59   10.32126
     5881.6566362214    2035.38   10.27123
     5882.2580384852    1997.60   10.14740
     5882.8595022426    1941.83   10.01322
     5883.4610275000    1853.69    9.79745
     5884.0626142636    1792.76    9.64378
     5884.6642625398    1748.18    9.50273
     5885.2659723348    1656.13    9.49949
     5885.8677436550    1552.39    9.22195
     5886.4695765065    1440.25    8.81087
     5887.0714708958    1296.55    8.83673
     5887.6734268290    1115.35    8.85049
     5888.2754443125    973.637    8.83280
     5888.8775233526    805.067    9.23024
     5889.4796639556    625.625    6.93694
     5890.0818661278    642.129    6.00330
     5890.6841298754    762.048    8.16477
     5891.2864552048    905.337    7.99084
     5891.8888421222    1046.56    7.54827
     5892.4912906340    1126.60    7.68152
     5893.0938007465    1163.80    7.80543
     5893.6963724659    1129.59    7.66686
     5894.2990057986    1008.71    7.31481
     5894.9017007508    867.304    8.56987
     5895.5044573289    736.148    8.09626
     5896.1072755391    736.657    6.54699
     5896.7101553878    878.845    8.02933
     5897.3130968812    1088.59    9.49782
     5897.9161000257    1292.91    8.99804
     5898.5191648276    1390.44    8.70354
     5899.1222912931    1508.66    8.97162
     5899.7254794286    1646.52   10.34892
     5900.3287292404    1742.83    9.47346
     5900.9320407348    1863.06    9.79843
     5901.5354139181    1949.15    9.98994
     5902.1388487966    1974.21   10.04350
     5902.7423453766    1982.35   10.08047
     5903.3459036644    2024.33   10.16589
     5903.9495236663    2054.75   10.23821
     5904.5532053887    2064.53   10.26310
     5905.1569488378    2064.97   10.27666
     5905.7607540200    2092.12   10.47422
     5906.3646209416    2127.71   10.57158
     5906.9685496088    2149.52   10.45030
     5907.5725400281    2188.72   10.51991
     5908.1765922057    2188.40   10.55564
     5908.7807061479    2187.66   10.52919
     5909.3848818610    2205.22   10.57548
     5909.9891193514    2202.69    10.5763
     5910.5934186254    2204.35    10.5769
     5911.1977796893    2225.29    10.6449
     5911.8022025494    2240.99    10.6708
     5912.4066872120    2219.60    10.6502
     5913.0112336835    2171.09   10.48963
     5913.6158419702    2131.92   10.41876
     5914.2205120783    2142.26   10.41654
     5914.8252440143    2148.25   10.42216
     5915.4300377844    2184.56   10.48699
     5916.0348933950    2176.08   10.50601
     5916.6398108523    2188.75   10.53138
     5917.2447901627    2250.50    10.8210
     5917.8498313326    2220.42    10.9773
     5918.4549343682    2176.61   10.50151
     5919.0600992759    2199.05   10.53403
     5919.6653260621    2264.33    10.6778
     5920.2706147329    2273.38    10.6913
     5920.8759652948    2261.15    10.6531
     5921.4813777541    2212.31   10.56979
     5922.0868521172    2181.97   10.48162
     5922.6923883902    2180.88   10.46199
     5923.2979865797    2227.55    10.5936
     5923.9036466919    2280.83    10.6996
     5924.5093687331    2310.72    10.9517
     5925.1151527096    2295.44    10.8390
     5925.7209986279    2303.28    10.7620
     5926.3269064943    2318.37    10.9149
     5926.9328763150    2282.85    10.8683
     5927.5389080964    2284.17    10.6843
     5928.1450018448    2291.31    10.6895
     5928.7511575667    2284.14    10.6614
     5929.3573752682    2244.22    10.6117
     5929.9636549559    2215.67   10.54845
     5930.5699966359    2235.07   10.56621
     5931.1764003146    2236.91   10.57189
     5931.7828659984    2304.28    10.8641
     5932.3893936937    2350.87    10.8244
     5932.9959834066    2341.99    10.8026
     5933.6026351437    2316.88    10.7291
     5934.2093489112    2261.44    10.6214
     5934.8161247155    2271.49    10.6368
     5935.4229625629    2325.66    10.7693
     5936.0298624598    2364.79    10.8435
     5936.6368244125    2338.54    10.8000
     5937.2438484274    2320.09    10.7669
     5937.8509345107    2323.46    10.7711
     5938.4580826689    2352.94    10.7930
     5939.0652929083    2363.08    10.8139
     5939.6725652352    2345.34    11.0579
     5940.2798996561    2339.42    11.6651
     5940.8872961771    2250.78    11.0661
     5941.4947548048    2214.16   10.46730
     5942.1022755454    2272.40    10.5857
     5942.7098584053    2374.32    10.8293
     5943.3175033908    2398.19    10.9693
     5943.9252105084    2378.24    10.8376
     5944.5329797643    2387.36    10.8484
     5945.1408111648    2401.80    10.8889
     5945.7487047165    2422.25    10.9262
     5946.3566604256    2418.79    10.9147
     5946.9646782984    2393.46    10.8642
     5947.5727583413    2385.58    10.8252
     5948.1809005608    2343.83    10.7425
     5948.7891049630    2298.64    10.6680
     5949.3973715545    2312.96    10.6647
     5950.0057003415    2313.52    10.6645
     5950.6140913305    2316.63    10.6752
     5951.2225445277    2357.13    10.7365
     5951.8310599395    2319.34    10.7772
     5952.4396375724    2243.12    11.0091
     5953.0482774326    2252.77   10.52710
     5953.6569795265    2312.47    10.6692
     5954.2657438606    2364.89    10.7715
     5954.8745704410    2368.03    10.7802
     5955.4834592743    2330.54    11.2198
     5956.0924103668    2275.72    10.6613
     5956.7014237248    2258.50   10.52118
     5957.3104993547    2258.36   10.52759
     5957.9196372629    2300.51    10.6031
     5958.5288374558    2334.26    10.6900
     5959.1380999397    2361.78    10.7623
     5959.7474247209    2398.12    10.8385
     5960.3568118059    2431.57    10.8998
     5960.9662612011    2441.52    10.9001
     5961.5757729127    2405.71    10.8382
     5962.1853469472    2381.80    10.7937
     5962.7949833110    2404.35    10.8295
     5963.4046820104    2404.12    10.8334
     5964.0144430517    2389.29    10.7966
     5964.6242664414    2368.15    10.8792
     5965.2341521859    2275.76    11.9907
     5965.8441002915    2293.84    10.5771
     5966.4541107646    2327.04    10.6246
     5967.0641836115    2373.83    10.7339
     5967.6743188387    2415.69    10.8249
     5968.2845164525    2433.37    10.8771
     5968.8947764593    2456.66    10.9198
     5969.5050988655    2450.69    10.9030
     5970.1154836775    2436.38    10.8725
     5970.7259309016    2415.74    10.8251
     5971.3364405442    2385.03    10.7590
     5971.9470126118    2373.98    10.7458
     5972.5576471106    2407.52    11.0511
     5973.1683440471    2393.50    11.1578
     5973.7791034277    2364.61    10.7142
     5974.3899252587    2383.68    10.7270
     5975.0008095466    2366.79    10.7015
     5975.6117562976    2358.42    10.6994
     5976.2227655183    2352.84    10.7025
     5976.8338372150    2324.76    10.6126
     5977.4449713940    2294.15   10.54020
     5978.0561680618    2280.26   10.49177
     5978.6674272248    2293.52   10.54315
     5979.2787488893    2331.07    10.6082
     5979.8901330617    2386.54    10.7238
     5980.5015797485    2415.16    10.7768
     5981.1130889560    2426.19    10.8121
     5981.7246606906    2445.90    10.8183
     5982.3362949588    2401.90    10.7432
     5982.9479917668    2373.61    10.6930
     5983.5597511211    2330.14    10.5954
     5984.1715730281    2286.75   10.50845
     5984.7834574943    2305.88    10.8156
     5985.3954045259    2375.03    11.0657
     5986.0074141293    2433.72    10.7741
     5986.6194863111    2376.82    10.7045
     5987.2316210775    2372.04    10.6685
     5987.8438184351    2392.11    10.7082
     5988.4560783901    2371.40    10.7669
     5989.0684009489    2406.79    11.2401
     5989.6807861181    2431.76    10.8210
     5990.2932339039    2452.66    10.8636
     5990.9057443129    2470.95    10.8811
     5991.5183173513    2479.52    10.9172
     5992.1309530256    2514.71    10.9853
     5992.7436513422    2532.29    11.0153
     5993.3564123075    2528.20    11.0390
     5993.9692359279    2562.07    11.0821
     5994.5821222098    2527.73    11.0143
     5995.1950711597    2497.37    11.0494
     5995.8080827838    2479.25    10.9735
     5996.4211570888    2466.28    10.8743
     5997.0342940808    2459.51    10.8450
     5997.6474937664    2454.56    10.8407
     5998.2607561520    2467.94    10.8610
     5998.8740812440    2420.44    10.7842
     5999.4874690488    2401.99    10.7103
     6000.1009195727    2409.03    10.7330
     6000.7144328223    2476.87    10.8540
     6001.3280088039    2472.45    10.8476
     6001.9416475239    2345.82   10.57006
     6002.5553489888    2326.80   10.52951
     6003.1691132050    2353.31    10.6073
     6003.7829401789    2453.30    10.8256
     6004.3968299169    2463.14    10.8139
     6005.0107824254    2480.66    10.8751
     6005.6247977108    2482.37    10.8726
     6006.2388757796    2429.93    10.7770
     6006.8530166382    2390.79    10.6645
     6007.4672202930    2341.22   10.57103
     6008.0814867505    2305.78   10.51735
     6008.6958160169    2358.28    10.6221
     6009.3102080989    2457.21    10.8011
     6009.9246630027    2497.90    10.9107
     6010.5391807348    2536.40    10.9423
     6011.1537613017    2499.08    10.8835
     6011.7684047097    2460.68    10.7783
     6012.3831109654    2419.08    10.6954
     6012.9978800750    2331.50   10.53755
     6013.6127120451    2391.22    10.6694
     6014.2276068820    2457.62    10.9374
     6014.8425645923    2510.29    10.8921
     6015.4575851823    2498.64    10.9028
     6016.0726686584    2384.01    10.6333
     6016.6878150271    2345.79   10.55798
     6017.3030242949    2394.10    10.6512
     6017.9182964680    2466.34    10.8021
     6018.5336315531    2492.72    10.8353
     6019.1490295565    2441.29    10.7461
     6019.7644904846    2417.63    10.8250
     6020.3800143439    2380.31    10.6519
     6020.9956011408    2329.85   10.51853
     6021.6112508818    2354.92    10.5823
     6022.2269635733    2440.41    11.3459
     6022.8427392216    2457.16    11.2564
     6023.4585778334    2424.17    10.6844
     6024.0744794149    2419.33    10.6766
     6024.6904439727    2465.91    10.7670
     6025.3064715132    2530.82    10.9070
     6025.9225620427    2594.03    11.0217
     6026.5387155679    2571.72    11.0141
     6027.1549320950    2518.37    10.8925
     6027.7712116306    2576.19    10.9688
     6028.3875541810    2598.17    11.0158
     6029.0039597528    2610.22    11.0643
     6029.6204283523    2585.07    11.0176
     6030.2369599861    2568.86    10.9624
     6030.8535546605    2559.99    10.9335
     6031.4702123821    2565.51    10.9410
     6032.0869331571    2575.33    10.9745
     6032.7037169922    2615.67    11.0683
     6033.3205638938    2634.50    11.1082
     6033.9374738682    2626.75    11.0894
     6034.5544469220    2631.63    11.0757
     6035.1714830616    2599.60    11.0247
     6035.7885822934    2579.42    11.0814
     6036.4057446239    2568.82    11.0274
     6037.0229700596    2579.88    10.9638
     6037.6402586068    2591.64    10.9866
     6038.2576102722    2582.17    10.9673
     6038.8750250620    2538.75    10.8795
     6039.4925029828    2499.84    10.8175
     6040.1100440410    2521.00    11.1806
     6040.7276482431    2542.75    11.6511
     6041.3453155955    2574.04    10.9555
     6041.9630461047    2593.82    11.0088
     6042.5808397772    2616.09    11.1086
     6043.1986966194    2633.40    11.0806
     6043.8166166377    2656.60    11.1083
     6044.4345998386    2676.19    11.1371
     6045.0526462287    2672.27    11.1357
     6045.6707558142    2668.82    11.1302
     6046.2889286018    2664.55    11.1034
     6046.9071645979    2686.32    11.1505
     6047.5254638089    2645.22    11.7319
     6048.1438262413    2647.00    11.2449
     6048.7622519015    2646.21    11.0768
     6049.3807407961    2652.14    11.0909
     6049.9992929315    2662.95    11.1084
     6050.6179083141    2685.26    11.1374
     6051.2365869504    2664.29    11.0931
     6051.8553288470    2646.84    11.0497
     6052.4741340102    2634.04    11.0180
     6053.0930024465    2611.41    10.9963
     6053.7119341624    2611.56    10.9871
     6054.3309291644    2613.80    10.9891
     6054.9499874590    2637.30    11.0110
     6055.5691090525    2571.00    11.1540
     6056.1882939516    2538.57    11.4495
     6056.8075421626    2571.69    10.8853
     6057.4268536920    2551.54    10.9835
     6058.0462285463    2552.54    11.5436
     6058.6656667320    2613.64    10.9771
     6059.2851682556    2650.63    11.0419
     6059.9047331235    2676.30    11.0856
     6060.5243613422    2700.75    11.1521
     6061.1440529183    2694.11    11.1217
     6061.7638078580    2644.28    11.0088
     6062.3836261680    2581.06    11.0031
     6063.0035078548    2577.63    11.6061
     6063.6234529247    2551.58    10.9823
     6064.2434613844    2434.99    10.6408
     6064.8635332402    2328.27   10.40061
     6065.4836684986    2359.97    11.4258
     6066.1038671662    2501.95    11.7620
     6066.7241292494    2631.74    11.3014
     6067.3444547547    2663.10    11.0305
     6067.9648436886    2658.48    11.0339
     6068.5852960576    2671.04    11.0535
     6069.2058118681    2680.85    11.0719
     6069.8263911267    2709.93    11.1254
     6070.4470338398    2740.39    11.1822
     6071.0677400139    2727.68    11.1560
     6071.6885096555    2696.12    11.1050
     6072.3093427711    2697.70    11.0992
     6072.9302393672    2708.02    11.1090
     6073.5511994503    2662.72    11.1808
     6074.1722230269    2644.04    11.7250
     6074.7933101034    2706.19    11.0986
     6075.4144606864    2725.94    11.1382
     6076.0356747824    2735.96    11.1781
     6076.6569523977    2717.49    12.0240
     6077.2782935391    2683.14    11.0645
     6077.8996982128    2632.49    10.9439
     6078.5211664255    2606.52    10.8982
     6079.1426981836    2612.92    10.9020
     6079.7642934937    2634.14    11.6834
     6080.3859523621    2621.48    11.1277
     6081.0076747955    2571.97    10.8200
     6081.6294608003    2534.63    10.7502
     6082.2513103831    2579.33    10.8337
     6082.8732235502    2629.26    10.9427
     6083.4952003083    2679.48    11.0082
     6084.1172406638    2650.66    10.9953
     6084.7393446233    2565.04    11.3056
     6085.3615121931    2578.71    11.2781
     6085.9837433800    2663.60    10.9694
     6086.6060381902    2698.41    11.0219
     6087.2283966304    2667.64    10.9869
     6087.8508187071    2674.14    11.0004
     6088.4733044267    2685.26    11.0022
     6089.0958537958    2605.40    10.8419
     6089.7184668208    2485.32    10.6211
     6090.3411435084    2473.11    10.5846
     6090.9638838649    2533.94    10.6965
     6091.5866878970    2625.56    10.8820
     6092.2095556111    2666.07    10.9733
     6092.8324870137    2668.74    11.0195
     6093.4554821113    2694.67    11.9400
     6094.0785409105    2711.46    11.0694
     6094.7016634177    2735.06    11.1199
     6095.3248496396    2715.86    11.0602
     6095.9480995825    2702.76    11.0220
     6096.5714132531    2670.11    10.9686
     6097.1947906577    2659.91    10.9608
     6097.8182318030    2655.65    11.6485
     6098.4417366955    2668.62    11.2005
     6099.0653053417    2708.92    11.0563
     6099.6889377480    2693.07    11.0188
     6100.3126339211    2646.63    10.9004
     6100.9363938674    2462.02    11.3002
     6101.5602175935    2085.05    11.7278
     6102.1841051058    1787.73    11.2034
     6102.8080564110    1853.33    11.9055
     6103.4320715155    2187.69    12.1659
     6104.0561504258    2496.17    11.0591
     6104.6802931485    2677.11    10.9262
     6105.3044996901    2720.32    11.0486
     6105.9287700571    2738.94    11.0800
     6106.5531042561    2715.02    11.3173
     6107.1775022936    2643.73    11.5871
     6107.8019641760    2636.55    10.9074
     6108.4264899100    2676.18    10.9579
     6109.0510795021    2702.80    11.0125
     6109.6757329587    2696.60    10.9745
     6110.3004502865    2664.73    10.9451
     6110.9252314919    2565.17    10.7339
     6111.5500765815    2607.22    10.7885
     6112.1749855618    2665.24    10.9448
     6112.7999584393    2762.36    11.1627
     6113.4249952207    2767.25    11.1628
     6114.0500959123    2759.34    11.1073
     6114.6752605208    2779.24    11.1361
     6115.3004890528    2715.60    11.0289
     6115.9257815146    2673.91    10.9643
     6116.5511379128    2664.71    10.9482
     6117.1765582541    2670.63    10.9543
     6117.8020425449    2682.59    10.9473
     6118.4275907918    2605.29    10.8134
     6119.0532030013    2493.52    10.6464
     6119.6788791800    2389.72   10.38091
     6120.3046193343    2247.66   10.39888
     6120.9304234709    1859.19   10.13193
     6121.5562915963    1523.36   10.11471
     6122.1822237170    1537.59   10.25515
     6122.8082198395    1828.69    10.9013
     6123.4342799705    2259.11    11.3875
     6124.0604041164    2520.17    10.9946
     6124.6865922838    2600.47    10.7746
     6125.3128444793    2591.54    10.7698
     6125.9391607093    2557.28    10.7137
     6126.5655409805    2588.25    10.7505
     6127.1919852994    2621.47    10.8221
     6127.8184936725    2648.94    10.8761
     6128.4450661064    2702.33    10.9596
     6129.0717026076    2711.92    11.1621
     6129.6984031828    2762.93    11.8200
     6130.3251678383    2790.12    11.1492
     6130.9519965809    2736.69    11.0359
     6131.5788894170    2725.25    11.0123
     6132.2058463532    2734.31    11.0274
     6132.8328673961    2741.11    11.0413
     6133.4599525522    2697.09    10.9437
     6134.0871018280    2616.01    10.7915
     6134.7143152301    2546.81    10.6395
     6135.3415927652    2430.27   10.38184
     6135.9689344396    2253.11    10.6080
     6136.5963402601    2136.27    9.90878
     6137.2238102331    2181.95    10.6578
     6137.8513443652    2367.73    11.1267
     6138.4789426630    2617.94    11.6223
     6139.1066051330    2729.14    11.2306
     6139.7343317818    2769.76    11.0707
     6140.3621226160    2658.35    10.8545
     6140.9899776421    2540.95    10.6514
     6141.6178968667    2535.49    11.2474
     6142.2458802963    2606.93    11.1795
     6142.8739279375    2695.59    10.8926
     6143.5020397969    2692.31    10.9322
     6144.1302158811    2733.51    10.9975
     6144.7584561966    2757.77    11.0484
     6145.3867607499    2747.83    11.0519
     6146.0151295477    2772.19    11.0623
     6146.6435625965    2761.98    11.0417
     6147.2720599029    2751.05    10.9918
     6147.9006214735    2703.67    10.9172
     6148.5292473148    2608.96    10.7409
     6149.1579374333    2549.94    10.6313
     6149.7866918358    2526.08    10.5982
     6150.4155105287    2587.07    10.6875
     6151.0443935186    2651.04    10.8308
     6151.6733408121    2707.92    10.9371
     6152.3023524158    2774.22    11.0659
     6152.9314283362    2714.20    10.9704
     6153.5605685799    2592.49    10.7201
     6154.1897731536    2564.52    10.6231
     6154.8190420637    2625.23    10.7854
     6155.4483753169    2647.27    10.8739
     6156.0777729197    2635.93    10.7890
     6156.7072348787    2588.80    10.6896
     6157.3367612005    2536.48   10.55809
     6157.9663518916    2496.48   10.49005
     6158.5960069588    2423.74   10.33133
     6159.2257264085    2307.77   10.06450
     6159.8555102473    2115.09    9.64372
     6160.4853584817    1748.02    9.23267
     6161.1152711185    1351.48    8.33284
     6161.7452481642    1235.82    7.63702
     6162.3752896253    1343.21    8.69136
     6163.0053955085    1612.99    9.81716
     6163.6355658203    1956.23   10.10533
     6164.2658005673    2176.14    9.96407
     6164.8960997562    2234.26    9.87929
     6165.5264633934    2156.44    9.78045
     6166.1568914856    2170.57    9.89290
     6166.7873840394    2275.62    10.5952
     6167.4179410614    2352.91   10.48083
     6168.0485625581    2100.03   10.33340
     6168.6792485362    1775.47   10.46590
     6169.3099990023    1741.88    9.98477
     6169.9408139629    2032.14    10.8279
     6170.5716934246    2314.69    11.7112
     6171.2026373941    2452.59    10.8690
     6171.8336458779    2520.79   10.44819
     6172.4647188826    2451.85   10.36784
     6173.0958564148    2448.52   10.34952
     6173.7270584812    2450.01   10.36120
     6174.3583250883    2484.55    10.6951
     6174.9896562427    2492.90    11.1344
     6175.6210519510    2534.19   10.49892
     6176.2525122198    2532.01   10.50943
     6176.8840370558    2561.14   10.56599
     6177.5156264655    2591.54    10.6430
     6178.1472804555    2598.21    10.6422
     6178.7789990324    2596.73    10.6368
     6179.4107822029    2543.15    10.6445
     6180.0426299735    2531.60    11.3890
     6180.6745423508    2598.14    10.6348
     6181.3065193415    2591.85    10.6231
     6181.9385609522    2604.03    10.6349
     6182.5706671894    2591.14    10.6258
     6183.2028380598    2547.10   10.49740
     6183.8350735700    2568.42   10.56162
     6184.4673737265    2585.42    10.5806
     6185.0997385361    2531.54   10.47580
     6185.7321680052    2448.89   10.31314
     6186.3646621406    2418.97   10.25586
     6186.9972209489    2426.11   10.26599
     6187.6298444365    2458.72    10.6286
     6188.2625326103    2441.47   10.35196
     6188.8952854767    2419.49   10.26260
     6189.5281030424    2433.74   10.25511
     6190.1609853140    2270.09   10.30166
     6190.7939322981    2055.27    9.67507
     6191.4269440014    2078.38    9.54887
     6192.0600204304    2231.65   10.51285
     6192.6931615918    2406.58   10.48420
     6193.3263674922    2447.49   10.29261
     6193.9596381382    2483.49   10.38007
     6194.5929735364    2506.12    11.0295
     6195.2263736935    2500.68    10.8403
     6195.8598386160    2517.99   10.43412
     6196.4933683107    2525.59   10.46317
     6197.1269627841    2537.54   10.44813
     6197.7606220428    2483.82   10.34587
     6198.3943460935    2381.42   10.16325
     6199.0281349428    2284.81    9.99486
     6199.6619885973    2319.17   10.02267
     6200.2959070636    2419.59   10.22368
     6200.9298903485    2519.42   10.42497
     6201.5639384584    2569.62   10.51802
     6202.1980514000    2570.57   10.51808
     6202.8322291801    2568.70   10.51228
     6203.4664718051    2570.24   10.49927
     6204.1007792817    2524.14   10.43559
     6204.7351516165    2495.51   10.39052
     6205.3695888163    2574.25   10.51288
     6206.0040908875    2581.53   10.53829
     6206.6386578370    2595.96   10.54857
     6207.2732896711    2591.89   10.54740
     6207.9079863967    2573.46   10.52023
     6208.5427480204    2604.25   10.55359
     6209.1775745487    2558.79   10.47243
     6209.8124659884    2419.05   10.21985
     6210.4474223460    2384.29   10.12865
     6211.0824436282    2439.54   10.24705
     6211.7175298417    2515.39   10.47326
     6212.3526809930    2447.42    11.3015
     6212.9878970889    2282.38    9.92524
     6213.6231781359    2227.50    9.78177
     6214.2585241407    2208.03    9.75311
     6214.8939351099    2143.60    9.60180
     6215.5294110502    2086.78    9.47667
     6216.1649519683    2156.77    9.63408
     6216.8005578707    2318.55    10.9669
     6217.4362287641    2398.22   10.18289
     6218.0719646552    2328.65    9.98552
     6218.7077655506    2266.30    9.86331
     6219.3436314570    2265.73    9.85033
     6219.9795623809    2264.08    9.84229
     6220.6155583291    2283.62    9.90275
     6221.2516193082    2315.45   10.13462
     6221.8877453248    2297.58    9.94978
     6222.5239363857    2282.38    9.88464
     6223.1601924973    2248.52    9.80731
     6223.7965136665    2202.51    9.72347
     6224.4328998999    2227.61    9.77217
     6225.0693512040    2295.99    9.89424
     6225.7058675856    2319.50    9.94099
     6226.3424490513    2318.54    9.97199
     6226.9790956077    2308.85    9.95347
     6227.6158072616    2340.07    9.99986
     6228.2525840196    2318.54    9.95391
     6228.8894258883    2272.92    9.85185
     6229.5263328744    2125.32   10.21520
     6230.1633049845    1958.70    9.62466
     6230.8003422254    2020.67    9.32734
     6231.4374446036    2178.54    9.58454
     6232.0746121258    2191.91    9.64990
     6232.7118447988    2202.20    9.71677
     6233.3491426290    2325.52    9.93821
     6233.9865056234    2420.69   10.11538
     6234.6239337883    2419.83   10.16239
     6235.2614271307    2460.15   10.19926
     6235.8989856570    2448.33   10.17154
     6236.5366093740    2409.80   10.12633
     6237.1742982883    2416.83   10.11481
     6237.8120524067    2380.36   10.03677
     6238.4498717357    2265.70   10.01527
     6239.0877562820    2116.37    9.79703
     6239.7257060524    2113.15    9.52159
     6240.3637210534    2228.55    9.75008
     6241.0018012918    2368.46    9.98502
     6241.6399467742    2317.71   10.49869
     6242.2781575072    2108.72   10.52372
     6242.9164334977    2075.01    9.51160
     6243.5547747521    2228.03    9.83061
     6244.1931812773    2361.55    9.94666
     6244.8316530799    2331.39   10.06016
     6245.4701901665    2248.74   10.07484
     6246.1087925438    2282.24    9.83809
     6246.7474602186    2375.40   10.01305
     6247.3861931974    2451.89   10.15209
     6248.0249914870    2410.94   10.10584
     6248.6638550940    2405.00   10.08498
     6249.3027840251    2422.77   10.12720
     6249.9417782870    2468.96   10.18621
     6250.5808378864    2455.74   10.14489
     6251.2199628300    2269.84   10.06120
     6251.8591531244    2149.93   10.48279
     6252.4984087763    2193.94    9.86116
     6253.1377297924    2265.76    10.7399
     6253.7771161794    2261.98    9.76947
     6254.4165679440    2340.21    9.91652
     6255.0560850929    2404.06   10.04019
     6255.6956676326    2280.32    9.81365
     6256.3353155700    2245.13    9.71368
     6256.9750289117    2165.76    9.54854
     6257.6148076645    1928.50    9.04579
     6258.2546518349    1858.16    8.88795
     6258.8945614296    2074.11    9.34203
     6259.5345364555    2245.81    9.71236
     6260.1745769191    2210.43    9.66705
     6260.8146828272    2184.54    9.60339
     6261.4548541864    2352.63    9.94737
     6262.0950910034    2483.23   10.46058
     6262.7353932850    2569.62   10.36288
     6263.3757610378    2562.30   10.35283
     6264.0161942685    2432.41   10.11447
     6264.6566929838    2347.18    9.93361
     6265.2972571904    2344.98    9.87980
     6265.9378868950    2431.68   10.08948
     6266.5785821044    2520.85   10.26508
     6267.2193428251    2494.39   10.20102
     6267.8601690639    2361.11    9.94328
     6268.5010608275    2322.55    9.86282
     6269.1420181226    2396.70   10.01830
     6269.7830409559    2417.95   10.05532
     6270.4241293341    2468.40   10.17360
     6271.0652832639    2542.14   10.31137
     6271.7065027520    2577.33   10.37021
     6272.3477878051    2597.36   10.39960
     6272.9891384300    2549.53   10.29283
     6273.6305546332    2462.35   10.13295
     6274.2720364216    2411.35   10.04703
     6274.9135838017    2361.23    9.95302
     6275.5551967805    2319.38    9.81944
     6276.1968753644    2281.50    9.72805
     6276.8386195603    2328.92    9.83224
     6277.4804293749    2387.30    9.94972
     6278.1223048148    2445.15   10.08646
     6278.7642458868    2468.23   10.09029
     6279.4062525976    2364.48    9.90652
     6280.0483249539    2307.34    9.80999
     6280.6904629624    2319.86    9.83501
     6281.3326666298    2429.08   10.05026
     6281.9749359629    2496.80   10.18840
     6282.6172709683    2551.38   10.29043
     6283.2596716528    2592.86   10.34180
     6283.9021380231    2527.50   10.23124
     6284.5446700859    2419.25   10.05058
     6285.1872678479    2442.61   10.10480
     6285.8299313158    2566.83   10.31723
     6286.4726604964    2654.33   10.47605
     6287.1154553963    2673.88   10.51929
     6287.7583160224    2688.65   10.55159
     6288.4012423812    2687.44   10.53921
     6289.0442344796    2609.07   10.41200
     6289.6872923243    2587.72   10.35729
     6290.3304159219    2581.77   10.35979
     6290.9736052792    2570.86   10.31127
     6291.6168604030    2478.25   10.12445
     6292.2601812999    2370.70    9.96427
     6292.9035679767    2445.92   10.09577
     6293.5470204400    2573.87   10.30751
     6294.1905386968    2543.85   10.25896
     6294.8341227535    2482.07   10.13231
     6295.4777726171    2398.66   10.00473
     6296.1214882941    2350.72    9.92183
     6296.7652697915    2377.22    9.96423
     6297.4091171157    2458.01   10.09361
     6298.0530302737    2528.74   10.22902
     6298.6970092721    2608.09   10.37689
     6299.3410541177    2631.81   10.43030
     6299.9851648172    2600.31   10.35621
     6300.6293413773    2440.97    10.9399
     6301.2735838048    2310.56   10.34329
     6301.9178921064    2376.65   10.08984
     6302.5622662888    2510.99   10.25030
     6303.2067063588    2592.75   10.33213
     6303.8512123231    2653.81   10.40310
     6304.4957841885    2494.09   10.13777
     6305.1404219617    2338.55    9.91376
     6305.7851256493    2445.58   10.04943
     6306.4298952583    2630.67   10.40119
     6307.0747307952    2757.55    10.6266
     6307.7196322669    2741.53    10.6287
     6308.3645996801    2736.38    10.6023
     6309.0096330416    2690.85   10.51919
     6309.6547323580    2639.39   10.45060
     6310.2998976361    2639.81   10.40911
     6310.9451288827    2609.43   10.38364
     6311.5904261045    2623.72   10.39188
     6312.2357893082    2626.10   10.38930
     6312.8812185007    2684.88   10.47150
     6313.5267136886    2662.26   10.43561
     6314.1722748787    2574.45   10.31137
     6314.8179020778    2612.58   10.35871
     6315.4635952925    2662.27   10.45430
     6316.1093545297    2675.36   10.44680
     6316.7551797961    2581.97   10.28703
     6317.4010710984    2460.35   10.09470
     6318.0470284435    2479.64   10.11480
     6318.6930518380    2600.71   10.33815
     6319.3391412887    2766.26    10.6030
     6319.9852968023    2802.92    10.6858
     6320.6315183857    2755.98    10.6370
     6321.2778060456    2695.92   10.50780
     6321.9241597887    2629.19   10.39400
     6322.5705796217    2639.46   10.42753
     6323.2170655516    2731.40    10.5846
     6323.8636175849    2812.24    10.6939
     6324.5102357284    2731.22    10.5994
     6325.1569199890    2682.81   10.52684
     6325.8036703734    2721.41   10.53192
     6326.4504868883    2676.12   10.48769
     6327.0973695406    2725.45   10.55514
     6327.7443183369    2781.34    10.6483
     6328.3913332840    2798.77    10.6625
     6329.0384143887    2709.55    11.4144
     6329.6855616578    2640.37    11.0447
     6330.3327750980    2705.27   10.54097
     6330.9800547161    2807.66    10.7151
     6331.6274005188    2860.41    10.8077
     6332.2748125130    2893.84    10.8641
     6332.9222907054    2906.47    10.8776
     6333.5698351027    2837.62    10.7276
     6334.2174457118    2655.36   10.38755
     6334.8651225393    2499.73   10.08294
     6335.5128655922    2457.76    9.98876
     6336.1606748770    2503.96   10.31364
     6336.8085504007    2612.22   10.43359
     6337.4564921700    2730.80   10.48977
     6338.1045001916    2734.73   10.51201
     6338.7525744724    2755.33   10.57410
     6339.4007150191    2821.48    10.6930
     6340.0489218385    2874.57    10.7802
     6340.6971949373    2866.42    10.7601
     6341.3455343224    2809.48    10.6849
     6341.9939400005    2761.70    10.5830
     6342.6424119784    2711.48   10.49365
     6343.2909502629    2659.10   10.38287
     6343.9395548607    2607.43   10.33576
     6344.5882257787    2690.72   10.46068
     6345.2369630236    2766.75    10.5907
     6345.8857666022    2828.61    10.7101
     6346.5346365212    2874.02    10.7874
     6347.1835727876    2886.10    10.8305
     6347.8325754080    2900.00    10.8584
     6348.4816443892    2876.23    10.8164
     6349.1307797380    2840.92    10.7625
     6349.7799814613    2897.86    10.8545
     6350.4292495657    2941.60    10.9217
     6351.0785840582    2913.90    10.8787
     6351.7279849453    2884.81    10.8299
     6352.3774522341    2838.04    10.7661
     6353.0269859312    2841.24    10.7394
     6353.6765860434    2769.10    10.6187
     6354.3262525776    2699.53   10.51113
     6354.9759855405    2751.78    10.5937
     6355.6257849389    2819.41    10.6977
     6356.2756507796    2787.38    10.6451
     6356.9255830694    2731.43   10.51985
     6357.5755818151    2655.20   10.39586
     6358.2256470235    2597.47   10.30670
     6358.8757787013    2630.44   10.35362
     6359.5259768555    2660.07   10.40398
     6360.1762414927    2673.55   10.41839
     6360.8265726198    2629.31   10.33261
     6361.4769702436    2564.70   10.20730
     6362.1274343709    2500.67   10.08981
     6362.7779650084    2529.20   10.16375
     6363.4285621630    2663.12   10.40989
     6364.0792258415    2714.13   10.51443
     6364.7299560506    2739.58   10.55043
     6365.3807527973    2747.97   10.57162
     6366.0316160882    2733.58   10.53735
     6366.6825459302    2739.71   10.54527
     6367.3335423302    2764.10    10.6026
     6367.9846052948    2760.36    10.5861
     6368.6357348309    2735.61   10.53250
     6369.2869309453    2776.95    10.6329
     6369.9381936449    2747.26   10.55910
     6370.5895229364    2797.28    10.6459
     6371.2409188266    2838.95    10.7234
     6371.8923813223    2817.12    10.6824
     6372.5439104305    2807.15    10.6686
     6373.1955061578    2759.53    10.5854
     6373.8471685111    2750.06    10.8058
     6374.4988974971    2776.11    10.6321
     6375.1506931228    2767.88    10.6079
     6375.8025553949    2729.02   10.54227
     6376.4544843202    2750.13   10.55885
     6377.1064799056    2728.10   10.50371
     6377.7585421579    2651.03   10.35848
     6378.4106710838    2559.77   10.45972
     6379.0628666903    2519.19   10.12213
     6379.7151289840    2464.59   10.00015
     6380.3674579719    2376.91    9.80573
     6381.0198536608    2282.50    9.63858
     6381.6723160574    2402.43    9.88091
     6382.3248451686    2631.07   10.31544
     6382.9774410013    2744.62   10.52311
     6383.6301035622    2695.46   10.45470
     6384.2828328581    2669.58   10.38969
     6384.9356288960    2648.40   10.35139
     6385.5884916825    2641.41   10.32011
     6386.2414212246    2586.56   10.21618
     6386.8944175291    2528.70   10.09558
     6387.5474806028    2461.39    9.98329
     6388.2006104524    2390.62    9.86992
     6388.8538070850    2551.02   10.15267
     6389.5070705072    2688.56   10.42784
     6390.1604007259    2758.88    10.5837
     6390.8137977479    2742.23    10.5830
     6391.4672615801    2696.07   10.41507
     6392.1207922293    2505.21   10.41057
     6392.7743897023    2336.81    10.8303
     6393.4280540060    2439.19    9.94560
     6394.0817851472    2651.54   10.32236
     6394.7355831327    2767.25   10.55565
     6395.3894479693    2813.93    10.6536
     6396.0433796640    2860.89    10.7273
     6396.6973782235    2851.80    10.7165
     6397.3514436547    2811.11    10.6595
     6398.0055759644    2808.53    10.6136
     6398.6597751594    2666.34   10.32646
     6399.3140412466    2397.54    9.92052
     6399.9683742329    2435.32    9.94637
     6400.6227741250    2650.35   10.30756
     6401.2772409298    2796.02    10.5789
     6401.9317746542    2883.41    10.7481
     6402.5863753050    2906.29    10.8185
     6403.2410428890    2952.43    10.8740
     6403.8957774131    2932.66    10.8573
     6404.5505788841    2856.27    10.7432
     6405.2054473088    2847.21    10.7240
     6405.8603826942    2903.21    10.7846
     6406.5153850471    2886.68    10.7337
     6407.1704543743    2769.88   10.56458
     6407.8255906826    2742.40   10.53151
     6408.4807939789    2880.49    10.7427
     6409.1360642701    2997.62    10.9334
     6409.7914015630    2948.34    10.8368
     6410.4468058645    2753.88   10.52909
     6411.1022771813    2654.69   10.37635
     6411.7578155205    2734.57   10.47624
     6412.4134208887    2813.36    10.6070
     6413.0690932929    2841.83    10.6759
     6413.7248327400    2883.53    10.7500
     6414.3806392367    2950.34    10.8536
     6415.0365127899    2969.63    10.9048
     6415.6924534066    3007.19    10.9551
     6416.3484610935    2951.63    10.8551
     6417.0045358575    2897.24    10.7765
     6417.6606777054    2885.60    10.7407
     6418.3168866442    2876.45    10.7083
     6418.9731626807    2838.59    10.6602
     6419.6295058217    2793.14   10.56011
     6420.2859160741    2674.74   10.34729
     6420.9423934448    2658.08   10.35517
     6421.5989379406    2830.18    10.8262
     6422.2555495685    2988.56    10.9416
     6422.9122283351    3038.24    11.0174
     6423.5689742476    2980.91    10.9210
     6424.2257873125    2968.42    10.8686
     6424.8826675370    2989.25    10.9280
     6425.5396149278    3035.96    11.0006
     6426.1966294917    3025.71    10.9779
     6426.8537112358    3023.91    10.9924
     6427.5108601667    2960.61    10.8599
     6428.1680762915    2915.55    10.7697
     6428.8253596169    2970.32    10.8639
     6429.4827101499    2867.03    10.7104
     6430.1401278972    2709.50    10.7588
     6430.7976128659    2728.40   10.43953
     6431.4551650627    2869.24    10.6676
     6432.1127844946    2918.93    10.7796
     6432.7704711683    2938.52    10.8075
     6433.4282250909    2961.65    10.8327
     6434.0860462691    2953.59    10.8374
     6434.7439347098    2988.95    10.8916
     6435.4018904200    3020.02    10.9496
     6436.0599134065    2978.67    10.8790
     6436.7180036761    2924.51    10.8781
     6437.3761612358    2691.91    10.5983
     6438.0343860924    2230.33    9.52192
     6438.6926782528    2069.31    9.62800
     6439.3510377239    2425.85   10.39712
     6440.0094645126    2792.30   10.46527
     6440.6679586257    2928.57    10.7355
     6441.3265200702    2956.64    10.8103
     6441.9851488530    3020.49    10.9204
     6442.6438449808    3086.62    11.3135
     6443.3026084607    3099.99    11.3271
     6443.9614392994    3093.15    11.0417
     6444.6203375039    3083.82    11.0341
     6445.2793030811    3109.21    11.0782
     6445.9383360378    3120.26    11.0919
     6446.5974363809    3088.78    11.0169
     6447.2566041174    3009.47    10.8825
     6447.9158392542    2887.52    10.6455
     6448.5751417980    2589.98   10.12541
     6449.2345117558    2363.23    9.77879
     6449.8939491346    2529.30   10.03333
     6450.5534539411    2835.41   10.54508
     6451.2130261823    2970.93    10.8331
     6451.8726658651    3007.85    10.9028
     6452.5323729964    3089.01    11.0172
     6453.1921475831    3140.97    11.1099
     6453.8519896320    3108.38    11.0488
     6454.5118991501    2939.18    10.7605
     6455.1718761443    2862.21    10.6238
     6455.8319206214    2978.68    10.8398
     6456.4920325885    3092.48    11.0161
     6457.1522120523    3134.38    11.1088
     6457.8124590197    3135.21    11.1041
     6458.4727734978    3120.88    11.0807
     6459.1331554933    3111.48    11.0676
     6459.7936050132    3051.94    10.9609
     6460.4541220644    2978.79    10.7882
     6461.1147066537    2622.68   10.27061
     6461.7753587882    2120.46   10.02434
     6462.4360784747    2217.46    9.83675
     6463.0968657200    2600.99   10.22825
     6463.7577205313    2825.12   10.54854
     6464.4186429152    2940.68    10.7593
     6465.0796328787    3075.87    10.9750
     6465.7406904289    3131.37    11.0951
     6466.4018155724    3122.24    11.0836
     6467.0630083164    3131.42    11.0939
     6467.7242686676    3147.60    11.0978
     6468.3855966330    3099.17    11.0341
     6469.0469922195    3101.55    11.0424
     6469.7084554341    3137.97    11.0446
     6470.3699862836    2931.60    10.7362
     6471.0315847749    2698.36   10.39469
     6471.6932509150    2818.20   10.54849
     6472.3549847108    3060.17    10.9177
     6473.0167861692    3127.60    11.0402
     6473.6786552971    3077.21    10.9751
     6474.3405921014    3046.50    10.8955
     6475.0025965892    3005.46    10.8744
     6475.6646687672    3111.90    11.0301
     6476.3268086424    3167.76    11.1091
     6476.9890162217    3162.23    11.1360
     6477.6512915121    3170.47    11.1176
     6478.3136345204    3100.88    11.7945
     6478.9760452537    3125.03    11.2401
     6479.6385237187    3157.80    11.1053
     6480.3010699225    3132.82    11.0801
     6480.9636838720    3010.08    10.8603
     6481.6263655741    2980.48    10.8075
     6482.2891150357    2963.14    10.7558
     6482.9519322638    2977.27    10.7577
     6483.6148172652    3050.68    10.9162
     6484.2777700470    3102.35    10.9998
     6484.9407906160    3089.04    10.9770
     6485.6038789792    3115.26    11.0210
     6486.2670351435    3143.77    11.0819
     6486.9302591159    3097.03    11.0050
     6487.5935509032    3102.63    10.9880
     6488.2569105124    3112.53    11.0111
     6488.9203379505    3134.90    11.0549
     6489.5838332243    3125.17    11.0503
     6490.2473963409    3131.73    11.0391
     6490.9110273071    3101.44    11.0105
     6491.5747261299    3056.41    10.8708
     6492.2384928163    2811.62    11.1917
     6492.9023273731    2403.34    10.8764
     6493.5662298073    2234.73    9.63008
     6494.2302001259    2233.29    9.67585
     6494.8942383357    2472.30    9.81864
     6495.5583444438    2668.43   10.15545
     6496.2225184570    2672.99   10.24898
     6496.8867603824    2800.12   10.45381
     6497.5510702269    2908.38    10.5996
     6498.2154479973    2738.54   10.43346
     6498.8798937007    2549.14   10.11722
     6499.5444073440    2721.38   10.33722
     6500.2089889341    2922.58    10.6636
     6500.8736384781    3045.67    10.8934
     6501.5383559827    3110.49    11.0055
     6502.2031414551    3157.05    11.0860
     6502.8679949021    3139.42    11.0640
     6503.5329163307    3071.76    10.9489
     6504.1979057478    3077.40    10.9465
     6504.8629631604    3126.71    11.0266
     6505.5280885755    3175.99    11.1207
     6506.1932819999    3222.30    11.1850
     6506.8585434408    3166.03    11.1224
     6507.5238729049    3046.52    10.9180
     6508.1892703993    3004.69    10.8165
     6508.8547359309    3109.14    10.9976
     6509.5202695067    3198.25    11.1553
     6510.1858711336    3232.10    11.2126
     6510.8515408186    3201.02    11.1706
     6511.5172785686    3178.80    11.1085
     6512.1830843907    3119.29    11.0246
     6512.8489582917    3122.56    10.9998
     6513.5149002787    3138.08    11.0290
     6514.1809103586    3124.84    11.0110
     6514.8469885383    3141.56    11.0330
     6515.5131348248    3151.39    11.0545
     6516.1793492251    3144.89    11.0386
     6516.8456317462    3140.91    11.0260
     6517.5119823950    3115.86    10.9887
     6518.1784011784    3076.87    10.9387
     6518.8448881035    3123.45    10.9923
     6519.5114431773    3194.21    11.1343
     6520.1780664066    3255.11    11.2386
     6520.8447577984    3220.55    11.1805
     6521.5115173598    3200.68    11.1430
     6522.1783450977    3181.82    11.1020
     6522.8452410190    3176.87    11.1050
     6523.5122051307    3193.13    11.1313
     6524.1792374399    3225.67    11.1846
     6524.8463379534    3219.25    11.1749
     6525.5135066784    3221.86    11.1894
     6526.1807436216    3200.27    11.1257
     6526.8480487901    3228.74    11.1810
     6527.5154221909    3252.37    11.2260
     6528.1828638310    3276.20    11.2597
     6528.8503737173    3240.66    11.2119
     6529.5179518568    3231.52    11.1688
     6530.1855982565    3176.26    11.0984
     6530.8533129234    3124.14    11.0198
     6531.5210958644    3146.78    11.0374
     6532.1889470865    3201.91    11.1274
     6532.8568665968    3228.42    11.5345
     6533.5248544022    3218.54    11.6068
     6534.1929105096    3225.92    11.2328
     6534.8610349261    3267.29    11.6366
     6535.5292276587    3315.91    11.5773
     6536.1974887143    3309.51    11.2891
     6536.8658180999    3230.90    11.2055
     6537.5342158225    3247.44    11.2252
     6538.2026818891    3273.83    11.2536
     6538.8712163067    3294.57    11.2805
     6539.5398190823    3358.28    11.3971
     6540.2084902228    3343.59    11.3614
     6540.8772297352    3294.98    11.2753
     6541.5460376267    3309.50    12.0467
     6542.2149139040    3241.76    11.2286
     6542.8838585743    3183.18    11.1153
     6543.5528716445    3187.41    11.0947
     6544.2219531216    3272.90    11.2379
     6544.8911030126    3113.91    10.9845
     6545.5603213245    2888.65    10.6260
     6546.2296080643    2985.70    10.7370
     6546.8989632390    3120.80    10.9823
     6547.5683868556    3171.74    11.0689
     6548.2378789211    3225.12    11.1384
     6548.9074394425    3246.63    11.1825
     6549.5770684268    3258.34    11.2041
     6550.2467658810    3234.32    11.1641
     6550.9165318120    3182.21    11.0879
     6551.5863662270    3187.67    11.0913
     6552.2562691328    3213.47    11.5715
     6552.9262405366    3180.35    12.2354
     6553.5962804452    3053.07    11.3874
     6554.2663888658    3097.60    11.6215
     6554.9365658053    3048.66    11.0764
     6555.6068112707    2997.55    10.7866
     6556.2771252690    3079.77    10.9146
     6556.9475078072    3183.74    11.0704
     6557.6179588924    3234.67    11.1631
     6558.2884785316    3253.29    11.2004
     6558.9590667317    3251.98    11.1946
     6559.6297234997    3264.67    11.2131
     6560.3004488428    3279.54    11.1973
     6560.9712427679    3195.96    11.1207
     6561.6421052819    2664.19    10.7410
     6562.3130363920    2358.74   10.01292
     6562.9840361051    2711.78    11.1853
     6563.6551044283    3059.31    10.8057
     6564.3262413685    3215.64    11.0794
     6564.9974469328    3200.55    11.1530
     6565.6687211282    3206.89    11.1625
     6566.3400639617    3202.13    11.1089
     6567.0114754404    3275.77    11.7307
     6567.6829555712    3231.14    11.5534
     6568.3545043611    3106.58    10.9686
     6569.0261218173    3103.49    10.9575
     6569.6978079467    3179.97    11.0325
     6570.3695627563    3197.98    11.1368
     6571.0413862532    3205.66    11.0929
     6571.7132784443    2935.39    11.2948
     6572.3852393368    2826.32   10.57266
     6573.0572689376    2956.44    12.0266
     6573.7293672537    3006.68    10.8316
     6574.4015342922    3028.30    11.6411
     6575.0737700601    3113.06    10.9522
     6575.7460745645    3214.04    11.1206
     6576.4184478123    3261.82    11.2094
     6577.0908898106    3215.55    11.1187
     6577.7634005665    3212.12    11.1068
     6578.4359800869    3192.98    11.0867
     6579.1086283789    3194.82    11.0771
     6579.7813454495    3138.09    10.9791
     6580.4541313057    3086.69    10.9191
     6581.1269859546    3183.04    11.5089
     6581.7999094033    3248.36    11.5752
     6582.4729016587    3259.01    11.1907
     6583.1459627279    3282.68    11.1966
     6583.8190926179    3258.94    11.2019
     6584.4922913357    3278.32    11.6725
     6585.1655588885    3233.79    11.2984
     6585.8388952832    3194.25    11.0909
     6586.5123005269    3227.85    11.1179
     6587.1857746266    3269.94    11.2065
     6587.8593175893    3274.33    11.2122
     6588.5329294221    3268.25    11.1807
     6589.2066101321    3254.42    11.1713
     6589.8803597263    3282.00    11.2073
     6590.5541782117    3251.51    11.1399
     6591.2280655953    3143.58    10.9627
     6591.9020218843    2912.19    10.6139
     6592.5760470856    2781.49    10.6325
     6593.2501412064    2831.39    10.7872
     6593.9243042536    2976.84    10.6866
     6594.5985362343    3133.45    10.9346
     6595.2728371555    3221.68    11.1000
     6595.9472070243    3266.26    11.1576
     6596.6216458478    3203.97    11.0697
     6597.2961536330    3197.54    11.0295
     6597.9707303870    3109.30    10.9034
     6598.6453761167    3083.31    10.8844
     6599.3200908293    3180.33    11.0179
     6599.9948745318    3253.95    11.1389
     6600.6697272313    3271.88    11.1728
     6601.3446489347    3248.45    11.1412
     6602.0196396493    3255.20    11.1532
     6602.6946993820    3269.82    11.1571
     6603.3698281399    3286.24    11.1941
     6604.0450259300    3197.32    11.0277
     6604.7202927594    3124.83    10.9062
     6605.3956286352    3087.56    10.8706
     6606.0710335644    3146.06    11.2161
     6606.7465075541    3153.73    11.4675
     6607.4220506114    3151.19    10.9559
     6608.0976627432    3077.57    10.8373
     6608.7733439567    3010.87    10.7669
     6609.4490942590    3136.30    10.9330
     6610.1249136570    3241.60    11.0980
     6610.8008021579    3279.99    11.1628
     6611.4767597688    3250.22    11.1265
     6612.1527864966    3240.31    11.1064
     6612.8288823485    3190.10    11.0350
     6613.5050473316    3210.61    11.0674
     6614.1812814528    3225.68    11.0785
     6614.8575847193    3238.73    11.0894
     6615.5339571381    3233.03    11.0963
     6616.2103987164    3224.46    11.0699
     6616.8869094611    3200.56    11.0329
     6617.5634893794    3222.03    11.0837
     6618.2401384783    3229.94    11.1119
     6618.9168567650    3236.52    11.0953
     6619.5936442464    3238.22    11.0971
     6620.2705009296    3215.10    11.0720
     6620.9474268218    3223.92    11.0931
     6621.6244219299    3244.68    11.1160
     6622.3014862612    3201.88    11.0673
     6622.9786198226    3224.17    11.0746
     6623.6558226213    3150.84    10.9591
     6624.3330946642    3032.68    10.7954
     6625.0104359586    3086.28    10.8462
     6625.6878465114    3110.47    10.8781
     6626.3653263298    3172.76    11.0032
     6627.0428754209    3164.84    10.9821
     6627.7204937916    3183.97    10.9978
     6628.3981814492    3155.78    10.9555
     6629.0759384007    3096.28    10.8762
     6629.7537646531    3133.12    10.9296
     6630.4316602137    3176.78    11.0047
     6631.1096250893    3180.02    10.9923
     6631.7876592872    3163.59    10.9693
     6632.4657628145    3143.65    10.9218
     6633.1439356781    3085.39    10.8481
     6633.8221778853    3117.75    10.8764
     6634.5004894430    3141.85    10.9279
     6635.1788703585    3196.89    10.9918
     6635.8573206387    3166.80    11.5990
     6636.5358402908    3164.37    11.1319
     6637.2144293219    3157.99    10.9492
     6637.8930877390    3199.26    11.0315
     6638.5718155493    3208.69    11.0421
     6639.2506127598    3175.97    10.9755
     6639.9294793777    3192.30    11.0073
     6640.6084154100    3206.08    11.0393
     6641.2874208639    3242.89    11.0798
     6641.9664957463    3192.52    10.9715
     6642.6456400646    3046.08    10.7727
     6643.3248538257    3018.98    10.7316
     6644.0041370367    3111.73    10.8618
     6644.6834897047    3179.38    10.9780
     6645.3629118369    3199.58    11.4287
     6646.0424034404    3202.23    11.3006
     6646.7219645222    3191.42    11.0382
     6647.4015950894    3190.46    10.9973
     6648.0812951492    3181.59    10.9686
     6648.7610647087    3138.30    10.9216
     6649.4409037749    3150.87    10.9255
     6650.1208123550    3112.62    10.8822
     6650.8007904561    3088.45    10.8377
     6651.4808380853    3093.30    10.8281
     6652.1609552497    3102.25    10.8475
     6652.8411419563    3138.33    10.9114
     6653.5213982125    3119.26    11.1038
     6654.2017240251    3131.49    11.3394
     6654.8821194014    3122.79    10.8841
     6655.5625843485    3133.59    10.8887
     6656.2431188734    3123.34    10.8696
     6656.9237229834    3103.54    10.8618
     6657.6043966854    3137.39    10.9046
     6658.2851399866    3138.83    10.9009
     6658.9659528942    3120.15    10.8737
     6659.6468354152    3083.18    10.7817
     6660.3277875568    3043.65    10.7484
     6661.0088093261    3083.95    10.8007
     6661.6899007302    3077.12    10.7954
     6662.3710617763    2960.01    10.6078
     6663.0522924713    2930.99   10.54966
     6663.7335928226    3040.80    10.7230
     6664.4149628371    3056.32    10.7663
     6665.0964025221    3076.82    10.8029
     6665.7779118846    3085.12    10.8007
     6666.4594909318    3095.68    11.1579
     6667.1411396707    3120.64    11.1580
     6667.8228581086    3128.22    10.8761
     6668.5046462525    3127.98    10.8822
     6669.1865041096    3147.49    10.8963
     6669.8684316870    3168.98    10.9280
     6670.5504289918    3192.71    11.0009
     6671.2324960312    3211.71    10.9989
     6671.9146328122    3171.04    10.9292
     6672.5968393421    3154.79    10.9116
     6673.2791156279    3134.01    10.8956
     6673.9614616768    3150.40    10.9061
     6674.6438774960    3118.24    10.8614
     6675.3263630925    3116.05    10.8770
     6676.0089184734    3147.94    10.8643
     6676.6915436460    2923.15    10.7984
     6677.3742386174    2699.06   10.48604
     6678.0570033946    2831.45    10.5958
     6678.7398379849    2978.92    10.7356
     6679.4227423953    3052.11    10.7061
     6680.1057166330    3004.36    10.6641
     6680.7887607053    2974.65    10.6112
     6681.4718746190    2970.91    10.6052
     6682.1550583816    3006.33    10.6577
     6682.8383120000    3016.43    10.6787
     6683.5216354814    3022.12    10.6689
     6684.2050288329    3063.95    10.7410
     6684.8884920618    3054.86    10.7383
     6685.5720251751    3022.28    10.8243
     6686.2556281801    3043.85    10.9163
     6686.9393010837    3045.99    10.7484
     6687.6230438933    3090.08    10.7904
     6688.3068566158    3045.55    10.7518
     6688.9907392586    3056.28    10.7165
     6689.6746918287    2974.93    10.6013
     6690.3587143333    2995.06    10.6731
     6691.0428067795    3004.74    10.6544
     6691.7269691745    3036.70    11.2312
     6692.4112015255    3056.78    10.7257
     6693.0955038395    3032.83    10.6885
     6693.7798761238    2985.92    10.6091
     6694.4643183855    3011.35    10.6418
     6695.1488306317    2936.69   10.54836
     6695.8334128697    2955.09   10.57492
     6696.5180651065    3014.42    10.6717
     6697.2027873494    3025.74    10.6876
     6697.8875796054    2998.09    10.6424
     6698.5724418818    3002.04    10.6665
     6699.2573741856    3068.63    10.7494
     6699.9423765242    3060.86    10.7450
     6700.6274489045    3081.18    10.7631
     6701.3125913339    3081.65    10.7905
     6701.9978038194    3058.33    10.7174
     6702.6830863682    2987.48    10.6079
     6703.3684389875    3037.95    10.6903
     6704.0538616844    3060.43    10.7458
     6704.7393544661    3069.90    10.7525
     6705.4249173398    3058.93    10.8762
     6706.1105503127    3039.78    10.8955
     6706.7962533918    3034.65    10.7013
     6707.4820265844    3065.55    10.7378
     6708.1678698977    3072.97    10.7634
     6708.8537833388    3073.00    10.7444
     6709.5397669148    3047.51    10.7216
     6710.2258206330    3036.54    10.7182
     6710.9119445006    2972.92    10.5929
     6711.5981385246    2990.40    10.6268
     6712.2844027123    3025.29    10.6712
     6712.9707370709    3011.78    10.6147
     6713.6571416075    2925.96   10.49282
     6714.3436163293    2877.24   10.42002
     6715.0301612435    2863.85   10.40060
     6715.7167763572    2867.47   10.32755
     6716.4034616776    2584.53   10.04995
     6717.0902172120    2389.65    9.70684
     6717.7770429674    2595.69    11.0630
     6718.4639389512    2806.80    10.6160
     6719.1509051703    2840.78   10.34694
     6719.8379416321    2893.77   10.45676
     6720.5250483437    2917.01   10.48628
     6721.2122253123    2896.30   10.44277
     6721.8994725451    2925.37   10.48724
     6722.5867900493    2927.09   10.49441
     6723.2741778320    2889.20   10.44119
     6723.9616359004    2904.50   10.45602
     6724.6491642618    2917.21   10.46642
     6725.3367629233    2898.58   10.44323
     6726.0244318920    2884.81   10.42362
     6726.7121711753    2922.08   10.47720
     6727.3999807802    2956.14   10.52988
     6728.0878607141    2947.60   10.53628
     6728.7758109839    2998.55    10.6207
     6729.4638315970    2955.01   10.56516
     6730.1519225606    2936.16   10.51678
     6730.8400838818    2912.69   10.48550
     6731.5283155678    2911.09   10.46479
     6732.2166176259    2879.96   10.43447
     6732.9049900632    2915.07   10.47630
     6733.5934328869    2960.15   10.51786
     6734.2819461042    2925.09   10.48397
     6734.9705297223    2930.79   10.47274
     6735.6591837484    2923.55   10.47947
     6736.3479081898    2951.55   10.52551
     6737.0367030535    2958.32   10.54671
     6737.7255683469    2980.55    10.5911
     6738.4145040771    2923.15   10.49088
     6739.1035102513    2917.87   10.48057
     6739.7925868767    2984.08    10.6697
     6740.4817339605    2993.95    10.7968
     6741.1709515100    2944.71   10.49863
     6741.8602395323    2855.71   10.37688
     6742.5495980346    2797.00   10.30896
     6743.2390270242    2879.71   10.39973
     6743.9285265082    2915.04   10.46065
     6744.6180964939    2920.32   10.48719
     6745.3077369884    2883.72   10.43507
     6745.9974479991    2847.29   10.34430
     6746.6872295330    2848.01   10.37938
     6747.3770815974    2852.46   10.35691
     6748.0670041995    2851.23   10.35254
     6748.7569973465    2762.58   10.20932
     6749.4470610457    2706.02   10.11574
     6750.1371953043    2811.91   10.26432
     6750.8274001294    2836.47   10.34962
     6751.5176755282    2826.83   10.45288
     6752.2080215081    2805.84   10.37773
     6752.8984380762    2890.22   10.40057
     6753.5889252397    2899.01   10.45925
     6754.2794830059    2889.10   10.43453
     6754.9701113819    2823.33   10.29599
     6755.6608103751    2847.76   10.36795
     6756.3515799925    2928.41   10.54188
     6757.0424202415    2990.55    10.5934
     6757.7333311292    3006.76    10.6955
     6758.4243126629    2921.77    10.6234
     6759.1153648498    2859.73   10.39129
     6759.8064876971    2830.99   10.33514
     6760.4976812121    2893.20   10.40929
     6761.1889454019    2933.93   10.47600
     6761.8802802738    2982.97    10.5808
     6762.5716858351    2990.40    10.5942
     6763.2631620929    2849.15   10.33540
     6763.9547090546    2759.25   10.18761
     6764.6463267272    2854.50   10.35336
     6765.3380151181    2945.96   10.50339
     6766.0297742344    2953.84   10.52028
     6766.7216040835    2886.69   10.41475
     6767.4135046725    2744.68   10.17443
     6768.1054760086    2656.16   10.01885
     6768.7975180992    2729.00   10.14425
     6769.4896309514    2892.30   10.41424
     6770.1818145725    3001.04    10.6053
     6770.8740689697    2963.59   10.53136
     6771.5663941503    2872.28   10.39649
     6772.2587901214    2779.10   10.43223
     6772.9512568904    2776.95   10.23625
     6773.6437944645    2897.90   10.43250
     6774.3364028508    3011.56    10.5968
     6775.0290820567    2998.98    10.6063
     6775.7218320894    2969.62   10.56228
     6776.4146529561    2894.73   10.42952
     6777.1075446640    2834.98   10.32826
     6777.8005072205    2849.03   10.34107
     6778.4935406328    2919.12   10.46038
     6779.1866449080    2938.22   10.49892
     6779.8798200536    2936.85   10.48106
     6780.5730660766    2864.63   10.37701
     6781.2663829843    2781.13   10.22129
     6781.9597707840    2754.88   10.15935
     6782.6532294830    2709.90   10.11454
     6783.3467590885    2747.04   10.16075
     6784.0403596077    2770.03   10.19140
     6784.7340310479    2741.14   10.14984
     6785.4277734164    2747.48   10.16508
     6786.1215867203    2777.96   10.20947
     6786.8154709670    2775.79   10.20176
     6787.5094261637    2766.35   10.19071
     6788.2034523177    2828.89   10.29150
     6788.8975494362    2777.41   10.23582
     6789.5917175264    2783.35   10.23466
     6790.2859565957    2830.46   10.30949
     6790.9802666512    2803.28   10.26751
     6791.6746477003    2803.55   10.23540
     6792.3690997502    2779.82   10.21627
     6793.0636228081    2746.94   10.18501
     6793.7582168814    2758.56   10.20437
     6794.4528819773    2840.67   10.33558
     6795.1476181030    2780.96   10.19816
     6795.8424252658    2721.56   10.11915
     6796.5373034730    2735.92   10.11874
     6797.2322527318    2715.88   10.10260
     6797.9272730495    2697.35   10.09052
     6798.6223644334    2795.76   10.25070
     6799.3175268907    2888.80   10.37763
     6800.0127604288    2832.79   10.31602
     6800.7080650548    2848.19   10.36767
     6801.4034407760    2853.07   10.34393
     6802.0988875997    2794.52   10.26270
     6802.7944055332    2816.38   10.29456
     6803.4899945838    2858.40   10.33860
     6804.1856547587    2815.15   10.28260
     6804.8813860652    2777.47   10.20843
     6805.5771885105    2752.32   10.14344
     6806.2730621020    2672.88   10.03297
     6806.9690068469    2695.07   10.05462
     6807.6650227525    2744.77   10.16052
     6808.3611098260    2859.06   10.33786
     6809.0572680748    2803.20   10.25738
     6809.7534975061    2709.32   10.08502
     6810.4497981272    2722.15   10.11283
     6811.1461699454    2767.81   10.18577
     6811.8426129680    2767.47   10.22457
     6812.5391272022    2879.76   10.39755
     6813.2357126553    2961.41   10.49653
     6813.9323693346    2832.11   10.29113
     6814.6290972474    2662.72   10.02112
     6815.3258964010    2660.25   10.01139
     6816.0227668026    2714.87   10.10403
     6816.7197084596    2747.17   10.15479
     6817.4167213792    2821.76   10.27555
     6818.1138055687    2759.19   10.18081
     6818.8109610354    2618.63    9.97061
     6819.5081877865    2695.99   10.08860
     6820.2054858295    2845.70   10.30522
     6820.9028551715    2848.93   10.34320
     6821.6002958199    2839.91   10.51855
     6822.2978077819    2727.99   10.19564
     6822.9953910649    2614.57    9.93506
     6823.6930456761    2642.68    9.97554
     6824.3907716228    2854.28   10.33811
     6825.0885689124    2928.09   10.46872
     6825.7864375520    2823.20   10.30462
     6826.4843775491    2703.18   10.09788
     6827.1823889109    2653.69   10.01184
     6827.8804716447    2709.33   10.12042
     6828.5786257577    2845.78   10.32956
     6829.2768512574    2877.92   10.39100
     6829.9751481510    2803.78   10.25800
     6830.6735164457    2715.97   10.10470
     6831.3719561490    2632.19    9.97320
     6832.0704672681    2702.07   10.08159
     6832.7690498103    2777.07   10.21498
     6833.4677037828    2833.04   10.30340
     6834.1664291931    2831.50   10.29962
     6834.8652260484    2742.09   10.14401
     6835.5640943561    2668.75   10.02500
     6836.2630341233    2689.34   10.05365
     6836.9620453575    2746.89   10.15143
     6837.6611280659    2775.88   10.18301
     6838.3602822559    2743.04   10.15244
     6839.0595079347    2721.59   10.09167
     6839.7588051097    2763.90   10.13666
     6840.4581737882    2694.09   10.04393
     6841.1576139775    2690.50   10.03937
     6841.8571256848    2769.31   10.17269
     6842.5567089176    2774.51   10.19492
     6843.2563636831    2768.78   10.20296
     6843.9560899886    2724.28   10.14145
     6844.6558878415    2710.10   10.05147
     6845.3557572491    2678.79   10.03634
     6846.0556982187    2696.72   10.03284
     6846.7557107576    2633.76   10.03080
     6847.4557948730    2695.74   10.12758
     6848.1559505725    2784.75   10.21761
     6848.8561778632    2762.59   10.17554
     6849.5564767525    2661.56   10.02158
     6850.2568472476    2625.35    9.94543
     6850.9572893561    2613.42    9.92276
     6851.6578030850    2678.52   10.00952
     6852.3583884418    2650.41    9.97753
     6853.0590454339    2640.69    9.94734
     6853.7597740684    2677.51    9.99757
     6854.4605743528    2682.18   10.01189
     6855.1614462944    2628.74    9.92576
     6855.8623899004    2575.72    9.82760
     6856.5634051783    2638.02    9.95691
     6857.2644921353    2651.86    9.98871
     6857.9656507789    2641.50    9.94512
     6858.6668811162    2593.89    9.86282
     6859.3681831547    2621.43    9.93689
     6860.0695569016    2634.33    9.92868
     6860.7710023644    2544.42    9.80035
     6861.4725195503    2554.46    9.76881
     6862.1741084667    2552.01    9.78537
     6862.8757691209    2746.31   10.14344
     6863.5775015202    2804.54   10.38261
     6864.2793056720    2790.76    11.3793
     6864.9811815836    2607.78    9.96651
     6865.6831292624    2512.64   10.22791
     6866.3851487157    2565.00    11.1346
     6867.0872399508    2688.17    12.1846
     6867.7894029751    2766.80    12.6548
     6868.4916377959    2739.50    12.4486
     6869.1939444206    2513.16    11.5066
     6869.8963228564    2570.26    11.5261
     6870.5987731108    2556.88    11.3180
     6871.3012951910    2650.95    11.5982
     6872.0038891045    2773.64    11.8754
     6872.7065548586    2782.87    11.5021
     6873.4092924606    2632.84    11.1723
     6874.1121019178    2574.88    10.9046
     6874.8149832377    2547.35    10.7685
     6875.5179364275    2753.14    11.1045
     6876.2209614946    2820.09    11.1721
     6876.9240584464    2802.23    11.2263
     6877.6272272901    2764.12    10.7834
     6878.3304680333    2839.23    12.1446
     6879.0337806831    2792.26    12.6981
     6879.7371652470    2705.20   10.19307
     6880.4406217324    2542.03    9.85368
     6881.1441501465    2557.47    9.78883
     6881.8477504967    2578.60    9.90902
     6882.5514227904    2541.18   10.12007
     6883.2551670349    2577.79   10.16028
     6883.9589832376    2703.84    10.8713
     6884.6628714059    2619.18    11.3537
     6885.3668315471    2520.47   10.51119
     6886.0708636685    2591.69    10.7452
     6886.7749677776    2756.38    10.8728
     6887.4791438817    2875.79    10.9742
     6888.1833919881    2789.07    11.0616
     6888.8877121042    2696.74    10.8765
     6889.5921042375    2704.66   10.53364
     6890.2965683951    2778.93    10.7448
     6891.0011045845    2776.44    11.3974
     6891.7057128132    2827.06    12.1738
     6892.4103930883    2790.81    11.0245
     6893.1151454174    2808.91    10.8819
     6893.8199698077    2864.34    10.6531
     6894.5248662667    2779.71    10.6397
     6895.2298348017    2697.56    10.9033
     6895.9348754200    2757.62    10.9852
     6896.6399881291    2781.05    10.7018
     6897.3451729363    2755.40   10.42667
     6898.0504298490    2752.46   10.32408
     6898.7557588746    2672.64   10.56466
     6899.4611600204    2646.55    10.7463
     6900.1666332938    2603.54   10.44603
     6900.8721787023    2559.48   10.03146
     6901.5777962530    2512.52    9.76284
     6902.2834859535    2673.58   10.20388
     6902.9892478112    2774.11    10.7259
     6903.6950818333    2849.76    11.1888
     6904.4009880273    2849.27    10.9328
     6905.1069664005    2808.34   10.41203
     6905.8130169604    2767.07   10.18237
     6906.5191397143    2894.77   10.46638
     6907.2253346696    3009.97    11.0166
     6907.9316018337    2957.51    11.0654
     6908.6379412139    2887.16    10.7833
     6909.3443528177    2915.88   10.54559
     6910.0508366524    2833.30   10.30452
     6910.7573927254    2765.71   10.19048
     6911.4640210442    2744.11   10.24984
     6912.1707216160    2825.80    10.6203
     6912.8774944483    2865.68    10.7476
     6913.5843395485    2830.18   10.55155
     6914.2912569239    2897.33    10.5966
     6914.9982465820    2787.96   10.14313
     6915.7053085301    2694.17   10.00055
     6916.4124427756    2674.28   10.08036
     6917.1196493260    2689.33   10.23464
     6917.8269281886    2572.22   10.10849
     6918.5342793708    2495.93    9.83212
     6919.2417028800    2550.18    9.79027
     6919.9491987236    2776.09   10.14461
     6920.6567669089    2906.78   10.34397
     6921.3644074435    2911.88   10.46434
     6922.0721203347    2929.30    10.6323
     6922.7799055898    2931.95    10.7118
     6923.4877632164    2878.36    10.5765
     6924.1956932217    2860.66   10.40510
     6924.9036956133    2808.98   10.21655
     6925.6117703984    2937.48   10.46511
     6926.3199175845    3007.05   10.56871
     6927.0281371790    3031.17    10.6480
     6927.7364291893    3030.13    10.7571
     6928.4447936228    3061.82    10.8886
     6929.1532304869    3150.49    11.9619
     6929.8617397890    3075.71    10.8793
     6930.5703215366    3107.16    10.7663
     6931.2789757370    3080.19    10.6945
     6931.9877023976    3050.46    10.6612
     6932.6965015258    3002.93    10.6807
     6933.4053731292    3050.04    10.7041
     6934.1143172150    3030.77    10.6394
     6934.8233337906    3029.15    10.6188
     6935.5324228636    2927.67   10.42204
     6936.2415844413    3018.64    10.6092
     6936.9508185310    3063.59    10.7360
     6937.6601251404    3003.28    10.6852
     6938.3695042766    2984.48    10.7908
     6939.0789559472    3052.93    10.8111
     6939.7884801597    3078.06    10.8285
     6940.4980769213    3137.45    10.9083
     6941.2077462395    3155.58    10.9134
     6941.9174881217    3193.40    11.0375
     6942.6273025754    3159.72    11.2636
     6943.3371896080    3070.14    10.9050
     6944.0471492269    2975.01   10.56809
     6944.7571814395    2907.67  -10.54228
     6945.4672862532  0.   -1.00000
     6946.1774636755  0.   -1.00000
