     5638.4610805046    588.029    2.72093
     5639.0376159040    606.927    2.61930
     5639.6142102544    601.996    2.61835
     5640.1908635619    605.461    2.62073
     5640.7675758325    592.115    2.59801
     5641.3443470722    573.476    2.81227
     5641.9211772870    591.907    2.82821
     5642.4980664830    605.462    2.93301
     5643.0750146661    632.707    3.99839
     5643.6520218426    557.638    4.46490
     5644.2290880182    544.540    3.66547
     5644.8062131992    604.096    2.65780
     5645.3833973916    596.465    2.71827
     5645.9606406012    605.301    2.61750
     5646.5379428343    601.925    2.61770
     5647.1153040968    610.615    2.62830
     5647.6927243948    606.024    2.62594
     5648.2702037343    599.156    2.60998
     5648.8477421214    594.309    2.60247
     5649.4253395620    598.116    2.60793
     5650.0029960622    613.830    2.63768
     5650.5807116281    624.783    2.68911
     5651.1584862657    633.481    2.70751
     5651.7363199811    640.737    2.69897
     5652.3142127802    645.654    2.70696
     5652.8921646691    651.206    2.71306
     5653.4701756539    646.166    2.70406
     5654.0482457406    629.797    2.67630
     5654.6263749353    617.544    2.64011
     5655.2045632439    611.470    2.63367
     5655.7828106726    619.966    2.65378
     5656.3611172274    627.699    2.66262
     5656.9394829143    618.083    2.63588
     5657.5179077394    575.818    2.55172
     5658.0963917087    528.380    2.52738
     5658.6749348282    522.041    2.55882
     5659.2535371041    550.144    2.54198
     5659.8321985423    598.015    2.59284
     5660.4109191490    624.978    2.65374
     5660.9896989301    607.225    2.61962
     5661.5685378918    574.655    3.08230
     5662.1474360400    548.712    2.57230
     5662.7263933808    556.757    2.51861
     5663.3054099203    586.255    2.57423
     5663.8844856645    610.933    2.63007
     5664.4636206195    632.234    2.67317
     5665.0428147913    649.088    2.70438
     5665.6220681860    659.160    2.72341
     5666.2013808097    658.930    2.72356
     5666.7807526683    645.233    2.70107
     5667.3601837680    622.010    2.65579
     5667.9396741149    614.369    2.63482
     5668.5192237148    622.677    2.65678
     5669.0988325741    630.589    2.66885
     5669.6785006986    638.801    2.67183
     5670.2582280944    614.320    2.63275
     5670.8380147677    600.925    2.60949
     5671.4178607245    603.362    2.61453
     5671.9977659707    626.161    2.85056
     5672.5777305126    657.312    3.05206
     5673.1577543561    653.474    2.75918
     5673.7378375074    656.390    2.71488
     5674.3179799724    650.063    2.70550
     5674.8981817573    635.155    2.67504
     5675.4784428681    639.341    2.67765
     5676.0587633109    661.691    2.72690
     5676.6391430917    678.747    2.75356
     5677.2195822166    678.952    2.75733
     5677.8000806918    678.158    2.74805
     5678.3806385231    661.486    2.72049
     5678.9612557169    647.464    2.69984
     5679.5419322789    647.330    2.69822
     5680.1226682155    642.560    2.68597
     5680.7034635326    645.281    2.68511
     5681.2843182363    622.768    2.64780
     5681.8652323327    582.832    2.92582
     5682.4462058278    570.762    2.71810
     5683.0272387277    585.500    2.59157
     5683.6083310386    625.605    2.64993
     5684.1894827664    661.883    2.71707
     5684.7706939173    676.500    2.75026
     5685.3519644972    669.333    2.72972
     5685.9332945124    635.490    2.67010
     5686.5146839689    610.250    2.61233
     5687.0961328727    586.621    2.56362
     5687.6776412300    556.343    2.50887
     5688.2592090468    555.854    2.50846
     5688.8408363291    586.172    2.56898
     5689.4225230832    629.095    2.65120
     5690.0042693150    653.105    2.69477
     5690.5860750306    661.779    2.71843
     5691.1679402361    661.097    2.71759
     5691.7498649377    670.021    2.73664
     5692.3318491413    688.711    2.75973
     5692.9138928531    684.552    2.76352
     5693.4959960792    681.250    2.75265
     5694.0781588256    668.998    2.73137
     5694.6603810984    654.896    2.70110
     5695.2426629037    667.779    2.72525
     5695.8250042477    671.587    2.73265
     5696.4074051363    674.097    2.73203
     5696.9898655757    665.024    2.70622
     5697.5723855719    637.128    2.80084
     5698.1549651311    611.478    2.68251
     5698.7376042594    628.934    2.64140
     5699.3203029628    637.442    2.65529
     5699.9030612474    637.387    2.65833
     5700.4858791194    636.491    2.70622
     5701.0687565847    612.068    2.73693
     5701.6516936496    606.325    2.59659
     5702.2346903200    608.522    2.59945
     5702.8177466022    619.857    2.61958
     5703.4008625021    630.277    2.64575
     5703.9840380259    651.945    2.68802
     5704.5672731797    670.589    2.71858
     5705.1505679696    654.235    2.69120
     5705.7339224017    640.914    2.66280
     5706.3173364820    619.949    2.62677
     5706.9008102168    612.135    2.60777
     5707.4843436119    618.635    2.60992
     5708.0679366737    606.212    2.58669
     5708.6515894081    576.576    2.53439
     5709.2353018214    573.628    2.52228
     5709.8190739195    608.498    2.58884
     5710.4029057085    599.650    2.56886
     5710.9867971947    582.374    2.70042
     5711.5707483841    567.179    2.53465
     5712.1547592827    595.744    2.56942
     5712.7388298967    646.036    2.65948
     5713.3229602323    669.984    2.70982
     5713.9071502955    670.813    2.71120
     5714.4914000923    657.895    2.69607
     5715.0757096291    667.055    2.70028
     5715.6600789117    676.453    2.71922
     5716.2445079464    672.002    2.71270
     5716.8289967392    665.652    2.70948
     5717.4135452964    660.881    2.69513
     5717.9981536238    677.134    2.72823
     5718.5828217278    696.016    2.75904
     5719.1675496144    701.581    2.77289
     5719.7523372897    697.100    2.76287
     5720.3371847598    697.807    2.76247
     5720.9220920308    706.161    2.78107
     5721.5070591089    718.823    2.80135
     5722.0920860002    728.382    2.81099
     5722.6771727108    720.607    2.80333
     5723.2623192467    706.216    2.77750
     5723.8475256142    704.814    2.77584
     5724.4327918193    702.281    2.76513
     5725.0181178682    695.395    2.75120
     5725.6035037669    691.036    2.73639
     5726.1889495217    654.812    2.66741
     5726.7744551385    626.634    2.62362
     5727.3600206236    629.159    2.80996
     5727.9456459831    667.779    2.83752
     5728.5313312230    706.934    2.79197
     5729.1170763495    716.163    2.78844
     5729.7028813688    713.942    2.77198
     5730.2887462869    679.029    2.71921
     5730.8746711099    640.712    2.66130
     5731.4606558441    645.521    2.65000
     5732.0467004955    678.518    2.70994
     5732.6328050703    703.421    2.75731
     5733.2189695745    704.300    2.76017
     5733.8051940143    709.954    2.77452
     5734.3914783959    717.622    2.77589
     5734.9778227253    706.395    2.76143
     5735.5642270088    711.045    2.75699
     5736.1506912523    694.589    2.73695
     5736.7372154621    683.205    2.72078
     5737.3237996443    700.173    2.73842
     5737.9104438051    707.068    2.75664
     5738.4971479504    707.118    2.75476
     5739.0839120866    689.051    2.72306
     5739.6707362197    692.011    2.72127
     5740.2576203558    707.460    2.75666
     5740.8445645011    710.057    2.75635
     5741.4315686617    705.533    2.74924
     5742.0186328439    706.448    2.74094
     5742.6057570536    690.022    2.71592
     5743.1929412970    683.134    2.71685
     5743.7801855803    707.261    2.74570
     5744.3674899096    718.739    2.77192
     5744.9548542911    729.954    2.78968
     5745.5422787309    736.778    2.80304
     5746.1297632351    728.948    2.78751
     5746.7173078099    726.135    2.78388
     5747.3049124614    709.552    2.75199
     5747.8925771958    692.423    2.71687
     5748.4803020192    700.941    2.73852
     5749.0680869377    723.098    2.76960
     5749.6559319576    724.317    2.77193
     5750.2438370848    737.155    2.79476
     5750.8318023257    735.722    2.78988
     5751.4198276863    718.109    2.77164
     5752.0079131728    699.457    2.73134
     5752.5960587912    670.658    2.67565
     5753.1842645479    674.842    2.67220
     5753.7725304489    682.844    2.69261
     5754.3608565004    686.629    2.69606
     5754.9492427085    722.600    2.76021
     5755.5376890794    743.642    2.80752
     5756.1261956192    738.498    2.79500
     5756.7147623341    744.462    2.80252
     5757.3033892302    737.923    2.91919
     5757.8920763137    742.842    2.84962
     5758.4808235908    734.294    2.78210
     5759.0696310675    728.724    2.77253
     5759.6584987501    725.169    2.76016
     5760.2474266447    711.361    2.73892
     5760.8364147575    704.213    2.72032
     5761.4254630946    679.324    2.71569
     5762.0145716622    649.883    2.80472
     5762.6037404664    640.725    2.59392
     5763.1929695134    679.061    2.67138
     5763.7822588094    709.035    2.72198
     5764.3716083605    730.729    2.76876
     5764.9610181728    737.477    2.77122
     5765.5504882526    723.244    2.75495
     5766.1400186061    728.782    2.76419
     5766.7296092392    740.492    2.77603
     5767.3192601583    742.300    2.78474
     5767.9089713695    748.608    2.79471
     5768.4987428790    751.165    2.79517
     5769.0885746929    743.294    2.78512
     5769.6784668174    740.028    2.77371
     5770.2684192586    745.233    2.78853
     5770.8584320228    740.152    2.77660
     5771.4485051161    721.233    2.74265
     5772.0386385446    721.432    2.74427
     5772.6288323145    735.317    2.76430
     5773.2190864321    722.783    2.74259
     5773.8094009034    711.062    2.71529
     5774.3997757346    700.612    2.69770
     5774.9902109320    705.015    2.70477
     5775.5807065017    715.071    2.72073
     5776.1712624498    716.949    2.73138
     5776.7618787826    728.479    2.74551
     5777.3525555062    726.111    2.74501
     5777.9432926267    719.516    2.73084
     5778.5340901504    723.857    2.73362
     5779.1249480835    719.072    2.71785
     5779.7158664320    686.792    2.65999
     5780.3068452023    664.469    2.75450
     5780.8978844004    646.372    2.62227
     5781.4889840326    637.181    2.57493
     5782.0801441050    650.842    2.59361
     5782.6713646238    658.299    2.60790
     5783.2626455952    660.824    2.60815
     5783.8539870253    654.278    2.61108
     5784.4453889204    627.638    2.58742
     5785.0368512866    615.435    2.52622
     5785.6283741302    636.621    2.56172
     5786.2199574573    679.042    2.63475
     5786.8116012740    699.597    2.67940
     5787.4033055866    690.980    2.66339
     5787.9950704012    701.194    2.68647
     5788.5868957242    712.512    2.69742
     5789.1787815615    718.524    2.70520
     5789.7707279194    691.613    2.65233
     5790.3627348042    654.852    2.60376
     5790.9548022219    669.229    2.62273
     5791.5469301788    708.706    2.68591
     5792.1391186811    737.800    2.73944
     5792.7313677350    750.718    2.76460
     5793.3236773466    754.829    2.77432
     5793.9160475222    762.390    2.78735
     5794.5084782679    771.033    2.79717
     5795.1009695899    769.097    2.79951
     5795.6935214945    757.293    2.77338
     5796.2861339878    745.674    2.75235
     5796.8788070760    729.334    2.71894
     5797.4715407653    706.858    2.68735
     5798.0643350619    721.046    2.71304
     5798.6571899720    748.066    2.74856
     5799.2501055019    757.143    2.76785
     5799.8430816576    766.527    2.78091
     5800.4361184455    776.163    2.80003
     5801.0292158716    782.213    2.81656
     5801.6223739422    781.264    2.81549
     5802.2155926636    781.153    2.80974
     5802.8088720418    770.016    2.79273
     5803.4022120832    740.347    2.74538
     5803.9956127938    726.701    2.70545
     5804.5890741800    733.959    2.71793
     5805.1825962479    744.678    2.73604
     5805.7761790037    750.474    2.74980
     5806.3698224537    752.266    2.75353
     5806.9635266039    752.726    2.75249
     5807.5572914608    758.971    2.75639
     5808.1511170303    758.633    2.75407
     5808.7450033188    745.222    2.74210
     5809.3389503325    749.819    2.74364
     5809.9329580775    763.662    2.76536
     5810.5270265602    769.914    2.77450
     5811.1211557866    770.733    2.78295
     5811.7153457630    766.216    2.77231
     5812.3095964957    765.112    2.76627
     5812.9039079907    757.759    2.75809
     5813.4982802544    753.168    2.74772
     5814.0927132930    742.497    2.72597
     5814.6872071126    734.792    2.71251
     5815.2817617196    723.955    2.69594
     5815.8763771200    725.678    2.73237
     5816.4710533201    731.023    2.73647
     5817.0657903262    747.456    2.73098
     5817.6605881444    772.939    2.77077
     5818.2554467810    778.269    2.78647
     5818.8503662421    776.882    2.78106
     5819.4453465341    774.510    2.77743
     5820.0403876631    780.448    2.79402
     5820.6354896353    772.795    2.77495
     5821.2306524570    762.428    2.75622
     5821.8258761344    761.431    2.75527
     5822.4211606738    762.917    2.75430
     5823.0165060812    755.301    2.74114
     5823.6119123630    757.804    2.74619
     5824.2073795254    762.186    2.75120
     5824.8029075746    773.448    2.76855
     5825.3984965168    780.070    2.77862
     5825.9941463583    777.931    2.77353
     5826.5898571053    771.183    2.76369
     5827.1856287640    758.726    2.75170
     5827.7814613406    760.277    2.76936
     5828.3773548414    762.395    2.75011
     5828.9733092726    772.766    2.76304
     5829.5693246405    780.821    2.77897
     5830.1654009512    783.637    2.78611
     5830.7615382110    780.037    2.77482
     5831.3577364261    766.744    2.75231
     5831.9539956028    767.143    2.75233
     5832.5503157472    775.682    2.76027
     5833.1466968657    775.259    2.75691
     5833.7431389645    762.772    2.74871
     5834.3396420498    756.190    2.73825
     5834.9362061277    760.679    2.73524
     5835.5328312047    764.997    2.74558
     5836.1295172869    772.824    2.74918
     5836.7262643805    768.731    2.74638
     5837.3230724918    757.478    2.72928
     5837.9199416270    754.437    2.71807
     5838.5168717923    755.426    2.71881
     5839.1138629941    767.022    2.74413
     5839.7109152385    778.482    2.75939
     5840.3080285318    783.727    2.77267
     5840.9052028802    794.887    2.86393
     5841.5024382900    800.540    2.83108
     5842.0997347674    788.613    2.78007
     5842.6970923187    781.335    2.76743
     5843.2945109500    777.222    2.75507
     5843.8919906677    764.346    2.73593
     5844.4895314780    764.338    2.73161
     5845.0871333872    768.085    2.73499
     5845.6847964014    763.388    2.72936
     5846.2825205270    764.853    2.72776
     5846.8803057701    765.274    2.73507
     5847.4781521371    762.728    2.72952
     5848.0760596341    759.842    2.72416
     5848.6740282675    764.690    2.73360
     5849.2720580435    774.085    2.74324
     5849.8701489683    759.364    2.72086
     5850.4683010482    751.902    2.70354
     5851.0665142895    742.679    2.68346
     5851.6647886983    732.081    2.67131
     5852.2631242810    727.861    2.65969
     5852.8615210438    725.337    2.65725
     5853.4599789930    739.501    2.67904
     5854.0584981348    752.314    2.69685
     5854.6570784754    742.256    2.68493
     5855.2557200212    715.259    2.64322
     5855.8544227784    674.219    2.66718
     5856.4531867532    600.349    2.41726
     5857.0520119519    567.960    2.35570
     5857.6508983808    613.376    2.54992
     5858.2498460462    672.657    2.56896
     5858.8488549542    716.693    2.63806
     5859.4479251112    739.666    2.67409
     5860.0470565234    751.741    2.69271
     5860.6462491970    753.716    2.69259
     5861.2455031385    738.600    2.66745
     5861.8448183539    715.316    2.63364
     5862.4441948496    714.874    2.63156
     5863.0436326318    738.350    2.66233
     5863.6431317069    736.293    2.66860
     5864.2426920810    740.737    2.66266
     5864.8423137604    741.688    2.67009
     5865.4419967515    702.065    2.60338
     5866.0417410604    680.409    2.56127
     5866.6415466935    673.693    2.55128
     5867.2414136570    697.826    2.59440
     5867.8413419573    733.709    2.65743
     5868.4413316004    751.335    2.68921
     5869.0413825928    762.520    2.70441
     5869.6414949407    759.453    2.69768
     5870.2416686504    757.255    2.69560
     5870.8419037282    756.713    2.69679
     5871.4422001802    753.910    2.68829
     5872.0425580129    743.598    2.66624
     5872.6429772325    724.965    2.64173
     5873.2434578452    731.011    2.66357
     5873.8439998573    738.590    2.72315
     5874.4446032752    734.633    2.65627
     5875.0452681051    734.172    2.65485
     5875.6459943532    724.545    2.63345
     5876.2467820259    717.853    2.61824
     5876.8476311294    707.559    2.59957
     5877.4485416700    696.981    2.57979
     5878.0495136541    692.835    2.57174
     5878.6505470878    684.496    2.55421
     5879.2516419774    661.998    2.51921
     5879.8527983294    650.584    2.50053
     5880.4540161498    655.793    2.50573
     5881.0552954451    658.668    2.51000
     5881.6566362214    656.816    2.49819
     5882.2580384852    639.372    2.46310
     5882.8595022426    601.537    2.39842
     5883.4610275000    572.956    2.33706
     5884.0626142636    550.452    2.29084
     5884.6642625398    517.275    2.22170
     5885.2659723348    494.031    2.17105
     5885.8677436550    457.278    2.08970
     5886.4695765065    414.182    1.99145
     5887.0714708958    360.730    2.04552
     5887.6734268290    305.358    1.77651
     5888.2754443125    256.669    1.57188
     5888.8775233526    202.124    1.42370
     5889.4796639556    177.727    1.35075
     5890.0818661278    199.670    1.57667
     5890.6841298754    241.463    1.70281
     5891.2864552048    289.767    1.66488
     5891.8888421222    323.372    1.77989
     5892.4912906340    337.402    1.85005
     5893.0938007465    341.517    1.80389
     5893.6963724659    318.129    1.74606
     5894.2990057986    276.612    1.65910
     5894.9017007508    230.890    1.82083
     5895.5044573289    204.423    1.41324
     5896.1072755391    237.499    1.52689
     5896.7101553878    295.864    1.75506
     5897.3130968812    363.381    1.92994
     5897.9161000257    414.607    1.99440
     5898.5191648276    443.814    2.06343
     5899.1222912931    494.012    2.16755
     5899.7254794286    543.924    2.26671
     5900.3287292404    584.013    2.34728
     5900.9320407348    613.971    2.40479
     5901.5354139181    631.406    2.43986
     5902.1388487966    644.720    2.46545
     5902.7423453766    651.823    2.48221
     5903.3459036644    665.957    2.49888
     5903.9495236663    677.253    2.51941
     5904.5532053887    675.037    2.51958
     5905.1569488378    673.222    2.51743
     5905.7607540200    684.676    2.53274
     5906.3646209416    698.695    2.56060
     5906.9685496088    710.797    2.57799
     5907.5725400281    715.994    2.59030
     5908.1765922057    727.921    2.60250
     5908.7807061479    717.966    2.59310
     5909.3848818610    725.516    2.60664
     5909.9891193514    734.893    2.61761
     5910.5934186254    732.595    2.61876
     5911.1977796893    737.863    2.62122
     5911.8022025494    737.496    2.62078
     5912.4066872120    727.625    2.59927
     5913.0112336835    691.410    2.54513
     5913.6158419702    678.204    2.52089
     5914.2205120783    694.481    2.54488
     5914.8252440143    703.276    2.55954
     5915.4300377844    703.841    2.56167
     5916.0348933950    708.168    2.57068
     5916.6398108523    720.191    2.58925
     5917.2447901627    726.834    2.59745
     5917.8498313326    713.367    2.57651
     5918.4549343682    723.279    2.59857
     5919.0600992759    742.624    2.62338
     5919.6653260621    749.754    2.64527
     5920.2706147329    765.320    2.65455
     5920.8759652948    741.754    2.62526
     5921.4813777541    718.180    2.58989
     5922.0868521172    716.737    2.58237
     5922.6923883902    733.027    2.60313
     5923.2979865797    753.956    2.64029
     5923.9036466919    751.960    2.64405
     5924.5093687331    765.807    2.65869
     5925.1151527096    763.593    2.65870
     5925.7209986279    767.773    2.66689
     5926.3269064943    769.019    2.67026
     5926.9328763150    748.673    2.62489
     5927.5389080964    748.744    2.62984
     5928.1450018448    758.883    2.64024
     5928.7511575667    743.675    2.61386
     5929.3573752682    710.688    2.56838
     5929.9636549559    718.817    2.58436
     5930.5699966359    742.766    2.61700
     5931.1764003146    757.203    2.64209
     5931.7828659984    777.443    2.67974
     5932.3893936937    783.672    2.69454
     5932.9959834066    773.728    2.66410
     5933.6026351437    744.434    2.62490
     5934.2093489112    731.494    2.60067
     5934.8161247155    748.385    2.62214
     5935.4229625629    774.039    2.66708
     5936.0298624598    785.925    2.69058
     5936.6368244125    772.420    2.67787
     5937.2438484274    768.537    2.69271
     5937.8509345107    767.760    2.65160
     5938.4580826689    787.388    2.68478
     5939.0652929083    779.447    2.66355
     5939.6725652352    757.186    2.63989
     5940.2798996561    744.880    2.60883
     5940.8872961771    722.151    2.57884
     5941.4947548048    739.089    2.59945
     5942.1022755454    761.673    2.63539
     5942.7098584053    780.035    2.66837
     5943.3175033908    782.183    2.67242
     5943.9252105084    774.341    2.66482
     5944.5329797643    789.114    2.68514
     5945.1408111648    800.093    2.71014
     5945.7487047165    805.363    2.72871
     5946.3566604256    798.061    2.69794
     5946.9646782984    789.314    2.67945
     5947.5727583413    768.388    2.64995
     5948.1809005608    753.179    2.61947
     5948.7891049630    754.767    2.62403
     5949.3973715545    764.646    2.63718
     5950.0057003415    773.666    2.65250
     5950.6140913305    787.794    2.67780
     5951.2225445277    784.176    2.73641
     5951.8310599395    739.218    2.62458
     5952.4396375724    721.946    2.56938
     5953.0482774326    739.729    2.59256
     5953.6569795265    769.955    2.63631
     5954.2657438606    783.863    2.66333
     5954.8745704410    783.481    2.66150
     5955.4834592743    760.229    2.62852
     5956.0924103668    740.962    2.59540
     5956.7014237248    754.031    2.60666
     5957.3104993547    751.681    2.61077
     5957.9196372629    767.459    2.62536
     5958.5288374558    779.332    2.65521
     5959.1380999397    788.660    2.67110
     5959.7474247209    802.167    2.69196
     5960.3568118059    797.744    2.77166
     5960.9662612011    802.261    2.69579
     5961.5757729127    802.001    2.69290
     5962.1853469472    800.944    2.69203
     5962.7949833110    795.869    2.67931
     5963.4046820104    794.370    2.67731
     5964.0144430517    789.728    2.66414
     5964.6242664414    763.642    2.62791
     5965.2341521859    747.407    2.60467
     5965.8441002915    756.942    2.61648
     5966.4541107646    780.862    2.64754
     5967.0641836115    799.838    2.67581
     5967.6743188387    806.634    2.69273
     5968.2845164525    809.036    2.69896
     5968.8947764593    809.279    2.69683
     5969.5050988655    806.998    2.69120
     5970.1154836775    805.342    2.68739
     5970.7259309016    801.552    2.68092
     5971.3364405442    799.589    2.67680
     5971.9470126118    803.749    2.68424
     5972.5576471106    799.484    2.67723
     5973.1683440471    802.024    2.68081
     5973.7791034277    801.024    2.69357
     5974.3899252587    790.669    2.67798
     5975.0008095466    777.525    2.64300
     5975.6117562976    762.486    2.61909
     5976.2227655183    757.911    2.60977
     5976.8338372150    759.619    2.60568
     5977.4449713940    750.536    2.58995
     5978.0561680618    742.999    2.58640
     5978.6674272248    767.397    2.61548
     5979.2787488893    788.455    2.64707
     5979.8901330617    793.382    2.66520
     5980.5015797485    801.980    2.67886
     5981.1130889560    798.943    2.66881
     5981.7246606906    797.240    2.66291
     5982.3362949588    783.706    2.64112
     5982.9479917668    755.965    2.59758
     5983.5597511211    733.799    2.55915
     5984.1715730281    727.537    2.54607
     5984.7834574943    758.980    2.59384
     5985.3954045259    785.774    2.64238
     5986.0074141293    782.688    2.63847
     5986.6194863111    784.348    2.64459
     5987.2316210775    792.681    2.65309
     5987.8438184351    790.692    2.65434
     5988.4560783901    791.589    2.65779
     5989.0684009489    804.177    2.67359
     5989.6807861181    807.414    2.68052
     5990.2932339039    815.835    2.69038
     5990.9057443129    816.132    2.69436
     5991.5183173513    817.128    2.69746
     5992.1309530256    833.333    2.71834
     5992.7436513422    840.795    2.73267
     5993.3564123075    843.014    2.73621
     5993.9692359279    844.504    2.73202
     5994.5821222098    832.601    2.71713
     5995.1950711597    812.485    2.68411
     5995.8080827838    814.320    2.68924
     5996.4211570888    802.563    2.67150
     5997.0342940808    798.398    2.65763
     5997.6474937664    803.134    2.66897
     5998.2607561520    791.148    2.65023
     5998.8740812440    786.378    2.64480
     5999.4874690488    795.362    2.65607
     6000.1009195727    813.071    2.68425
     6000.7144328223    820.890    2.68942
     6001.3280088039    797.740    2.64665
     6001.9416475239    752.446    2.59078
     6002.5553489888    760.877    2.60355
     6003.1691132050    796.524    2.65016
     6003.7829401789    815.887    2.68193
     6004.3968299169    824.563    2.69386
     6005.0107824254    819.022    2.69068
     6005.6247977108    811.955    2.67605
     6006.2388757796    787.825    2.66662
     6006.8530166382    765.002    2.67663
     6007.4672202930    744.303    2.57316
     6008.0814867505    751.216    2.57859
     6008.6958160169    790.847    2.64294
     6009.3102080989    817.495    2.67963
     6009.9246630027    839.684    2.71736
     6010.5391807348    835.101    2.70179
     6011.1537613017    818.591    2.67968
     6011.7684047097    798.090    2.64556
     6012.3831109654    760.081    2.58759
     6012.9978800750    761.961    2.59309
     6013.6127120451    785.663    2.62519
     6014.2276068820    809.240    2.67186
     6014.8425645923    828.201    2.68627
     6015.4575851823    782.489    2.62529
     6016.0726686584    749.697    2.58041
     6016.6878150271    773.695    2.59949
     6017.3030242949    786.036    2.62942
     6017.9182964680    801.430    2.64677
     6018.5336315531    804.803    2.64451
     6019.1490295565    776.658    2.61745
     6019.7644904846    777.926    2.60551
     6020.3800143439    765.753    2.59122
     6020.9956011408    745.332    2.56426
     6021.6112508818    778.667    2.60928
     6022.2269635733    802.848    2.64556
     6022.8427392216    790.509    2.63027
     6023.4585778334    774.010    2.59471
     6024.0744794149    802.547    2.64662
     6024.6904439727    821.645    2.67732
     6025.3064715132    843.815    2.71284
     6025.9225620427    834.824    2.69529
     6026.5387155679    829.404    2.69276
     6027.1549320950    844.119    2.70707
     6027.7712116306    852.972    2.72208
     6028.3875541810    863.757    2.73472
     6029.0039597528    862.116    2.73325
     6029.6204283523    852.450    2.72086
     6030.2369599861    848.455    2.74846
     6030.8535546605    847.119    2.74407
     6031.4702123821    855.091    2.72337
     6032.0869331571    861.059    2.73682
     6032.7037169922    868.866    2.74663
     6033.3205638938    872.372    2.75077
     6033.9374738682    870.810    2.74485
     6034.5544469220    870.636    2.74252
     6035.1714830616    859.786    2.73422
     6035.7885822934    860.754    2.73263
     6036.4057446239    860.110    2.73028
     6037.0229700596    855.400    2.71992
     6037.6402586068    856.216    2.71905
     6038.2576102722    848.092    2.70458
     6038.8750250620    822.531    2.66562
     6039.4925029828    827.631    2.67947
     6040.1100440410    842.762    2.70465
     6040.7276482431    847.446    2.70529
     6041.3453155955    846.143    2.80368
     6041.9630461047    861.187    2.75554
     6042.5808397772    868.572    2.73752
     6043.1986966194    876.459    2.74845
     6043.8166166377    878.411    2.75128
     6044.4345998386    881.687    2.75480
     6045.0526462287    881.491    2.75639
     6045.6707558142    887.935    2.76069
     6046.2889286018    889.024    2.76286
     6046.9071645979    886.969    2.75834
     6047.5254638089    880.114    2.74908
     6048.1438262413    867.276    2.73573
     6048.7622519015    873.965    2.73747
     6049.3807407961    876.783    2.74875
     6049.9992929315    889.395    2.76260
     6050.6179083141    883.801    2.76415
     6051.2365869504    881.784    2.74773
     6051.8553288470    878.607    2.74061
     6052.4741340102    860.064    2.71401
     6053.0930024465    852.404    2.70234
     6053.7119341624    855.055    2.70300
     6054.3309291644    849.622    2.82716
     6054.9499874590    836.284    2.68167
     6055.5691090525    829.800    2.66494
     6056.1882939516    832.481    2.69330
     6056.8075421626    835.449    2.67743
     6057.4268536920    833.683    2.66810
     6058.0462285463    845.677    2.68910
     6058.6656667320    868.805    2.72034
     6059.2851682556    884.602    2.74645
     6059.9047331235    889.965    2.75299
     6060.5243613422    884.028    2.74510
     6061.1440529183    878.767    2.72725
     6061.7638078580    852.220    2.69764
     6062.3836261680    844.042    2.68187
     6063.0035078548    841.833    2.67144
     6063.6234529247    812.958    2.62261
     6064.2434613844    762.412    2.55566
     6064.8635332402    745.966    2.53307
     6065.4836684986    805.258    2.61160
     6066.1038671662    843.608    2.67716
     6066.7241292494    869.382    2.71545
     6067.3444547547    878.168    2.73243
     6067.9648436886    888.032    2.74609
     6068.5852960576    898.588    2.76685
     6069.2058118681    900.366    2.76707
     6069.8263911267    902.928    2.77081
     6070.4470338398    903.565    2.76867
     6071.0677400139    900.915    2.76258
     6071.6885096555    892.955    2.75095
     6072.3093427711    897.573    2.75461
     6072.9302393672    890.935    2.74337
     6073.5511994503    891.578    2.74954
     6074.1722230269    896.094    2.75254
     6074.7933101034    898.832    2.75503
     6075.4144606864    898.233    2.75293
     6076.0356747824    895.752    2.75045
     6076.6569523977    890.008    2.73524
     6077.2782935391    860.752    2.69895
     6077.8996982128    837.511    2.66874
     6078.5211664255    842.911    2.67124
     6079.1426981836    862.783    2.69413
     6079.7642934937    867.788    2.70168
     6080.3859523621    848.809    2.67717
     6081.0076747955    828.942    2.64552
     6081.6294608003    829.041    2.64224
     6082.2513103831    847.991    2.67567
     6082.8732235502    875.331    2.71242
     6083.4952003083    878.505    2.71223
     6084.1172406638    855.049    2.68003
     6084.7393446233    845.299    2.66679
     6085.3615121931    853.809    2.67953
     6085.9837433800    878.051    2.72959
     6086.6060381902    876.744    2.71062
     6087.2283966304    876.455    2.71650
     6087.8508187071    888.839    2.72775
     6088.4733044267    868.364    2.75841
     6089.0958537958    822.475    2.63549
     6089.7184668208    803.985    2.60191
     6090.3411435084    817.165    2.62193
     6090.9638838649    839.187    2.65409
     6091.5866878970    859.868    2.68404
     6092.2095556111    854.379    2.68091
     6092.8324870137    857.359    2.68286
     6093.4554821113    871.374    2.70149
     6094.0785409105    887.489    2.72298
     6094.7016634177    889.978    2.72396
     6095.3248496396    882.125    2.71214
     6095.9480995825    868.887    2.69647
     6096.5714132531    857.465    2.68181
     6097.1947906577    861.502    2.68678
     6097.8182318030    872.077    2.70235
     6098.4417366955    876.012    2.70344
     6099.0653053417    872.371    2.69944
     6099.6889377480    878.047    2.70318
     6100.3126339211    853.327    2.74503
     6100.9363938674    749.433    2.86659
     6101.5602175935    604.214    2.57323
     6102.1841051058    571.427    2.24202
     6102.8080564110    659.180    2.64718
     6103.4320715155    766.669    2.86619
     6104.0561504258    842.339    2.71361
     6104.6802931485    882.135    2.71181
     6105.3044996901    892.817    2.72942
     6105.9287700571    895.381    2.73139
     6106.5531042561    872.216    2.69485
     6107.1775022936    857.319    2.67880
     6107.8019641760    864.983    2.68831
     6108.4264899100    884.937    2.71481
     6109.0510795021    896.001    2.72790
     6109.6757329587    890.697    2.71815
     6110.3004502865    855.545    2.67387
     6110.9252314919    835.517    2.64477
     6111.5500765815    858.166    2.67455
     6112.1749855618    892.579    2.72205
     6112.7999584393    906.261    2.74303
     6113.4249952207    911.765    2.75337
     6114.0500959123    918.416    2.75813
     6114.6752605208    902.389    2.73414
     6115.3004890528    870.707    2.69734
     6115.9257815146    865.844    2.68697
     6116.5511379128    872.593    2.69576
     6117.1765582541    878.705    2.70301
     6117.8020425449    875.737    2.69630
     6118.4275907918    840.688    2.64766
     6119.0532030013    802.161    2.62270
     6119.6788791800    762.990    2.67048
     6120.3046193343    679.964    2.61510
     6120.9304234709    542.441    2.45413
     6121.5562915963    484.867    2.10289
     6122.1822237170    554.228    2.42645
     6122.8082198395    680.066    2.64342
     6123.4342799705    781.635    2.54327
     6124.0604041164    847.551    2.64857
     6124.6865922838    863.843    2.67699
     6125.3128444793    842.694    2.79299
     6125.9391607093    856.788    2.67581
     6126.5655409805    851.350    2.65292
     6127.1919852994    851.251    2.65496
     6127.8184936725    860.823    2.67197
     6128.4450661064    883.513    2.70464
     6129.0717026076    898.080    2.72080
     6129.6984031828    904.761    2.73370
     6130.3251678383    912.803    2.74543
     6130.9519965809    913.657    2.75007
     6131.5788894170    916.442    2.75192
     6132.2058463532    920.684    2.75562
     6132.8328673961    913.508    2.74609
     6133.4599525522    889.876    2.70502
     6134.0871018280    841.924    2.73674
     6134.7143152301    807.378    2.67100
     6135.3415927652    746.642    2.50262
     6135.9689344396    686.284    2.40188
     6136.5963402601    670.463    2.44842
     6137.2238102331    720.804    2.59980
     6137.8513443652    811.297    2.67016
     6138.4789426630    874.797    2.69707
     6139.1066051330    911.614    2.76215
     6139.7343317818    902.334    2.72391
     6140.3621226160    870.600    2.67688
     6140.9899776421    837.917    2.63801
     6141.6178968667    855.688    2.65012
     6142.2458802963    875.875    2.68582
     6142.8739279375    887.309    2.70307
     6143.5020397969    894.933    2.71553
     6144.1302158811    902.394    2.72079
     6144.7584561966    905.603    2.72679
     6145.3867607499    896.069    2.71482
     6146.0151295477    912.517    2.73849
     6146.6435625965    906.593    2.72243
     6147.2720599029    900.247    2.71492
     6147.9006214735    887.677    2.69950
     6148.5292473148    862.837    2.65744
     6149.1579374333    828.801    2.61108
     6149.7866918358    846.310    2.63618
     6150.4155105287    863.225    2.66332
     6151.0443935186    881.419    2.69022
     6151.6733408121    907.212    2.72554
     6152.3023524158    907.465    2.72527
     6152.9314283362    870.542    2.71391
     6153.5605685799    841.673    2.64989
     6154.1897731536    848.003    2.63383
     6154.8190420637    847.512    2.63725
     6155.4483753169    867.020    2.65998
     6156.0777729197    868.243    2.66444
     6156.7072348787    852.585    2.64547
     6157.3367612005    846.786    2.62651
     6157.9663518916    826.603    2.59905
     6158.5960069588    800.450    2.54931
     6159.2257264085    744.028    2.49143
     6159.8555102473    636.000    2.82004
     6160.4853584817    507.078    2.84506
     6161.1152711185    414.937    2.16916
     6161.7452481642    414.589    1.86443
     6162.3752896253    472.494    2.23159
     6163.0053955085    574.718    2.66609
     6163.6355658203    680.506    2.57766
     6164.2658005673    732.758    2.43874
     6164.8960997562    744.443    2.46078
     6165.5264633934    730.047    2.45450
     6166.1568914856    752.746    2.48153
     6166.7873840394    787.412    2.54081
     6167.4179410614    750.938    2.61650
     6168.0485625581    629.012    2.64751
     6168.6792485362    568.679    2.20788
     6169.3099990023    601.762    2.36845
     6169.9408139629    698.322    2.61353
     6170.5716934246    792.999    2.68841
     6171.2026373941    838.092    2.60792
     6171.8336458779    839.304    2.60837
     6172.4647188826    824.110    2.58744
     6173.0958564148    827.081    2.59840
     6173.7270584812    834.754    2.60132
     6174.3583250883    837.993    2.60301
     6174.9896562427    849.645    2.62232
     6175.6210519510    848.534    2.62149
     6176.2525122198    847.194    2.63073
     6176.8840370558    857.366    2.63916
     6177.5156264655    871.596    2.65795
     6178.1472804555    884.490    2.67216
     6178.7789990324    869.361    2.65158
     6179.4107822029    859.017    2.63974
     6180.0426299735    864.387    2.64462
     6180.6745423508    876.284    2.65890
     6181.3065193415    879.891    2.66491
     6181.9385609522    883.104    2.67060
     6182.5706671894    876.858    2.65995
     6183.2028380598    874.101    2.65915
     6183.8350735700    883.724    2.66898
     6184.4673737265    875.160    2.65123
     6185.0997385361    838.808    2.60276
     6185.7321680052    818.856    2.57072
     6186.3646621406    814.163    2.55716
     6186.9972209489    809.119    2.55010
     6187.6298444365    813.097    2.55377
     6188.2625326103    811.885    2.56015
     6188.8952854767    820.741    2.56444
     6189.5281030424    798.860    2.52424
     6190.1609853140    722.428    2.48119
     6190.7939322981    689.063    2.46376
     6191.4269440014    725.890    2.41952
     6192.0600204304    783.644    2.52041
     6192.6931615918    819.281    2.59925
     6193.3263674922    831.378    2.58383
     6193.9596381382    851.558    2.61364
     6194.5929735364    859.238    2.62108
     6195.2263736935    859.553    2.62384
     6195.8598386160    858.213    2.62387
     6196.4933683107    872.778    2.64212
     6197.1269627841    864.253    2.62891
     6197.7606220428    824.923    2.57456
     6198.3943460935    788.386    2.51761
     6199.0281349428    771.348    2.48534
     6199.6619885973    794.862    2.53952
     6200.2959070636    837.845    2.76915
     6200.9298903485    862.060    2.62885
     6201.5639384584    874.872    2.64156
     6202.1980514000    879.748    2.64732
     6202.8322291801    876.480    2.64685
     6203.4664718051    871.916    2.63970
     6204.1007792817    859.711    2.61857
     6204.7351516165    859.323    2.62229
     6205.3695888163    874.467    2.64176
     6206.0040908875    887.520    2.65869
     6206.6386578370    884.908    2.65400
     6207.2732896711    881.691    2.64856
     6207.9079863967    879.906    2.64920
     6208.5427480204    883.881    2.82682
     6209.1775745487    848.741    2.63646
     6209.8124659884    820.247    2.56530
     6210.4474223460    825.284    2.56619
     6211.0824436282    839.384    2.58365
     6211.7175298417    832.472    2.56625
     6212.3526809930    786.761    2.50612
     6212.9878970889    756.478    2.48822
     6213.6231781359    749.939    2.45338
     6214.2585241407    730.407    2.41126
     6214.8939351099    719.075    2.39456
     6215.5294110502    722.263    2.40858
     6216.1649519683    764.644    2.46554
     6216.8005578707    802.712    2.51847
     6217.4362287641    809.067    2.53057
     6218.0719646552    784.860    2.49777
     6218.7077655506    762.951    2.46624
     6219.3436314570    753.954    2.44718
     6219.9795623809    749.150    2.45222
     6220.6155583291    776.453    2.48216
     6221.2516193082    787.819    2.49973
     6221.8877453248    791.204    2.50575
     6222.5239363857    790.369    2.50193
     6223.1601924973    773.859    2.48175
     6223.7965136665    764.433    2.48924
     6224.4328998999    783.352    2.51179
     6225.0693512040    801.317    2.51651
     6225.7058675856    807.625    2.52791
     6226.3424490513    799.779    2.52347
     6226.9790956077    798.599    2.51785
     6227.6158072616    805.467    2.52125
     6228.2525840196    790.734    2.49850
     6228.8894258883    755.118    2.44284
     6229.5263328744    681.399    2.36213
     6230.1633049845    668.265    2.34522
     6230.8003422254    706.117    2.35887
     6231.4374446036    721.547    2.39102
     6232.0746121258    729.454    2.40516
     6232.7118447988    767.644    2.45730
     6233.3491426290    812.273    2.52726
     6233.9865056234    838.835    2.57059
     6234.6239337883    847.501    2.58281
     6235.2614271307    847.988    2.58290
     6235.8989856570    841.871    2.57378
     6236.5366093740    831.898    2.56543
     6237.1742982883    827.640    2.55161
     6237.8120524067    809.454    2.52548
     6238.4498717357    753.020    2.44196
     6239.0877562820    715.040    2.38172
     6239.7257060524    728.987    2.40028
     6240.3637210534    777.539    2.47399
     6241.0018012918    800.823    2.52366
     6241.6399467742    752.131    2.66209
     6242.2781575072    706.952    2.36914
     6242.9164334977    736.616    2.41672
     6243.5547747521    779.476    2.67739
     6244.1931812773    789.473    2.49125
     6244.8316530799    769.269    2.45963
     6245.4701901665    748.711    2.42886
     6246.1087925438    785.831    2.48747
     6246.7474602186    818.684    2.72644
     6247.3861931974    832.655    2.56211
     6248.0249914870    826.657    2.54498
     6248.6638550940    825.224    2.54399
     6249.3027840251    836.651    2.56190
     6249.9417782870    844.244    2.57006
     6250.5808378864    801.402    2.50165
     6251.2199628300    739.464    2.44839
     6251.8591531244    730.930    2.40677
     6252.4984087763    742.332    2.45957
     6253.1377297924    749.662    2.43316
     6253.7771161794    781.348    2.47348
     6254.4165679440    800.191    2.49631
     6255.0560850929    787.607    2.48154
     6255.6956676326    761.463    2.44352
     6256.3353155700    746.715    2.41464
     6256.9750289117    683.183    2.30712
     6257.6148076645    616.480    2.21771
     6258.2546518349    663.100    2.52930
     6258.8945614296    734.484    2.63322
     6259.5345364555    752.355    2.47601
     6260.1745769191    741.193    2.41603
     6260.8146828272    775.083    2.46589
     6261.4548541864    820.883    2.52653
     6262.0950910034    857.560    2.59640
     6262.7353932850    882.441    2.64090
     6263.3757610378    853.563    2.58781
     6264.0161942685    819.184    2.52871
     6264.6566929838    794.828    2.48909
     6265.2972571904    800.338    2.49784
     6265.9378868950    833.029    2.54294
     6266.5785821044    852.806    2.56652
     6267.2193428251    830.692    2.54060
     6267.8601690639    802.468    2.50418
     6268.5010608275    809.564    2.50500
     6269.1420181226    812.509    2.51700
     6269.7830409559    828.981    2.54018
     6270.4241293341    846.958    2.56711
     6271.0652832639    866.946    2.59538
     6271.7065027520    880.820    2.61013
     6272.3477878051    875.133    2.59987
     6272.9891384300    855.349    2.56857
     6273.6305546332    820.357    2.52533
     6274.2720364216    792.410    2.48434
     6274.9135838017    773.218    2.45573
     6275.5551967805    779.595    2.46206
     6276.1968753644    808.533    2.52713
     6276.8386195603    832.871    2.56354
     6277.4804293749    853.607    2.57362
     6278.1223048148    864.517    2.58376
     6278.7642458868    845.576    2.55838
     6279.4062525976    810.896    2.51841
     6280.0483249539    805.963    2.50763
     6280.6904629624    822.994    2.52422
     6281.3326666298    833.184    2.54481
     6281.9749359629    856.307    2.57716
     6282.6172709683    882.639    2.60677
     6283.2596716528    881.979    2.60523
     6283.9021380231    854.845    2.57204
     6284.5446700859    832.564    2.54824
     6285.1872678479    853.989    2.57429
     6285.8299313158    887.561    2.61443
     6286.4726604964    895.838    2.63068
     6287.1154553963    906.903    2.65088
     6287.7583160224    912.876    2.66255
     6288.4012423812    910.924    2.65042
     6289.0442344796    905.850    2.63894
     6289.6872923243    880.406    2.61082
     6290.3304159219    868.025    2.59088
     6290.9736052792    866.223    2.58100
     6291.6168604030    842.722    2.55502
     6292.2601812999    831.861    2.54177
     6292.9035679767    847.661    2.55810
     6293.5470204400    861.985    2.58631
     6294.1905386968    872.281    2.60063
     6294.8341227535    855.054    2.56443
     6295.4777726171    811.750    2.50879
     6296.1214882941    792.740    2.48006
     6296.7652697915    807.892    2.50530
     6297.4091171157    843.254    2.55936
     6298.0530302737    879.265    2.61369
     6298.6970092721    895.936    2.63833
     6299.3410541177    887.037    2.62723
     6299.9851648172    834.281    2.56320
     6300.6293413773    786.735    2.46986
     6301.2735838048    783.706    2.46327
     6301.9178921064    811.893    2.50027
     6302.5622662888    842.152    2.54670
     6303.2067063588    867.274    2.57649
     6303.8512123231    869.754    2.57640
     6304.4957841885    817.612    2.52357
     6305.1404219617    825.093    2.59954
     6305.7851256493    869.706    2.72667
     6306.4298952583    906.759    2.63644
     6307.0747307952    921.686    2.65956
     6307.7196322669    928.164    2.66481
     6308.3645996801    924.995    2.66457
     6309.0096330416    916.636    2.65286
     6309.6547323580    910.660    2.63986
     6310.2998976361    887.721    2.61450
     6310.9451288827    877.239    2.59725
     6311.5904261045    875.651    2.59219
     6312.2357893082    887.144    2.60399
     6312.8812185007    900.451    2.61923
     6313.5267136886    875.025    2.58911
     6314.1722748787    849.960    2.55250
     6314.8179020778    855.509    2.55807
     6315.4635952925    869.586    2.57600
     6316.1093545297    875.811    2.57764
     6316.7551797961    824.547    2.52080
     6317.4010710984    788.668    2.46483
     6318.0470284435    803.910    2.60087
     6318.6930518380    851.402    2.82866
     6319.3391412887    910.608    2.70788
     6319.9852968023    924.445    2.65703
     6320.6315183857    924.254    2.65388
     6321.2778060456    889.290    2.62560
     6321.9241597887    887.091    2.60573
     6322.5705796217    915.516    2.64257
     6323.2170655516    929.159    2.66191
     6323.8636175849    927.628    2.66278
     6324.5102357284    916.314    2.64992
     6325.1569199890    920.667    2.64693
     6325.8036703734    908.028    2.63722
     6326.4504868883    901.709    2.62624
     6327.0973695406    915.393    2.64466
     6327.7443183369    941.392    2.66728
     6328.3913332840    933.761    2.66256
     6329.0384143887    902.112    2.63073
     6329.6855616578    911.562    2.63750
     6330.3327750980    919.967    2.65368
     6330.9800547161    950.101    2.70590
     6331.6274005188    969.163    2.75347
     6332.2748125130    978.217    2.72644
     6332.9222907054    976.611    2.71953
     6333.5698351027    936.021    2.65843
     6334.2174457118    864.289    2.56104
     6334.8651225393    829.776    2.50196
     6335.5128655922    811.282    2.48321
     6336.1606748770    833.319    2.51178
     6336.8085504007    882.426    2.57487
     6337.4564921700    898.858    2.60236
     6338.1045001916    907.159    2.61773
     6338.7525744724    927.085    2.64578
     6339.4007150191    943.888    2.66959
     6340.0489218385    951.083    2.67732
     6340.6971949373    943.208    2.69358
     6341.3455343224    918.050    2.72070
     6341.9939400005    894.719    2.66096
     6342.6424119784    853.733    2.54677
     6343.2909502629    836.254    2.52193
     6343.9395548607    856.734    2.55453
     6344.5882257787    899.124    2.61304
     6345.2369630236    940.351    2.69240
     6345.8857666022    955.160    2.72434
     6346.5346365212    958.146    2.69487
     6347.1835727876    974.678    2.71477
     6347.8325754080    971.131    2.73874
     6348.4816443892    951.567    2.73023
     6349.1307797380    962.658    2.70099
     6349.7799814613    977.326    2.71979
     6350.4292495657    981.517    2.72458
     6351.0785840582    977.842    2.72350
     6351.7279849453    966.520    2.70927
     6352.3774522341    960.257    2.69490
     6353.0269859312    949.796    2.67899
     6353.6765860434    917.033    2.64209
     6354.3262525776    902.992    2.67074
     6354.9759855405    928.512    2.70048
     6355.6257849389    944.297    2.67009
     6356.2756507796    939.211    2.65977
     6356.9255830694    917.667    2.62857
     6357.5755818151    873.484    2.65396
     6358.2256470235    858.794    2.62696
     6358.8757787013    856.774    2.54502
     6359.5259768555    850.725    2.53524
     6360.1762414927    840.357    2.52452
     6360.8265726198    827.548    2.50314
     6361.4769702436    803.120    2.47322
     6362.1274343709    806.663    2.55211
     6362.7779650084    846.473    2.58698
     6363.4285621630    873.003    2.57368
     6364.0792258415    904.515    2.61266
     6364.7299560506    920.628    2.63329
     6365.3807527973    909.906    2.63070
     6366.0316160882    921.833    2.64166
     6366.6825459302    937.881    2.66336
     6367.3335423302    953.160    2.68081
     6367.9846052948    956.655    2.68500
     6368.6357348309    953.888    2.68409
     6369.2869309453    954.794    2.68312
     6369.9381936449    954.822    2.68615
     6370.5895229364    965.390    2.70089
     6371.2409188266    972.413    2.70992
     6371.8923813223    975.570    2.71182
     6372.5439104305    970.918    2.70435
     6373.1955061578    960.034    2.69170
     6373.8471685111    960.230    2.69063
     6374.4988974971    956.222    2.68754
     6375.1506931228    953.779    2.68273
     6375.8025553949    955.507    2.68178
     6376.4544843202    955.242    2.68170
     6377.1064799056    938.916    2.65672
     6377.7585421579    909.615    2.62206
     6378.4106710838    901.922    2.61052
     6379.0628666903    888.165    2.58635
     6379.7151289840    859.500    2.54313
     6380.3674579719    838.880    2.51626
     6381.0198536608    851.924    2.53738
     6381.6723160574    895.589    2.59809
     6382.3248451686    932.693    2.64747
     6382.9774410013    948.482    2.66886
     6383.6301035622    940.169    2.65748
     6384.2828328581    926.937    2.63879
     6384.9356288960    932.281    2.64646
     6385.5884916825    926.949    2.63838
     6386.2414212246    922.405    2.62910
     6386.8944175291    901.082    2.60031
     6387.5474806028    884.196    2.57635
     6388.2006104524    890.544    2.58749
     6388.8538070850    927.306    2.64071
     6389.5070705072    949.595    2.67599
     6390.1604007259    960.448    2.69988
     6390.8137977479    952.673    2.67515
     6391.4672615801    910.449    2.69640
     6392.1207922293    845.482    2.52120
     6392.7743897023    814.719    2.47469
     6393.4280540060    854.069    2.53214
     6394.0817851472    898.421    2.59765
     6394.7355831327    933.283    2.63933
     6395.3894479693    969.003    2.69272
     6396.0433796640    980.576    2.70933
     6396.6973782235    977.605    2.70347
     6397.3514436547    973.219    2.69785
     6398.0055759644    947.136    2.76612
     6398.6597751594    861.704    3.29275
     6399.3140412466    790.887    2.50179
     6399.9683742329    849.065    2.61121
     6400.6227741250    909.155    3.04288
     6401.2772409298    961.371    2.68014
     6401.9317746542    986.448    2.71895
     6402.5863753050   1001.089    2.73352
     6403.2410428890    1011.20    2.74497
     6403.8957774131    991.458    2.72236
     6404.5505788841    966.128    2.68849
     6405.2054473088    960.343    2.67865
     6405.8603826942    972.508    2.68614
     6406.5153850471    932.671    2.67911
     6407.1704543743    907.622    2.67262
     6407.8255906826    945.466    2.65244
     6408.4807939789    972.570    2.69315
     6409.1360642701   1000.780    2.71780
     6409.7914015630    962.912    2.67422
     6410.4468058645    893.124    2.59475
     6411.1022771813    892.271    2.58229
     6411.7578155205    918.785    2.61652
     6412.4134208887    938.806    2.64430
     6413.0690932929    963.062    2.67174
     6413.7248327400    977.231    2.69628
     6414.3806392367    997.191    2.72613
     6415.0365127899    1018.51    2.74884
     6415.6924534066    1008.35    2.73948
     6416.3484610935    994.366    2.72153
     6417.0045358575    986.562    2.71210
     6417.6606777054    987.778    2.70418
     6418.3168866442    968.718    2.68287
     6418.9731626807    946.250    2.65506
     6419.6295058217    920.245    2.61295
     6420.2859160741    881.928    2.57768
     6420.9423934448    919.844    2.62039
     6421.5989379406    975.305    2.68604
     6422.2555495685    1014.40    2.74134
     6422.9122283351    1030.35    2.76082
     6423.5689742476    1017.77    2.75034
     6424.2257873125    1018.51    2.74937
     6424.8826675370    1025.75    2.76221
     6425.5396149278    1034.43    2.77075
     6426.1966294917    1033.91    2.76999
     6426.8537112358    1030.81    2.76364
     6427.5108601667    1010.66    2.73975
     6428.1680762915    1014.57    2.74136
     6428.8253596169    989.983    2.70037
     6429.4827101499    919.809    2.61130
     6430.1401278972    900.406    2.59112
     6430.7976128659    930.642    2.69355
     6431.4551650627    966.851    2.67675
     6432.1127844946    992.679    2.70882
     6432.7704711683    1012.13    2.73566
     6433.4282250909    1019.33    2.74553
     6434.0860462691    1014.38    2.73728
     6434.7439347098    1016.70    2.73925
     6435.4018904200    1018.24    2.74323
     6436.0599134065    1010.89    2.73478
     6436.7180036761    973.850    2.74789
     6437.3761612358    858.442    3.18284
     6438.0343860924    717.988    3.11636
     6438.6926782528    745.619    2.54840
     6439.3510377239    835.026    3.27092
     6440.0094645126    946.151    2.87320
     6440.6679586257    990.074    2.70242
     6441.3265200702    1025.15    2.74463
     6441.9851488530    1038.45    2.76332
     6442.6438449808    1043.26    2.80234
     6443.3026084607    1050.51    2.86072
     6443.9614392994    1060.46    2.78844
     6444.6203375039    1052.86    2.78389
     6445.2793030811    1060.06    2.79019
     6445.9383360378    1057.56    2.78272
     6446.5974363809    1041.77    2.75975
     6447.2566041174    1007.71    2.74869
     6447.9158392542    920.447    2.73769
     6448.5751417980    806.454    2.61184
     6449.2345117558    782.811    2.46856
     6449.8939491346    860.725    2.79925
     6450.5534539411    939.829    2.85373
     6451.2130261823    975.641    2.67644
     6451.8726658651    1010.19    2.72506
     6452.5323729964    1053.70    2.77700
     6453.1921475831    1067.50    2.79229
     6453.8519896320    1030.01    2.74248
     6454.5118991501    974.405    2.67942
     6455.1718761443    984.179    2.68850
     6455.8319206214    1012.37    2.72110
     6456.4920325885    1040.44    2.76252
     6457.1522120523    1066.39    2.79618
     6457.8124590197    1065.97    2.81958
     6458.4727734978    1066.19    2.80518
     6459.1331554933    1059.89    2.78751
     6459.7936050132    1037.48    2.75605
     6460.4541220644    981.226    2.76845
     6461.1147066537    815.295    2.66608
     6461.7753587882    736.017    2.53480
     6462.4360784747    794.163    2.75212
     6463.0968657200    885.578    2.63951
     6463.7577205313    955.203    2.75488
     6464.4186429152   1005.917    2.71234
     6465.0796328787    1038.74    2.76033
     6465.7406904289    1052.43    2.77825
     6466.4018155724    1054.02    2.77864
     6467.0630083164    1063.84    2.78763
     6467.7242686676    1045.33    2.76475
     6468.3855966330    1037.72    2.75587
     6469.0469922195    1046.55    2.76826
     6469.7084554341    1031.14    2.77916
     6470.3699862836    950.635    2.72166
     6471.0315847749    933.547    2.61894
     6471.6932509150    983.536    2.67630
     6472.3549847108    1023.69    2.73360
     6473.0167861692    1041.69    2.76029
     6473.6786552971    1054.24    2.76875
     6474.3405921014    1033.69    2.75198
     6475.0025965892    1033.79    2.75234
     6475.6646687672    1062.53    2.78088
     6476.3268086424    1074.86    2.80071
     6476.9890162217    1075.53    2.79718
     6477.6512915121    1060.56    2.78387
     6478.3136345204    1065.34    2.78788
     6478.9760452537    1070.76    2.80057
     6479.6385237187    1078.48    2.79990
     6480.3010699225    1033.77    2.89281
     6480.9636838720    1008.05    2.77654
     6481.6263655741    993.605    2.69834
     6482.2891150357   1000.512    2.70541
     6482.9519322638    1029.48    2.73885
     6483.6148172652    1050.78    2.76682
     6484.2777700470    1059.92    2.77410
     6484.9407906160    1069.07    2.79449
     6485.6038789792    1075.80    2.79875
     6486.2670351435    1067.33    2.78862
     6486.9302591159    1063.20    2.78088
     6487.5935509032    1059.47    2.77418
     6488.2569105124    1061.68    2.77717
     6488.9203379505    1054.62    2.76938
     6489.5838332243    1057.96    2.77508
     6490.2473963409    1050.65    2.78083
     6490.9110273071    1038.15    2.74804
     6491.5747261299    1020.61    2.71441
     6492.2384928163    911.190    2.63352
     6492.9023273731    783.759    2.64900
     6493.5662298073    735.966    2.50091
     6494.2302001259    745.947    2.37613
     6494.8942383357    823.847    2.57501
     6495.5583444438    869.295    2.64829
     6496.2225184570    917.758    2.58703
     6496.8867603824    970.067    2.65166
     6497.5510702269    974.204    2.69528
     6498.2154479973    914.047    2.63192
     6498.8798937007    890.084    2.60746
     6499.5444073440    947.000    2.67310
     6500.2089889341    986.398    2.69019
     6500.8736384781    1027.84    2.73129
     6501.5383559827    1056.55    2.76887
     6502.2031414551    1065.85    2.77990
     6502.8679949021    1051.62    2.76535
     6503.5329163307    1049.54    2.76006
     6504.1979057478    1051.34    2.76092
     6504.8629631604    1067.24    2.78125
     6505.5280885755    1084.63    2.80429
     6506.1932819999    1092.67    2.81893
     6506.8585434408    1070.24    2.79109
     6507.5238729049    1039.57    2.74700
     6508.1892703993    1038.55    2.74812
     6508.8547359309    1065.87    2.78895
     6509.5202695067    1073.49    2.78757
     6510.1858711336    1087.99    2.80842
     6510.8515408186    1089.46    2.81050
     6511.5172785686    1074.28    2.79446
     6512.1830843907    1060.10    2.77291
     6512.8489582917    1069.21    2.78114
     6513.5149002787    1061.93    2.77694
     6514.1809103586    1056.30    2.76598
     6514.8469885383    1067.22    2.78059
     6515.5131348248    1079.95    2.79466
     6516.1793492251    1082.62    2.79629
     6516.8456317462    1069.97    2.78396
     6517.5119823950    1051.21    2.76254
     6518.1784011784    1049.90    2.76131
     6518.8448881035    1074.56    2.78978
     6519.5114431773    1092.15    2.80928
     6520.1780664066    1099.98    2.82175
     6520.8447577984    1105.90    2.82768
     6521.5115173598    1090.39    2.81131
     6522.1783450977    1087.19    2.80737
     6522.8452410190    1089.26    2.81201
     6523.5122051307    1101.26    2.82214
     6524.1792374399    1098.44    2.82110
     6524.8463379534    1107.64    2.83156
     6525.5135066784    1092.56    2.88940
     6526.1807436216    1092.34    2.81487
     6526.8480487901    1097.54    2.81466
     6527.5154221909    1111.61    2.83719
     6528.1828638310    1108.48    2.83223
     6528.8503737173    1109.52    2.82918
     6529.5179518568    1103.15    2.83816
     6530.1855982565    1067.33    2.87877
     6530.8533129234    1062.24    2.76975
     6531.5210958644    1065.53    2.77319
     6532.1889470865    1070.55    2.78234
     6532.8568665968    1076.40    2.78813
     6533.5248544022    1092.13    2.80393
     6534.1929105096    1102.08    2.82353
     6534.8610349261    1124.47    2.84736
     6535.5292276587    1123.01    2.84917
     6536.1974887143    1116.40    2.84016
     6536.8658180999    1104.39    2.82909
     6537.5342158225    1108.49    2.83211
     6538.2026818891    1120.05    2.83889
     6538.8712163067    1128.76    2.85062
     6539.5398190823    1132.85    2.86131
     6540.2084902228    1134.03    2.85835
     6540.8772297352    1119.79    2.83894
     6541.5460376267    1102.97    2.82378
     6542.2149139040    1085.05    2.79991
     6542.8838585743    1084.52    2.80071
     6543.5528716445    1087.84    2.80203
     6544.2219531216    1088.30    2.80016
     6544.8911030126    1022.66    2.71749
     6545.5603213245    987.239    2.67004
     6546.2296080643    1021.82    2.71561
     6546.8989632390    1053.53    2.76057
     6547.5683868556    1089.73    2.81066
     6548.2378789211    1106.14    2.82421
     6548.9074394425    1118.61    2.84640
     6549.5770684268    1113.97    2.82941
     6550.2467658810    1084.53    2.81350
     6550.9165318120    1081.13    2.82026
     6551.5863662270    1086.56    2.79816
     6552.2562691328    1095.97    2.80280
     6552.9262405366    1065.96    2.78977
     6553.5962804452    1036.01    2.75288
     6554.2663888658    1028.01    2.71516
     6554.9365658053    1006.67    2.69898
     6555.6068112707    1023.00    2.71466
     6556.2771252690    1050.06    2.74788
     6556.9475078072    1083.23    2.79247
     6557.6179588924    1097.64    2.81017
     6558.2884785316    1107.17    2.82367
     6558.9590667317    1100.47    2.81377
     6559.6297234997    1104.85    2.86525
     6560.3004488428    1096.58    2.80741
     6560.9712427679    978.699    2.96623
     6561.6421052819    794.324    3.04070
     6562.3130363920    762.305    2.47243
     6562.9840361051    885.997    3.18500
     6563.6551044283    1010.20    2.90437
     6564.3262413685    1062.95    2.76365
     6564.9974469328    1083.90    2.78766
     6565.6687211282    1084.26    2.79487
     6566.3400639617    1106.90    2.81702
     6567.0114754404    1117.47    2.82640
     6567.6829555712    1086.38    2.79342
     6568.3545043611    1052.32    2.75715
     6569.0261218173    1053.01    2.75407
     6569.6978079467    1073.99    2.77873
     6570.3695627563    1092.05    2.79562
     6571.0413862532    1061.93    2.75337
     6571.7132784443    992.702    2.70337
     6572.3852393368    986.791    2.67514
     6573.0572689376    1008.97    2.68792
     6573.7293672537    1010.90    2.69873
     6574.4015342922    1038.65    2.73227
     6575.0737700601    1073.31    2.77428
     6575.7460745645    1105.08    2.81613
     6576.4184478123    1111.83    2.82479
     6577.0908898106    1116.33    2.82831
     6577.7634005665    1106.49    2.81563
     6578.4359800869    1112.77    2.82361
     6579.1086283789    1097.23    2.82064
     6579.7813454495    1071.55    2.82291
     6580.4541313057    1057.34    2.75928
     6581.1269859546    1080.72    2.78406
     6581.7999094033    1102.73    2.81211
     6582.4729016587    1115.57    2.82550
     6583.1459627279    1115.79    2.82781
     6583.8190926179    1117.86    2.82917
     6584.4922913357    1110.85    2.81930
     6585.1655588885    1091.87    2.79797
     6585.8388952832    1100.16    2.80588
     6586.5123005269    1112.53    2.82896
     6587.1857746266    1117.05    2.82777
     6587.8593175893    1129.06    2.83926
     6588.5329294221    1126.08    2.83770
     6589.2066101321    1130.83    2.84035
     6589.8803597263    1124.78    2.83432
     6590.5541782117    1097.89    2.79921
     6591.2280655953    1049.90    2.73757
     6591.9020218843    967.164    2.66215
     6592.5760470856    926.734    2.70748
     6593.2501412064    962.423    2.62684
     6593.9243042536    1028.91    2.70827
     6594.5985362343    1081.71    2.77768
     6595.2728371555    1112.06    2.81336
     6595.9472070243    1110.51    2.81170
     6596.6216458478    1090.37    2.78762
     6597.2961536330    1081.10    2.77091
     6597.9707303870    1056.54    2.75138
     6598.6453761167    1068.60    2.76172
     6599.3200908293    1095.06    2.79393
     6599.9948745318    1123.08    2.82690
     6600.6697272313    1126.81    2.83182
     6601.3446489347    1126.31    2.83446
     6602.0196396493    1128.24    2.83305
     6602.6946993820    1123.76    2.82392
     6603.3698281399    1116.54    2.82194
     6604.0450259300    1092.22    2.78587
     6604.7202927594    1067.77    2.76000
     6605.3956286352    1068.89    2.75738
     6606.0710335644    1085.28    2.77463
     6606.7465075541    1078.52    2.76826
     6607.4220506114    1065.79    2.74757
     6608.0976627432    1035.39    2.72069
     6608.7733439567    1046.19    2.72971
     6609.4490942590    1077.88    2.76627
     6610.1249136570    1112.54    2.80750
     6610.8008021579    1128.07    2.82697
     6611.4767597688    1121.09    2.81914
     6612.1527864966    1102.26    2.79730
     6612.8288823485    1092.04    2.78166
     6613.5050473316    1103.60    2.79717
     6614.1812814528    1122.47    2.87580
     6614.8575847193    1126.75    2.83602
     6615.5339571381    1120.25    2.81748
     6616.2103987164    1108.01    2.79881
     6616.8869094611    1108.49    2.80363
     6617.5634893794    1118.23    2.81748
     6618.2401384783    1113.52    2.81801
     6618.9168567650    1125.64    2.82891
     6619.5936442464    1126.26    2.82987
     6620.2705009296    1120.38    2.81778
     6620.9474268218    1116.73    2.81513
     6621.6244219299    1115.83    2.81461
     6622.3014862612    1118.04    2.81362
     6622.9786198226    1098.88    2.78714
     6623.6558226213    1061.22    2.74935
     6624.3330946642    1055.03    2.76891
     6625.0104359586    1070.53    2.76906
     6625.6878465114    1095.90    2.78960
     6626.3653263298    1099.38    2.79283
     6627.0428754209    1094.30    2.78948
     6627.7204937916    1102.04    2.79599
     6628.3981814492    1091.14    2.78116
     6629.0759384007    1077.02    2.76222
     6629.7537646531    1090.03    2.78169
     6630.4316602137    1086.32    2.77997
     6631.1096250893    1085.13    2.77287
     6631.7876592872    1070.60    2.80601
     6632.4657628145    1047.63    2.82756
     6633.1439356781    1041.36    2.72244
     6633.8221778853    1054.91    2.73708
     6634.5004894430    1080.47    2.76180
     6635.1788703585    1093.99    2.78183
     6635.8573206387    1105.39    2.79802
     6636.5358402908    1113.16    2.80973
     6637.2144293219    1106.65    2.79805
     6637.8930877390    1107.02    2.79431
     6638.5718155493    1095.24    2.78213
     6639.2506127598    1103.27    2.79706
     6639.9294793777    1105.27    2.79620
     6640.6084154100    1117.26    2.81201
     6641.2874208639    1121.20    2.81074
     6641.9664957463    1097.34    2.78144
     6642.6456400646    1044.19    2.72609
     6643.3248538257    1052.66    2.72689
     6644.0041370367    1080.48    2.76359
     6644.6834897047    1111.37    2.80205
     6645.3629118369    1122.89    2.81837
     6646.0424034404    1112.41    2.81183
     6646.7219645222    1105.71    2.79922
     6647.4015950894    1109.07    2.79916
     6648.0812951492    1111.45    2.79955
     6648.7610647087    1107.43    2.80264
     6649.4409037749    1110.65    2.80304
     6650.1208123550    1099.35    2.79217
     6650.8007904561    1089.33    2.77529
     6651.4808380853    1091.69    2.77704
     6652.1609552497    1098.92    2.78912
     6652.8411419563    1093.26    2.77911
     6653.5213982125    1090.89    2.77907
     6654.2017240251    1098.67    2.78193
     6654.8821194014    1098.15    2.78245
     6655.5625843485    1092.60    2.77082
     6656.2431188734    1084.85    2.79356
     6656.9237229834    1094.32    2.80370
     6657.6043966854    1097.49    2.78110
     6658.2851399866    1095.44    2.78134
     6658.9659528942    1093.24    2.77216
     6659.6468354152    1069.17    2.74741
     6660.3277875568    1063.63    2.73704
     6661.0088093261    1071.05    2.74899
     6661.6899007302    1061.89    2.73469
     6662.3710617763    1011.42    2.67085
     6663.0522924713    1025.94    2.68755
     6663.7335928226    1053.90    2.72314
     6664.4149628371    1064.70    2.73433
     6665.0964025221    1059.48    2.73622
     6665.7779118846    1065.85    2.74001
     6666.4594909318    1064.16    2.74371
     6667.1411396707    1062.30    2.74650
     6667.8228581086    1075.11    2.75488
     6668.5046462525    1086.96    2.76632
     6669.1865041096    1102.56    2.78816
     6669.8684316870    1122.54    2.81623
     6670.5504289918    1125.96    2.81252
     6671.2324960312    1120.87    2.80870
     6671.9146328122    1124.03    2.81207
     6672.5968393421    1112.89    2.80096
     6673.2791156279    1114.15    2.80016
     6673.9614616768    1100.75    2.78557
     6674.6438774960    1099.32    2.77899
     6675.3263630925    1110.45    2.79327
     6676.0089184734    1072.42    2.73958
     6676.6915436460    987.843    2.71184
     6677.3742386174    933.640    2.69170
     6678.0570033946    973.556    2.66665
     6678.7398379849    1035.09    2.71423
     6679.4227423953    1070.35    2.74031
     6680.1057166330    1067.15    2.74223
     6680.7887607053    1069.05    2.74264
     6681.4718746190    1069.32    2.74543
     6682.1550583816    1067.16    2.73871
     6682.8383120000    1071.50    2.74307
     6683.5216354814    1073.84    2.74498
     6684.2050288329    1087.31    2.75880
     6684.8884920618    1082.27    2.75806
     6685.5720251751    1084.57    2.75701
     6686.2556281801    1080.59    2.75510
     6686.9393010837    1081.16    2.75469
     6687.6230438933    1083.10    2.75833
     6688.3068566158    1082.58    2.75731
     6688.9907392586    1076.23    2.74904
     6689.6746918287    1070.42    2.74430
     6690.3587143333    1074.38    2.74833
     6691.0428067795    1084.27    2.75761
     6691.7269691745    1087.60    2.76308
     6692.4112015255    1093.03    2.77263
     6693.0955038395    1080.47    2.75014
     6693.7798761238    1078.21    2.74478
     6694.4643183855    1056.46    2.72403
     6695.1488306317    1008.64    2.66973
     6695.8334128697    1008.77    2.66788
     6696.5180651065    1043.13    2.69949
     6697.2027873494    1044.76    2.70544
     6697.8875796054    1037.09    2.70430
     6698.5724418818    1060.01    2.72868
     6699.2573741856    1083.59    2.75713
     6699.9423765242    1096.17    2.77079
     6700.6274489045    1099.88    2.77887
     6701.3125913339    1101.50    2.77830
     6701.9978038194    1081.10    2.75300
     6702.6830863682    1061.89    2.72730
     6703.3684389875    1068.27    2.73742
     6704.0538616844    1062.00    2.73219
     6704.7393544661    1074.68    2.74301
     6705.4249173398    1082.84    2.75361
     6706.1105503127    1086.28    2.75774
     6706.7962533918    1089.44    2.76324
     6707.4820265844    1094.86    2.77179
     6708.1678698977    1101.81    2.77816
     6708.8537833388    1087.10    2.76250
     6709.5397669148    1069.94    2.74211
     6710.2258206330    1068.52    2.73876
     6710.9119445006    1072.28    2.74222
     6711.5981385246    1069.23    2.73891
     6712.2844027123    1057.43    2.71887
     6712.9707370709    1056.06    2.71734
     6713.6571416075    1044.38    2.70999
     6714.3436163293    1023.15    2.68077
     6715.0301612435    1023.44    2.66945
     6715.7167763572    991.305    2.61947
     6716.4034616776    890.238    2.53627
     6717.0902172120    868.390    2.53192
     6717.7770429674    946.209    2.58663
     6718.4639389512   1003.481    2.64309
     6719.1509051703    1030.43    2.68294
     6719.8379416321    1050.57    2.71324
     6720.5250483437    1052.07    2.71199
     6721.2122253123    1050.49    2.71348
     6721.8994725451    1059.61    2.72157
     6722.5867900493    1055.87    2.71968
     6723.2741778320    1057.64    2.71739
     6723.9616359004    1053.49    2.71173
     6724.6491642618    1051.36    2.70611
     6725.3367629233    1037.07    2.69049
     6726.0244318920    1029.57    2.68847
     6726.7121711753    1059.91    2.75335
     6727.3999807802    1055.69    2.73256
     6728.0878607141    1070.47    2.73450
     6728.7758109839    1073.20    2.74187
     6729.4638315970    1075.21    2.74906
     6730.1519225606    1060.23    2.72721
     6730.8400838818    1061.50    2.72603
     6731.5283155678    1052.02    2.71580
     6732.2166176259    1053.93    2.71757
     6732.9049900632    1057.44    2.72039
     6733.5934328869    1061.07    2.72477
     6734.2819461042    1069.64    2.73336
     6734.9705297223    1066.89    2.73419
     6735.6591837484    1075.51    2.74240
     6736.3479081898    1071.15    2.73410
     6737.0367030535    1069.82    2.73357
     6737.7255683469    1054.17    2.71609
     6738.4145040771    1044.16    2.70032
     6739.1035102513    1050.34    2.71109
     6739.7925868767    1067.98    2.72841
     6740.4817339605    1073.93    2.74185
     6741.1709515100    1069.08    2.73160
     6741.8602395323    1025.27    2.68396
     6742.5495980346   1002.935    2.65523
     6743.2390270242    1034.35    2.68028
     6743.9285265082    1040.97    2.69726
     6744.6180964939    1043.60    2.69970
     6745.3077369884    1033.64    2.68866
     6745.9974479991    1035.06    2.69046
     6746.6872295330    1029.99    2.68330
     6747.3770815974    1041.26    2.69814
     6748.0670041995    1030.95    2.68090
     6748.7569973465   1005.429    2.65113
     6749.4470610457    992.613    2.63714
     6750.1371953043    1021.27    2.66674
     6750.8274001294    1022.41    2.67407
     6751.5176755282    1007.17    2.65230
     6752.2080215081    989.566    2.63633
     6752.8984380762    1033.50    2.68107
     6753.5889252397    1041.25    2.69664
     6754.2794830059    1040.05    2.69835
     6754.9701113819    1032.75    2.68544
     6755.6608103751    1049.23    2.70817
     6756.3515799925    1067.67    2.72992
     6757.0424202415    1093.87    2.76059
     6757.7333311292    1087.87    2.75553
     6758.4243126629    1071.98    2.73619
     6759.1153648498    1056.58    2.71667
     6759.8064876971    1054.66    2.71363
     6760.4976812121    1072.06    2.72899
     6761.1889454019    1074.01    2.73428
     6761.8802802738    1083.74    2.74572
     6762.5716858351    1076.93    2.73934
     6763.2631620929    1042.71    2.69681
     6763.9547090546    1037.74    2.68962
     6764.6463267272    1055.80    2.71577
     6765.3380151181    1051.99    2.71258
     6766.0297742344    1049.43    2.70174
     6766.7216040835    1014.75    2.66513
     6767.4135046725    998.136    2.63734
     6768.1054760086    990.912    2.63672
     6768.7975180992    1035.21    2.68308
     6769.4896309514    1049.62    2.70468
     6770.1818145725    1069.43    2.72983
     6770.8740689697    1060.30    2.71649
     6771.5663941503    1040.76    2.71725
     6772.2587901214    1034.01    2.68884
     6772.9512568904    1047.11    2.70587
     6773.6437944645    1077.18    2.73859
     6774.3364028508    1096.87    2.76372
     6775.0290820567    1094.20    2.76041
     6775.7218320894    1082.29    2.74265
     6776.4146529561    1059.97    2.71954
     6777.1075446640    1053.82    2.71132
     6777.8005072205    1056.22    2.71428
     6778.4935406328    1065.94    2.72237
     6779.1866449080    1078.96    2.74315
     6779.8798200536    1076.84    2.73861
     6780.5730660766    1046.58    2.69965
     6781.2663829843    1043.10    2.69133
     6781.9597707840    1012.55    2.65964
     6782.6532294830    991.490    2.63251
     6783.3467590885    983.346    2.62140
     6784.0403596077    988.310    2.62614
     6784.7340310479   1002.663    2.64481
     6785.4277734164    1012.24    2.65563
     6786.1215867203    1017.67    2.66349
     6786.8154709670    1026.28    2.66888
     6787.5094261637    1041.99    2.69639
     6788.2034523177    1031.59    2.68679
     6788.8975494362    1026.81    2.67941
     6789.5917175264    1042.39    2.69670
     6790.2859565957    1057.49    2.71268
     6790.9802666512    1049.18    2.70792
     6791.6746477003    1053.21    2.70538
     6792.3690997502    1024.42    2.67555
     6793.0636228081    1014.61    2.66296
     6793.7582168814    1035.19    2.68461
     6794.4528819773    1055.76    2.70972
     6795.1476181030    1034.05    2.68477
     6795.8424252658    1025.32    2.67131
     6796.5373034730    1036.83    2.68148
     6797.2322527318    1009.92    2.65923
     6797.9272730495    1015.40    2.65991
     6798.6223644334    1039.66    2.69350
     6799.3175268907    1067.58    2.71890
     6800.0127604288    1047.04    2.70220
     6800.7080650548    1065.49    2.77677
     6801.4034407760    1063.36    2.72630
     6802.0988875997    1054.61    2.71512
     6802.7944055332    1044.70    2.70073
     6803.4899945838    1055.05    2.70835
     6804.1856547587    1050.92    2.70652
     6804.8813860652    1043.45    2.70467
     6805.5771885105    1018.30    2.68266
     6806.2730621020    1013.90    2.68441
     6806.9690068469    1021.66    2.67806
     6807.6650227525    1047.44    2.75692
     6808.3611098260    1070.50    2.73585
     6809.0572680748    1038.55    2.69422
     6809.7534975061    1025.05    2.67274
     6810.4497981272    1030.23    2.67570
     6811.1461699454    1031.78    2.68342
     6811.8426129680    1044.94    2.70222
     6812.5391272022    1075.66    2.73066
     6813.2357126553    1080.85    2.73295
     6813.9323693346    1034.04    2.72718
     6814.6290972474   1000.710    2.66260
     6815.3258964010    1013.82    2.65771
     6816.0227668026    1026.73    2.67236
     6816.7197084596    1045.87    2.69956
     6817.4167213792    1064.56    2.72289
     6818.1138055687    1034.14    2.68791
     6818.8109610354    996.117    2.64536
     6819.5081877865    1017.45    2.66564
     6820.2054858295    1054.17    2.70484
     6820.9028551715    1063.94    2.72454
     6821.6002958199    1061.56    2.71582
     6822.2978077819    1030.15    2.67843
     6822.9953910649    1007.63    2.65298
     6823.6930456761    1022.04    2.66726
     6824.3907716228    1072.27    2.73204
     6825.0885689124    1086.66    2.74885
     6825.7864375520    1052.57    2.70885
     6826.4843775491    1031.56    2.67899
     6827.1823889109   1004.662    2.65437
     6827.8804716447    1019.35    2.67028
     6828.5786257577    1057.48    2.71039
     6829.2768512574    1062.14    2.71972
     6829.9751481510    1051.87    2.70869
     6830.6735164457    1024.72    2.67014
     6831.3719561490    1010.54    2.65543
     6832.0704672681    1027.59    2.67934
     6832.7690498103    1052.14    2.70808
     6833.4677037828    1071.92    2.72838
     6834.1664291931    1061.49    2.71649
     6834.8652260484    1045.88    2.69217
     6835.5640943561    1015.80    2.66433
     6836.2630341233    1031.08    2.67762
     6836.9620453575    1046.01    2.69280
     6837.6611280659    1051.58    2.69902
     6838.3602822559    1024.18    2.67086
     6839.0595079347    1029.06    2.66840
     6839.7588051097    1024.31    2.66404
     6840.4581737882    994.932    2.63318
     6841.1576139775    991.762    2.62919
     6841.8571256848    1009.99    2.64786
     6842.5567089176    1015.10    2.65832
     6843.2563636831    1022.14    2.66354
     6843.9560899886    1028.17    2.67707
     6844.6558878415    1042.16    2.73983
     6845.3557572491    1029.57    2.67749
     6846.0556982187    1033.16    2.67425
     6846.7557107576    1022.52    2.67132
     6847.4557948730    1038.52    2.68659
     6848.1559505725    1056.87    2.70472
     6848.8561778632    1043.40    2.69150
     6849.5564767525    1012.26    2.65961
     6850.2568472476    1008.40    2.65397
     6850.9572893561    1010.46    2.65284
     6851.6578030850    1028.39    2.67169
     6852.3583884418    1014.75    2.65966
     6853.0590454339    1018.40    2.65517
     6853.7597740684   1000.906    2.64104
     6854.4605743528    991.015    2.62711
     6855.1614462944    989.563    2.62460
     6855.8623899004    997.115    2.63610
     6856.5634051783    988.699    2.62012
     6857.2644921353    992.865    2.62301
     6857.9656507789    1007.85    2.64846
     6858.6668811162   1000.328    2.64403
     6859.3681831547    1007.12    2.64569
     6860.0695569016    988.980    2.61790
     6860.7710023644    950.590    2.58025
     6861.4725195503    964.733    2.59488
     6862.1741084667    974.391    2.60015
     6862.8757691209    1032.11    2.67396
     6863.5775015202    1060.41    2.72405
     6864.2793056720    1021.12    2.91534
     6864.9811815836    934.453    3.33122
     6865.6831292624    929.948    3.09658
     6866.3851487157    989.454    3.14008
     6867.0872399508    1039.97    3.14845
     6867.7894029751    1030.30    3.07378
     6868.4916377959    1020.32    3.03975
     6869.1939444206    973.411    2.94233
     6869.8963228564    954.480    2.91340
     6870.5987731108    957.816    2.88364
     6871.3012951910    947.262    2.86376
     6872.0038891045    980.222    2.88450
     6872.7065548586    1026.67    2.92096
     6873.4092924606   1001.488    2.87287
     6874.1121019178   1002.092    2.85931
     6874.8149832377    1011.35    2.86463
     6875.5179364275    1060.93    2.88371
     6876.2209614946    1053.98    2.85317
     6876.9240584464    1041.67    2.83853
     6877.6272272901    1059.65    2.87061
     6878.3304680333    1096.81    2.89988
     6879.0337806831    1068.76    2.74047
     6879.7371652470    1011.66    2.70350
     6880.4406217324    955.434    2.63143
     6881.1441501465    949.892    2.64552
     6881.8477504967    959.910    2.65236
     6882.5514227904    933.310    2.62467
     6883.2551670349    975.560    2.72829
     6883.9589832376    1024.91    2.84015
     6884.6628714059    1025.86    2.81586
     6885.3668315471    964.116    2.69862
     6886.0708636685    973.920    2.71580
     6886.7749677776    1016.94    2.84247
     6887.4791438817    1095.16    2.95507
     6888.1833919881    1072.68    2.85298
     6888.8877121042    1038.37    2.76418
     6889.5921042375    1028.41    2.80872
     6890.2965683951    1054.96    2.91291
     6891.0011045845    1058.66    2.93878
     6891.7057128132    1067.99    2.87461
     6892.4103930883    1063.32    2.83562
     6893.1151454174    1052.54    2.82329
     6893.8199698077    1050.69    2.88008
     6894.5248662667    1058.89    2.91855
     6895.2298348017    1048.68    2.81907
     6895.9348754200    1046.00    2.73215
     6896.6399881291    1048.63    2.74264
     6897.3451729363    1022.92    2.79410
     6898.0504298490    1058.11    2.89060
     6898.7557588746    1051.11    2.85304
     6899.4611600204    1032.88    2.75458
     6900.1666332938    1015.87    2.67594
     6900.8721787023    979.948    2.65710
     6901.5777962530    964.594    2.70874
     6902.2834859535    1037.02    2.83847
     6902.9892478112    1080.54    2.85921
     6903.6950818333    1089.58    2.80721
     6904.4009880273    1077.68    2.73770
     6905.1069664005    1019.52    2.68598
     6905.8130169604    1050.65    2.78520
     6906.5191397143    1082.86    2.86846
     6907.2253346696    1101.89    2.87252
     6907.9316018337    1123.16    2.83443
     6908.6379412139    1101.40    2.78314
     6909.3443528177    1108.33    2.77388
     6910.0508366524    1070.51    2.75051
     6910.7573927254    1018.70    2.75403
     6911.4640210442    1066.50    2.81805
     6912.1707216160    1093.45    2.82199
     6912.8774944483    1084.43    2.76057
     6913.5843395485    1046.71    2.69803
     6914.2912569239    1090.03    2.73271
     6914.9982465820    1045.79    2.72071
     6915.7053085301    1011.48    2.71684
     6916.4124427756    1038.93    2.75438
     6917.1196493260    1051.49    2.74286
     6917.8269281886   1005.751    2.73818
     6918.5342793708    990.675    2.62557
     6919.2417028800    1007.85    2.64271
     6919.9491987236    1060.65    2.72052
     6920.6567669089    1089.55    2.78368
     6921.3644074435    1094.42    2.82066
     6922.0721203347    1114.11    2.82937
     6922.7799055898    1093.72    2.77876
     6923.4877632164    1056.10    2.71872
     6924.1956932217    1042.75    2.69357
     6924.9036956133    1015.33    2.65863
     6925.6117703984    1054.55    2.71000
     6926.3199175845    1103.94    2.80090
     6927.0281371790    1121.47    2.84572
     6927.7364291893    1152.10    2.86312
     6928.4447936228    1144.73    2.84135
     6929.1532304869    1145.93    2.83010
     6929.8617397890    1131.07    2.91812
     6930.5703215366    1141.64    2.82535
     6931.2789757370    1142.01    2.83425
     6931.9877023976    1113.71    2.80349
     6932.6965015258    1087.51    2.77317
     6933.4053731292    1131.58    2.80826
     6934.1143172150    1137.60    2.80262
     6934.8233337906    1110.47    2.78265
     6935.5324228636    1118.03    2.80274
     6936.2415844413    1130.13    2.83229
     6936.9508185310    1126.49    2.89113
     6937.6601251404    1109.96    2.82044
     6938.3695042766    1111.41    2.81410
     6939.0789559472    1121.14    2.82618
     6939.7884801597    1152.50    2.85419
     6940.4980769213    1160.75    2.85850
     6941.2077462395    1164.10    2.85845
     6941.9174881217    1175.17    2.86094
     6942.6273025754    1163.65    2.83204
     6943.3371896080    1122.78    2.77816
     6944.0471492269    1109.14   -2.76650
     6944.7571814395  0.   -1.00000
     6945.4672862532  0.   -1.00000
     6946.1774636755  0.   -1.00000
