     5638.4610805046    753.103   -1.98364
     5639.0376159040    757.846    1.98821
     5639.6142102544    766.984    1.99909
     5640.1908635619    773.395    2.00752
     5640.7675758325    771.054    2.00225
     5641.3443470722    758.147    1.99120
     5641.9211772870    760.454    1.99426
     5642.4980664830    763.850    1.99459
     5643.0750146661    760.651    1.99043
     5643.6520218426    770.919    1.99875
     5644.2290880182    761.590    2.00434
     5644.8062131992    790.405    2.06306
     5645.3833973916    836.479    2.24255
     5645.9606406012    917.070    2.72080
     5646.5379428343    779.744    3.05463
     5647.1153040968    654.904    2.51811
     5647.6927243948    798.923    2.01707
     5648.2702037343    776.632    2.01295
     5648.8477421214    777.657    2.01056
     5649.4253395620    779.169    2.00897
     5650.0029960622    774.915    2.01951
     5650.5807116281    780.770    2.01171
     5651.1584862657    772.954    2.00968
     5651.7363199811    785.690    2.01481
     5652.3142127802    782.942    2.01806
     5652.8921646691    786.689    2.01944
     5653.4701756539    787.818    2.02136
     5654.0482457406    779.641    2.01489
     5654.6263749353    771.574    2.00215
     5655.2045632439    767.384    1.99868
     5655.7828106726    760.195    1.98499
     5656.3611172274    768.104    1.99860
     5656.9394829143    773.329    1.99792
     5657.5179077394    759.334    2.01073
     5658.0963917087    737.158    1.97468
     5658.6749348282    717.188    1.93267
     5659.2535371041    714.407    1.96395
     5659.8321985423    734.016    2.01478
     5660.4109191490    761.264    1.98359
     5660.9896989301    773.562    1.99761
     5661.5685378918    769.493    1.99249
     5662.1474360400    759.502    1.98083
     5662.7263933808    748.381    1.97009
     5663.3054099203    750.310    1.97280
     5663.8844856645    766.543    1.99167
     5664.4636206195    781.516    2.00789
     5665.0428147913    787.851    2.01792
     5665.6220681860    794.811    2.02526
     5666.2013808097    791.586    2.02242
     5666.7807526683    784.995    2.01189
     5667.3601837680    787.236    2.01697
     5667.9396741149    780.641    2.00765
     5668.5192237148    784.645    2.01145
     5669.0988325741    794.117    2.02733
     5669.6785006986    790.883    2.02087
     5670.2582280944    792.053    2.02146
     5670.8380147677    790.183    2.02143
     5671.4178607245    797.238    2.02769
     5671.9977659707    795.691    2.02526
     5672.5777305126    794.937    2.02310
     5673.1577543561    802.119    2.02963
     5673.7378375074    804.149    2.03413
     5674.3179799724    806.498    2.03739
     5674.8981817573    795.073    2.02178
     5675.4784428681    791.183    2.01507
     5676.0587633109    791.746    2.02375
     5676.6391430917    799.521    2.02948
     5677.2195822166    805.391    2.03195
     5677.8000806918    804.523    2.03281
     5678.3806385231    804.464    2.03543
     5678.9612557169    801.474    2.03110
     5679.5419322789    793.222    2.02231
     5680.1226682155    794.307    2.02207
     5680.7034635326    801.560    2.02984
     5681.2843182363    800.196    2.02618
     5681.8652323327    787.601    2.01187
     5682.4462058278    773.377    1.99118
     5683.0272387277    768.638    1.98525
     5683.6083310386    762.070    1.97359
     5684.1894827664    777.196    1.99556
     5684.7706939173    788.992    2.00623
     5685.3519644972    787.334    2.00961
     5685.9332945124    791.989    2.01121
     5686.5146839689    788.445    2.00920
     5687.0961328727    779.767    1.99970
     5687.6776412300    768.377    1.98439
     5688.2592090468    761.759    1.97698
     5688.8408363291    772.190    1.98708
     5689.4225230832    779.777    1.99790
     5690.0042693150    785.101    2.00415
     5690.5860750306    799.916    2.02354
     5691.1679402361    800.959    2.02251
     5691.7498649377    801.638    2.02338
     5692.3318491413    805.992    2.02636
     5692.9138928531    808.512    2.03168
     5693.4959960792    809.916    2.03607
     5694.0781588256    807.156    2.03175
     5694.6603810984    799.686    2.01812
     5695.2426629037    795.880    2.01041
     5695.8250042477    806.048    2.02380
     5696.4074051363    813.344    2.03711
     5696.9898655757    813.559    2.03851
     5697.5723855719    801.332    2.01913
     5698.1549651311    792.108    2.01061
     5698.7376042594    793.973    2.01047
     5699.3203029628    792.426    2.00907
     5699.9030612474    800.191    2.01692
     5700.4858791194    801.004    2.01744
     5701.0687565847    786.070    2.00343
     5701.6516936496    780.618    1.99440
     5702.2346903200    776.906    1.98950
     5702.8177466022    784.071    1.99614
     5703.4008625021    803.461    2.02492
     5703.9840380259    807.223    2.02877
     5704.5672731797    802.775    2.01920
     5705.1505679696    796.736    2.00889
     5705.7339224017    787.696    1.99885
     5706.3173364820    781.838    1.98993
     5706.9008102168    778.206    1.98900
     5707.4843436119    780.945    1.98728
     5708.0679366737    770.771    1.99067
     5708.6515894081    749.768    1.98486
     5709.2353018214    737.884    1.93168
     5709.8190739195    729.415    1.92173
     5710.4029057085    733.447    1.92545
     5710.9867971947    738.509    1.93450
     5711.5707483841    741.028    1.93634
     5712.1547592827    754.196    1.99588
     5712.7388298967    769.585    1.98563
     5713.3229602323    794.661    2.00467
     5713.9071502955    810.740    2.01905
     5714.4914000923    801.411    2.01224
     5715.0757096291    797.972    2.00614
     5715.6600789117    800.935    2.00802
     5716.2445079464    804.739    2.00740
     5716.8289967392    810.520    2.01287
     5717.4135452964    804.347    2.00675
     5717.9981536238    804.051    2.00485
     5718.5828217278    809.549    2.01824
     5719.1675496144    812.522    2.02118
     5719.7523372897    823.580    2.03058
     5720.3371847598    816.810    2.02228
     5720.9220920308    822.386    2.03217
     5721.5070591089    829.520    2.03881
     5722.0920860002    824.659    2.03405
     5722.6771727108    824.937    2.02883
     5723.2623192467    822.123    2.02574
     5723.8475256142    822.153    2.02680
     5724.4327918193    826.191    2.03271
     5725.0181178682    828.233    2.03536
     5725.6035037669    818.912    2.01796
     5726.1889495217    814.604    2.01881
     5726.7744551385    802.282    2.00206
     5727.3600206236    803.937    2.00538
     5727.9456459831    809.376    2.00673
     5728.5313312230    812.185    2.01122
     5729.1170763495    822.879    2.02164
     5729.7028813688    825.508    2.21254
     5730.2887462869    822.371    2.31804
     5730.8746711099    812.750    2.01175
     5731.4606558441    808.724    2.00373
     5732.0467004955    809.445    2.00747
     5732.6328050703    812.636    2.00760
     5733.2189695745    823.048    2.02042
     5733.8051940143    822.093    2.05776
     5734.3914783959    825.076    2.03016
     5734.9778227253    824.695    2.01796
     5735.5642270088    827.879    2.02388
     5736.1506912523    829.583    2.03017
     5736.7372154621    825.817    2.02505
     5737.3237996443    825.153    2.01861
     5737.9104438051    826.279    2.01881
     5738.4971479504    823.796    2.01341
     5739.0839120866    821.824    2.00811
     5739.6707362197    828.150    2.02244
     5740.2576203558    827.086    2.01814
     5740.8445645011    826.143    2.01506
     5741.4315686617    820.226    2.00815
     5742.0186328439    825.746    2.01297
     5742.6057570536    820.480    2.00338
     5743.1929412970    820.250    2.00924
     5743.7801855803    829.329    2.01603
     5744.3674899096    828.484    2.01614
     5744.9548542911    830.220    2.01631
     5745.5422787309    831.585    2.01755
     5746.1297632351    830.154    2.01500
     5746.7173078099    822.723    2.00470
     5747.3049124614    816.818    1.99492
     5747.8925771958    814.342    1.99478
     5748.4803020192    811.830    1.98543
     5749.0680869377    815.840    1.99379
     5749.6559319576    827.528    2.00542
     5750.2438370848    828.320    2.00547
     5750.8318023257    825.923    2.00465
     5751.4198276863    821.074    1.99992
     5752.0079131728    813.120    1.98901
     5752.5960587912    795.670    1.96928
     5753.1842645479    785.926    1.95191
     5753.7725304489    785.644    1.96547
     5754.3608565004    784.315    1.99252
     5754.9492427085    797.232    1.96328
     5755.5376890794    805.856    1.97554
     5756.1261956192    822.388    1.99852
     5756.7147623341    829.130    2.00356
     5757.3033892302    827.957    2.00321
     5757.8920763137    829.554    2.00054
     5758.4808235908    827.779    1.99954
     5759.0696310675    829.103    1.99876
     5759.6584987501    824.610    1.99662
     5760.2474266447    824.087    1.99635
     5760.8364147575    822.488    1.99274
     5761.4254630946    809.690    1.98739
     5762.0145716622    799.326    2.00513
     5762.6037404664    789.472    1.95062
     5763.1929695134    789.163    1.94841
     5763.7822588094    803.167    1.96915
     5764.3716083605    822.375    1.98631
     5764.9610181728    829.796    1.99211
     5765.5504882526    833.445    1.99912
     5766.1400186061    833.482    2.00064
     5766.7296092392    833.116    2.00087
     5767.3192601583    834.119    2.00102
     5767.9089713695    837.159    2.00197
     5768.4987428790    836.450    2.00047
     5769.0885746929    830.981    1.99396
     5769.6784668174    834.413    1.99527
     5770.2684192586    835.290    2.00064
     5770.8584320228    835.195    1.99862
     5771.4485051161    827.960    1.98699
     5772.0386385446    817.178    1.97402
     5772.6288323145    825.936    1.98721
     5773.2190864321    829.405    1.98898
     5773.8094009034    824.169    1.97874
     5774.3997757346    816.383    1.97119
     5774.9902109320    817.765    1.97348
     5775.5807065017    823.037    1.97962
     5776.1712624498    828.800    1.98483
     5776.7618787826    831.678    1.98719
     5777.3525555062    829.876    1.98502
     5777.9432926267    837.021    1.99133
     5778.5340901504    830.443    1.98746
     5779.1249480835    822.658    1.97520
     5779.7158664320    818.833    1.96513
     5780.3068452023    815.266    1.96589
     5780.8978844004    812.889    1.96542
     5781.4889840326    800.643    1.94903
     5782.0801441050    798.194    1.94541
     5782.6713646238    808.510    1.96211
     5783.2626455952    808.614    1.96519
     5783.8539870253    809.942    1.95564
     5784.4453889204    802.746    1.94817
     5785.0368512866    794.200    1.93608
     5785.6283741302    796.116    1.93832
     5786.2199574573    806.213    1.94640
     5786.8116012740    823.554    1.97176
     5787.4033055866    824.299    1.97021
     5787.9950704012    827.252    1.97629
     5788.5868957242    825.000    1.97120
     5789.1787815615    831.847    1.97951
     5789.7707279194    828.137    1.97042
     5790.3627348042    810.958    1.95786
     5790.9548022219    805.511    1.94839
     5791.5469301788    807.984    1.94903
     5792.1391186811    818.629    1.95941
     5792.7313677350    828.009    1.96940
     5793.3236773466    830.682    1.97331
     5793.9160475222    830.777    1.97168
     5794.5084782679    832.279    1.97124
     5795.1009695899    837.004    1.97385
     5795.6935214945    840.695    1.97981
     5796.2861339878    838.082    1.97742
     5796.8788070760    832.906    1.96899
     5797.4715407653    827.403    1.96195
     5798.0643350619    825.890    1.96108
     5798.6571899720    825.166    1.96550
     5799.2501055019    837.394    1.97541
     5799.8430816576    845.240    1.98151
     5800.4361184455    844.530    1.98063
     5801.0292158716    841.701    1.97697
     5801.6223739422    840.477    1.97361
     5802.2155926636    846.422    1.97939
     5802.8088720418    839.646    1.97064
     5803.4022120832    837.420    1.97030
     5803.9956127938    830.219    1.95857
     5804.5890741800    822.884    1.95354
     5805.1825962479    831.166    1.96149
     5805.7761790037    832.455    1.96225
     5806.3698224537    830.268    1.95854
     5806.9635266039    833.293    1.95982
     5807.5572914608    834.065    2.00153
     5808.1511170303    837.553    2.00157
     5808.7450033188    833.706    1.96006
     5809.3389503325    830.531    1.95406
     5809.9329580775    836.607    1.95749
     5810.5270265602    840.169    1.96468
     5811.1211557866    845.184    1.97154
     5811.7153457630    846.456    1.98690
     5812.3095964957    846.957    1.97555
     5812.9039079907    847.510    1.97398
     5813.4982802544    844.783    1.97249
     5814.0927132930    847.461    1.97430
     5814.6872071126    845.874    1.96730
     5815.2817617196    835.408    1.95761
     5815.8763771200    829.591    1.95276
     5816.4710533201    828.595    1.94847
     5817.0657903262    827.533    1.94789
     5817.6605881444    841.144    1.96079
     5818.2554467810    853.672    1.97811
     5818.8503662421    853.830    1.97922
     5819.4453465341    853.874    1.97557
     5820.0403876631    849.226    1.96821
     5820.6354896353    849.588    1.97014
     5821.2306524570    850.964    1.97075
     5821.8258761344    851.314    1.97027
     5822.4211606738    846.030    1.96446
     5823.0165060812    850.132    1.96771
     5823.6119123630    847.259    1.96395
     5824.2073795254    847.658    1.96443
     5824.8029075746    853.014    1.96809
     5825.3984965168    850.777    1.97027
     5825.9941463583    856.003    1.97255
     5826.5898571053    853.904    1.97263
     5827.1856287640    853.371    1.96906
     5827.7814613406    855.344    1.97280
     5828.3773548414    851.198    1.96567
     5828.9733092726    855.560    1.97276
     5829.5693246405    854.406    1.97386
     5830.1654009512    852.187    1.96900
     5830.7615382110    856.639    2.02616
     5831.3577364261    856.192    1.98457
     5831.9539956028    851.065    1.96457
     5832.5503157472    849.732    1.96145
     5833.1466968657    853.372    1.96224
     5833.7431389645    852.793    1.96285
     5834.3396420498    847.438    1.95996
     5834.9362061277    850.588    1.95825
     5835.5328312047    851.220    1.96169
     5836.1295172869    852.470    1.96301
     5836.7262643805    855.756    1.96646
     5837.3230724918    851.267    1.96377
     5837.9199416270    851.896    1.96831
     5838.5168717923    849.782    1.95668
     5839.1138629941    854.987    1.96509
     5839.7109152385    856.391    1.96419
     5840.3080285318    854.985    1.96008
     5840.9052028802    856.850    1.96207
     5841.5024382900    855.929    1.96005
     5842.0997347674    856.466    1.95901
     5842.6970923187    856.288    1.96079
     5843.2945109500    857.314    1.95958
     5843.8919906677    854.491    1.95730
     5844.4895314780    857.321    1.96149
     5845.0871333872    859.620    1.96618
     5845.6847964014    854.250    1.95842
     5846.2825205270    848.580    1.94558
     5846.8803057701    842.893    1.94128
     5847.4781521371    849.717    1.95033
     5848.0760596341    845.374    1.94245
     5848.6740282675    850.907    1.95006
     5849.2720580435    853.419    1.95930
     5849.8701489683    855.525    1.95580
     5850.4683010482    850.225    1.94852
     5851.0665142895    855.743    1.95016
     5851.6647886983    848.133    1.94261
     5852.2631242810    838.611    1.93519
     5852.8615210438    841.456    1.93604
     5853.4599789930    834.440    1.93041
     5854.0584981348    839.783    1.93312
     5854.6570784754    841.673    1.93506
     5855.2557200212    845.020    1.93806
     5855.8544227784    839.103    1.92890
     5856.4531867532    818.846    1.90748
     5857.0520119519    785.709    1.86924
     5857.6508983808    779.317    1.86324
     5858.2498460462    796.089    1.88455
     5858.8488549542    820.805    1.91201
     5859.4479251112    835.593    1.92566
     5860.0470565234    837.628    1.92841
     5860.6462491970    843.538    1.93275
     5861.2455031385    845.692    1.93282
     5861.8448183539    833.691    1.92194
     5862.4441948496    827.822    1.91485
     5863.0436326318    838.833    1.92436
     5863.6431317069    848.879    1.93650
     5864.2426920810    855.066    1.94354
     5864.8423137604    857.677    1.94797
     5865.4419967515    849.818    1.93590
     5866.0417410604    831.925    1.91498
     5866.6415466935    827.613    1.91271
     5867.2414136570    831.882    1.91447
     5867.8413419573    840.419    1.92365
     5868.4413316004    851.257    1.93260
     5869.0413825928    857.868    1.94449
     5869.6414949407    857.597    1.94645
     5870.2416686504    859.784    1.94727
     5870.8419037282    863.892    1.94792
     5871.4422001802    859.173    1.94415
     5872.0425580129    860.726    1.94626
     5872.6429772325    862.815    1.94881
     5873.2434578452    855.440    1.93883
     5873.8439998573    859.785    1.94343
     5874.4446032752    865.601    1.95058
     5875.0452681051    858.101    1.93895
     5875.6459943532    861.043    1.94498
     5876.2467820259    863.390    1.94640
     5876.8476311294    852.067    1.93272
     5877.4485416700    858.720    1.93863
     5878.0495136541    857.390    1.93751
     5878.6505470878    853.893    1.93247
     5879.2516419774    852.174    1.92732
     5879.8527983294    847.698    1.92274
     5880.4540161498    849.713    1.92474
     5881.0552954451    852.403    1.93145
     5881.6566362214    855.532    1.93155
     5882.2580384852    851.812    1.92647
     5882.8595022426    846.349    1.92263
     5883.4610275000    837.130    1.90928
     5884.0626142636    830.569    1.90214
     5884.6642625398    834.418    1.90253
     5885.2659723348    847.819    1.92161
     5885.8677436550    852.466    1.92871
     5886.4695765065    843.790    1.91441
     5887.0714708958    832.849    1.89919
     5887.6734268290    806.324    1.97002
     5888.2754443125    756.735    1.95356
     5888.8775233526    651.511    1.87384
     5889.4796639556    538.665    1.76363
     5890.0818661278    514.001    1.69932
     5890.6841298754    578.384    1.87521
     5891.2864552048    698.258    2.04028
     5891.8888421222    772.935    1.85181
     5892.4912906340    789.447    1.89310
     5893.0938007465    799.587    1.86145
     5893.6963724659    798.653    1.86171
     5894.2990057986    787.863    1.85297
     5894.9017007508    693.228    1.89091
     5895.5044573289    597.202    1.81406
     5896.1072755391    591.880    1.77679
     5896.7101553878    657.035    2.03412
     5897.3130968812    762.916    1.92635
     5897.9161000257    818.658    1.88490
     5898.5191648276    822.489    1.89172
     5899.1222912931    828.099    1.89037
     5899.7254794286    831.709    1.89718
     5900.3287292404    844.755    1.90941
     5900.9320407348    852.632    1.91916
     5901.5354139181    849.032    1.91568
     5902.1388487966    850.543    1.91446
     5902.7423453766    852.878    1.92015
     5903.3459036644    856.091    1.92234
     5903.9495236663    851.106    1.91272
     5904.5532053887    850.621    1.90907
     5905.1569488378    850.045    1.91253
     5905.7607540200    839.836    1.89647
     5906.3646209416    854.873    1.92065
     5906.9685496088    860.663    1.92246
     5907.5725400281    858.392    1.92247
     5908.1765922057    866.603    1.92648
     5908.7807061479    860.530    1.92106
     5909.3848818610    856.618    1.91522
     5909.9891193514    853.529    1.91579
     5910.5934186254    863.430    1.92407
     5911.1977796893    865.423    1.93185
     5911.8022025494    855.520    1.92497
     5912.4066872120    862.883    1.91826
     5913.0112336835    846.336    1.90420
     5913.6158419702    825.370    1.87929
     5914.2205120783    825.067    1.87896
     5914.8252440143    829.051    1.88423
     5915.4300377844    836.742    1.88983
     5916.0348933950    846.744    1.90348
     5916.6398108523    845.207    1.90141
     5917.2447901627    854.177    1.90611
     5917.8498313326    854.423    1.94190
     5918.4549343682    852.093    1.92411
     5919.0600992759    854.641    1.90856
     5919.6653260621    858.186    1.91260
     5920.2706147329    862.101    1.91367
     5920.8759652948    855.277    1.90922
     5921.4813777541    853.839    1.90678
     5922.0868521172    852.885    1.90674
     5922.6923883902    856.627    1.90683
     5923.2979865797    864.662    1.91877
     5923.9036466919    859.130    1.91016
     5924.5093687331    860.479    1.90831
     5925.1151527096    865.208    1.91883
     5925.7209986279    861.890    1.91260
     5926.3269064943    861.171    1.90798
     5926.9328763150    857.321    1.90478
     5927.5389080964    857.680    1.90633
     5928.1450018448    855.101    1.90109
     5928.7511575667    851.260    1.89458
     5929.3573752682    838.370    1.88113
     5929.9636549559    826.478    1.87188
     5930.5699966359    834.824    1.87887
     5931.1764003146    849.728    1.89575
     5931.7828659984    866.848    1.91028
     5932.3893936937    866.430    1.91230
     5932.9959834066    859.915    1.90235
     5933.6026351437    852.665    1.90102
     5934.2093489112    838.990    1.89565
     5934.8161247155    842.127    1.88500
     5935.4229625629    848.711    1.88850
     5936.0298624598    862.917    1.90503
     5936.6368244125    867.829    1.91085
     5937.2438484274    864.429    1.90643
     5937.8509345107    866.072    1.90917
     5938.4580826689    864.811    1.92200
     5939.0652929083    871.723    1.91773
     5939.6725652352    867.170    1.90681
     5940.2798996561    863.245    1.90220
     5940.8872961771    856.910    1.89600
     5941.4947548048    852.319    1.89114
     5942.1022755454    851.599    1.88842
     5942.7098584053    851.188    1.88903
     5943.3175033908    858.910    1.89556
     5943.9252105084    862.150    1.90073
     5944.5329797643    869.867    1.91151
     5945.1408111648    869.060    1.91835
     5945.7487047165    863.413    1.89614
     5946.3566604256    866.446    1.90141
     5946.9646782984    862.569    1.89915
     5947.5727583413    843.604    1.87319
     5948.1809005608    835.390    1.86529
     5948.7891049630    833.614    1.87314
     5949.3973715545    843.631    1.88029
     5950.0057003415    861.336    1.89103
     5950.6140913305    860.471    1.89265
     5951.2225445277    865.559    1.89709
     5951.8310599395    855.948    1.88562
     5952.4396375724    837.320    1.86924
     5953.0482774326    836.106    1.86393
     5953.6569795265    843.137    1.87403
     5954.2657438606    865.385    1.89496
     5954.8745704410    872.670    1.90409
     5955.4834592743    863.669    1.89346
     5956.0924103668    854.738    1.88579
     5956.7014237248    846.709    1.87455
     5957.3104993547    851.908    1.87908
     5957.9196372629    861.264    1.89191
     5958.5288374558    868.871    1.90193
     5959.1380999397    864.656    1.89309
     5959.7474247209    863.550    1.89273
     5960.3568118059    874.313    1.90468
     5960.9662612011    875.798    1.90489
     5961.5757729127    875.116    1.90471
     5962.1853469472    873.122    1.90327
     5962.7949833110    875.930    1.90499
     5963.4046820104    872.453    1.90026
     5964.0144430517    872.550    1.89630
     5964.6242664414    870.047    1.89241
     5965.2341521859    862.007    1.88860
     5965.8441002915    861.143    1.88757
     5966.4541107646    857.674    1.88383
     5967.0641836115    865.325    1.88724
     5967.6743188387    874.247    1.89542
     5968.2845164525    872.386    1.89694
     5968.8947764593    867.699    1.88848
     5969.5050988655    868.429    1.88829
     5970.1154836775    865.303    1.88301
     5970.7259309016    869.300    1.89206
     5971.3364405442    873.737    1.89643
     5971.9470126118    865.723    1.88416
     5972.5576471106    866.499    1.88556
     5973.1683440471    867.101    1.88607
     5973.7791034277    876.469    1.89862
     5974.3899252587    871.956    1.89732
     5975.0008095466    857.950    1.87974
     5975.6117562976    851.273    1.86794
     5976.2227655183    848.456    1.86449
     5976.8338372150    846.092    1.86192
     5977.4449713940    847.322    1.86431
     5978.0561680618    854.230    1.86989
     5978.6674272248    854.282    1.87217
     5979.2787488893    865.733    1.88124
     5979.8901330617    871.938    1.88924
     5980.5015797485    875.052    1.89063
     5981.1130889560    879.755    1.89879
     5981.7246606906    872.152    1.89054
     5982.3362949588    866.254    1.88041
     5982.9479917668    851.612    1.86242
     5983.5597511211    842.519    1.85131
     5984.1715730281    828.918    1.83871
     5984.7834574943    833.287    1.84490
     5985.3954045259    847.229    1.85803
     5986.0074141293    856.422    1.86600
     5986.6194863111    852.641    1.86337
     5987.2316210775    856.085    1.86963
     5987.8438184351    865.826    1.87876
     5988.4560783901    871.638    1.89049
     5989.0684009489    871.104    1.89032
     5989.6807861181    870.446    1.88219
     5990.2932339039    875.547    1.88516
     5990.9057443129    867.512    1.88112
     5991.5183173513    870.475    1.87930
     5992.1309530256    874.710    1.88910
     5992.7436513422    874.193    1.88410
     5993.3564123075    879.996    1.89588
     5993.9692359279    877.952    1.88864
     5994.5821222098    876.068    1.88536
     5995.1950711597    874.521    1.88440
     5995.8080827838    872.637    1.88330
     5996.4211570888    868.570    1.87703
     5997.0342940808    862.438    1.87158
     5997.6474937664    864.972    1.87312
     5998.2607561520    857.835    1.86437
     5998.8740812440    865.301    1.87091
     5999.4874690488    869.210    1.87451
     6000.1009195727    874.752    1.89034
     6000.7144328223    875.653    1.89036
     6001.3280088039    871.949    1.87895
     6001.9416475239    865.725    1.87084
     6002.5553489888    849.661    1.85922
     6003.1691132050    845.123    1.85281
     6003.7829401789    856.440    1.86090
     6004.3968299169    877.128    1.88313
     6005.0107824254    878.481    1.88735
     6005.6247977108    877.210    1.88399
     6006.2388757796    869.420    1.87623
     6006.8530166382    855.787    1.85756
     6007.4672202930    841.908    1.84579
     6008.0814867505    832.413    1.83878
     6008.6958160169    837.831    1.87887
     6009.3102080989    856.280    1.86416
     6009.9246630027    875.779    1.87949
     6010.5391807348    880.294    1.88319
     6011.1537613017    881.035    1.88670
     6011.7684047097    876.983    1.88155
     6012.3831109654    864.092    1.86576
     6012.9978800750    849.527    1.85182
     6013.6127120451    856.729    1.85619
     6014.2276068820    862.402    1.86381
     6014.8425645923    875.899    1.87172
     6015.4575851823    870.169    1.87005
     6016.0726686584    857.455    1.85906
     6016.6878150271    857.139    1.85998
     6017.3030242949    857.200    1.85847
     6017.9182964680    874.837    1.87172
     6018.5336315531    872.853    1.87879
     6019.1490295565    861.350    1.89426
     6019.7644904846    836.338    1.83355
     6020.3800143439    836.441    1.83225
     6020.9956011408    836.728    1.83470
     6021.6112508818    845.193    1.84198
     6022.2269635733    855.755    1.85454
     6022.8427392216    854.150    1.85191
     6023.4585778334    849.661    1.84783
     6024.0744794149    845.236    1.84130
     6024.6904439727    848.963    1.84348
     6025.3064715132    866.809    1.85679
     6025.9225620427    870.343    1.86027
     6026.5387155679    867.128    1.86143
     6027.1549320950    865.714    1.86159
     6027.7712116306    872.123    1.86934
     6028.3875541810    882.060    1.87526
     6029.0039597528    881.699    1.87318
     6029.6204283523    880.619    1.87280
     6030.2369599861    880.443    1.87230
     6030.8535546605    877.354    1.86867
     6031.4702123821    879.568    1.86855
     6032.0869331571    888.842    1.87972
     6032.7037169922    887.891    1.87974
     6033.3205638938    884.962    1.87403
     6033.9374738682    885.828    1.87297
     6034.5544469220    888.133    1.87683
     6035.1714830616    883.570    1.87205
     6035.7885822934    883.307    1.87090
     6036.4057446239    888.382    1.91090
     6037.0229700596    883.948    1.87516
     6037.6402586068    885.382    1.87160
     6038.2576102722    888.792    1.87601
     6038.8750250620    879.862    1.86769
     6039.4925029828    880.280    1.86907
     6040.1100440410    880.443    1.86586
     6040.7276482431    877.333    1.86133
     6041.3453155955    875.822    1.85817
     6041.9630461047    873.165    1.85661
     6042.5808397772    876.343    1.85926
     6043.1986966194    882.240    1.86361
     6043.8166166377    886.113    1.86586
     6044.4345998386    883.774    1.86617
     6045.0526462287    887.385    1.86902
     6045.6707558142    889.037    1.87417
     6046.2889286018    886.734    1.86938
     6046.9071645979    885.556    1.86612
     6047.5254638089    879.321    1.85693
     6048.1438262413    884.497    1.86223
     6048.7622519015    886.160    1.86726
     6049.3807407961    883.809    1.86384
     6049.9992929315    886.465    1.86775
     6050.6179083141    889.781    1.87156
     6051.2365869504    889.212    1.87069
     6051.8553288470    890.646    1.87028
     6052.4741340102    887.139    1.86752
     6053.0930024465    882.047    1.85874
     6053.7119341624    879.404    1.85534
     6054.3309291644    882.390    1.85590
     6054.9499874590    874.614    1.85231
     6055.5691090525    868.160    1.84679
     6056.1882939516    865.678    1.84528
     6056.8075421626    874.272    1.85036
     6057.4268536920    883.409    1.85490
     6058.0462285463    883.122    1.85899
     6058.6656667320    891.190    1.86719
     6059.2851682556    893.115    1.87002
     6059.9047331235    887.546    1.86414
     6060.5243613422    889.918    1.86311
     6061.1440529183    890.448    1.86360
     6061.7638078580    884.188    1.85917
     6062.3836261680    885.442    1.86126
     6063.0035078548    882.775    1.85776
     6063.6234529247    880.968    1.85311
     6064.2434613844    869.358    1.84152
     6064.8635332402    840.123    1.81244
     6065.4836684986    831.220    1.79856
     6066.1038671662    849.785    1.81683
     6066.7241292494    876.216    1.84485
     6067.3444547547    890.820    1.86078
     6067.9648436886    891.063    1.86200
     6068.5852960576    892.432    1.86373
     6069.2058118681    893.729    1.87612
     6069.8263911267    896.421    1.86769
     6070.4470338398    895.509    1.86447
     6071.0677400139    896.241    1.86566
     6071.6885096555    893.712    1.86080
     6072.3093427711    892.693    1.86047
     6072.9302393672    892.870    1.85725
     6073.5511994503    888.696    1.85610
     6074.1722230269    896.303    1.86254
     6074.7933101034    896.926    1.86430
     6075.4144606864    893.403    1.86027
     6076.0356747824    891.892    1.85696
     6076.6569523977    889.786    1.85371
     6077.2782935391    884.156    1.84902
     6077.8996982128    867.291    1.83599
     6078.5211664255    860.513    1.82672
     6079.1426981836    866.271    1.83045
     6079.7642934937    880.457    1.84433
     6080.3859523621    887.242    1.84879
     6081.0076747955    884.313    1.84910
     6081.6294608003    882.454    1.84694
     6082.2513103831    881.546    1.84779
     6082.8732235502    875.393    1.84549
     6083.4952003083    881.818    1.84300
     6084.1172406638    883.423    1.84667
     6084.7393446233    874.600    1.83496
     6085.3615121931    865.519    1.82511
     6085.9837433800    875.929    1.83786
     6086.6060381902    889.038    1.84912
     6087.2283966304    889.799    1.85092
     6087.8508187071    889.447    1.85046
     6088.4733044267    886.406    1.84516
     6089.0958537958    877.650    1.83565
     6089.7184668208    866.577    1.82651
     6090.3411435084    868.338    1.82721
     6090.9638838649    874.470    1.83363
     6091.5866878970    881.042    1.83859
     6092.2095556111    883.308    1.84183
     6092.8324870137    884.678    1.84323
     6093.4554821113    885.053    1.84364
     6094.0785409105    886.227    1.84624
     6094.7016634177    897.659    1.85618
     6095.3248496396    895.363    1.85449
     6095.9480995825    889.209    1.84679
     6096.5714132531    887.620    1.84499
     6097.1947906577    885.988    1.84163
     6097.8182318030    888.375    1.84308
     6098.4417366955    892.881    1.84774
     6099.0653053417    895.432    1.84965
     6099.6889377480    899.083    1.85722
     6100.3126339211    890.669    1.84485
     6100.9363938674    882.248    1.83717
     6101.5602175935    840.026    1.90300
     6102.1841051058    779.893    1.75551
     6102.8080564110    774.210    1.80397
     6103.4320715155    819.932    1.84883
     6104.0561504258    878.781    1.86082
     6104.6802931485    899.904    1.85592
     6105.3044996901    892.617    1.84787
     6105.9287700571    897.793    1.85306
     6106.5531042561    897.200    1.85072
     6107.1775022936    884.041    1.83758
     6107.8019641760    872.369    1.82536
     6108.4264899100    875.262    1.82784
     6109.0510795021    893.207    1.84546
     6109.6757329587    905.446    1.85758
     6110.3004502865    893.796    1.85041
     6110.9252314919    891.053    1.84392
     6111.5500765815    893.792    1.85255
     6112.1749855618    891.994    1.85438
     6112.7999584393    896.966    1.84717
     6113.4249952207    896.965    1.85113
     6114.0500959123    905.971    1.86090
     6114.6752605208    899.134    1.85271
     6115.3004890528    887.738    1.84085
     6115.9257815146    886.900    1.83842
     6116.5511379128    886.014    1.83664
     6117.1765582541    891.609    1.84309
     6117.8020425449    897.714    1.84846
     6118.4275907918    893.993    1.84391
     6119.0532030013    884.764    1.86190
     6119.6788791800    881.438    1.83080
     6120.3046193343    878.432    1.82688
     6120.9304234709    846.624    1.79180
     6121.5562915963    781.591    1.91243
     6122.1822237170    756.574    1.73887
     6122.8082198395    804.823    1.76766
     6123.4342799705    869.974    1.81693
     6124.0604041164    892.304    1.83977
     6124.6865922838    892.469    1.83983
     6125.3128444793    884.720    1.83358
     6125.9391607093    884.385    1.83217
     6126.5655409805    881.383    1.82787
     6127.1919852994    879.807    1.82689
     6127.8184936725    884.185    1.83101
     6128.4450661064    885.602    1.83286
     6129.0717026076    888.375    1.83578
     6129.6984031828    895.048    1.84254
     6130.3251678383    897.934    1.84388
     6130.9519965809    894.978    1.84183
     6131.5788894170    898.373    1.84907
     6132.2058463532    899.886    1.85304
     6132.8328673961    897.239    1.84273
     6133.4599525522    899.372    1.84218
     6134.0871018280    899.817    1.84526
     6134.7143152301    889.810    1.83350
     6135.3415927652    868.413    1.80802
     6135.9689344396    823.069    1.76734
     6136.5963402601    772.891    1.71511
     6137.2238102331    764.655    1.70326
     6137.8513443652    813.770    1.75248
     6138.4789426630    861.522    1.80312
     6139.1066051330    893.978    1.83784
     6139.7343317818    899.426    1.84319
     6140.3621226160    892.819    1.83715
     6140.9899776421    862.785    1.83009
     6141.6178968667    852.313    1.79593
     6142.2458802963    865.487    1.80968
     6142.8739279375    888.461    1.83040
     6143.5020397969    900.728    1.84295
     6144.1302158811    896.560    1.83852
     6144.7584561966    892.582    1.83611
     6145.3867607499    898.800    1.84086
     6146.0151295477    899.910    1.84071
     6146.6435625965    897.977    1.83898
     6147.2720599029    895.856    1.83601
     6147.9006214735    887.513    1.83532
     6148.5292473148    895.842    1.83650
     6149.1579374333    895.057    1.83637
     6149.7866918358    902.340    1.84169
     6150.4155105287    892.835    1.83283
     6151.0443935186    886.768    1.82844
     6151.6733408121    894.113    1.83602
     6152.3023524158    893.101    1.83708
     6152.9314283362    902.659    1.83711
     6153.5605685799    894.503    1.83291
     6154.1897731536    884.144    1.82205
     6154.8190420637    874.258    1.81459
     6155.4483753169    883.973    1.81868
     6156.0777729197    890.882    1.82506
     6156.7072348787    887.510    1.81949
     6157.3367612005    883.069    1.81824
     6157.9663518916    883.369    1.81736
     6158.5960069588    899.977    1.83403
     6159.2257264085    894.899    1.82987
     6159.8555102473    883.474    1.81850
     6160.4853584817    839.696    1.77581
     6161.1152711185    761.783    1.70809
     6161.7452481642    707.046    1.63217
     6162.3752896253    722.955    1.64459
     6163.0053955085    780.268    1.70782
     6163.6355658203    837.938    1.80146
     6164.2658005673    862.243    1.79447
     6164.8960997562    883.607    1.81476
     6165.5264633934    868.941    1.80129
     6166.1568914856    863.115    1.79601
     6166.7873840394    873.386    1.81902
     6167.4179410614    892.601    1.82471
     6168.0485625581    870.422    1.79808
     6168.6792485362    813.678    1.81148
     6169.3099990023    785.939    1.74160
     6169.9408139629    808.998    1.74233
     6170.5716934246    860.183    1.78885
     6171.2026373941    892.422    1.82190
     6171.8336458779    903.562    1.83077
     6172.4647188826    889.421    1.81960
     6173.0958564148    881.636    1.81459
     6173.7270584812    888.281    1.81969
     6174.3583250883    897.945    1.82491
     6174.9896562427    897.288    1.82133
     6175.6210519510    888.994    1.81719
     6176.2525122198    891.472    1.81823
     6176.8840370558    889.932    1.81897
     6177.5156264655    896.939    1.82258
     6178.1472804555    907.019    1.82988
     6178.7789990324    906.512    1.82978
     6179.4107822029    892.021    1.81789
     6180.0426299735    885.884    1.81160
     6180.6745423508    898.292    1.82249
     6181.3065193415    907.792    1.83169
     6181.9385609522    907.312    1.83173
     6182.5706671894    908.446    1.83005
     6183.2028380598    914.222    1.83895
     6183.8350735700    909.010    1.83174
     6184.4673737265    915.271    1.83517
     6185.0997385361    909.122    1.83138
     6185.7321680052    901.901    1.82268
     6186.3646621406    906.516    1.82986
     6186.9972209489    898.727    1.82255
     6187.6298444365    900.252    1.82272
     6188.2625326103    898.135    1.81949
     6188.8952854767    897.217    1.81628
     6189.5281030424    906.817    1.82557
     6190.1609853140    884.740    1.80583
     6190.7939322981    831.562    1.74926
     6191.4269440014    816.955    1.73169
     6192.0600204304    855.329    1.77726
     6192.6931615918    899.732    1.81900
     6193.3263674922    908.603    1.82470
     6193.9596381382    908.656    1.82684
     6194.5929735364    906.032    1.82131
     6195.2263736935    907.625    1.82670
     6195.8598386160    913.736    1.83078
     6196.4933683107    909.454    1.82466
     6197.1269627841    917.922    1.83752
     6197.7606220428    914.404    1.83187
     6198.3943460935    906.115    1.82046
     6199.0281349428    886.014    1.80033
     6199.6619885973    875.943    1.79279
     6200.2959070636    879.566    1.79593
     6200.9298903485    896.445    1.81323
     6201.5639384584    911.268    1.82607
     6202.1980514000    915.161    1.83198
     6202.8322291801    916.773    1.83280
     6203.4664718051    913.292    1.82877
     6204.1007792817    912.087    1.82592
     6204.7351516165    914.262    1.82693
     6205.3695888163    911.586    1.82516
     6206.0040908875    913.265    1.82667
     6206.6386578370    913.515    1.82533
     6207.2732896711    912.432    1.82371
     6207.9079863967    915.303    1.82634
     6208.5427480204    908.215    1.82216
     6209.1775745487    910.658    1.82061
     6209.8124659884    911.863    1.82190
     6210.4474223460    908.453    1.81878
     6211.0824436282    910.462    1.82279
     6211.7175298417    911.346    1.82191
     6212.3526809930    894.290    1.80285
     6212.9878970889    870.754    1.78198
     6213.6231781359    870.748    1.78571
     6214.2585241407    876.095    1.79804
     6214.8939351099    879.874    1.78945
     6215.5294110502    885.771    1.79470
     6216.1649519683    893.071    1.80426
     6216.8005578707    902.211    1.81063
     6217.4362287641    912.266    1.81838
     6218.0719646552    900.216    1.81715
     6218.7077655506    875.587    1.81507
     6219.3436314570    868.294    1.77575
     6219.9795623809    879.081    1.78695
     6220.6155583291    892.832    1.79840
     6221.2516193082    903.535    1.81077
     6221.8877453248    910.819    1.81576
     6222.5239363857    918.561    1.82661
     6223.1601924973    911.476    1.81885
     6223.7965136665    904.339    1.81008
     6224.4328998999    904.440    1.80811
     6225.0693512040    911.649    1.81948
     6225.7058675856    908.420    1.81328
     6226.3424490513    907.232    1.80896
     6226.9790956077    903.475    1.80616
     6227.6158072616    910.420    1.81433
     6228.2525840196    904.134    1.80775
     6228.8894258883    898.950    1.82095
     6229.5263328744    865.654    1.76852
     6230.1633049845    831.369    1.73533
     6230.8003422254    831.891    1.73589
     6231.4374446036    855.674    1.75791
     6232.0746121258    868.606    1.76832
     6232.7118447988    876.846    1.77721
     6233.3491426290    891.523    1.79150
     6233.9865056234    911.320    1.81032
     6234.6239337883    916.948    1.81678
     6235.2614271307    918.233    1.81992
     6235.8989856570    917.873    1.81773
     6236.5366093740    905.619    1.80683
     6237.1742982883    900.116    1.80060
     6237.8120524067    898.776    1.79922
     6238.4498717357    909.914    1.80998
     6239.0877562820    911.265    1.80967
     6239.7257060524    897.526    1.80008
     6240.3637210534    896.835    1.79742
     6241.0018012918    900.478    1.80241
     6241.6399467742    910.540    1.80893
     6242.2781575072    892.422    1.79211
     6242.9164334977    877.662    1.78018
     6243.5547747521    879.380    1.78272
     6244.1931812773    891.049    1.79016
     6244.8316530799    890.742    1.78585
     6245.4701901665    866.581    1.76712
     6246.1087925438    854.307    1.75721
     6246.7474602186    870.895    1.77056
     6247.3861931974    898.648    1.79192
     6248.0249914870    911.161    1.80576
     6248.6638550940    915.045    1.80990
     6249.3027840251    914.799    1.81089
     6249.9417782870    916.577    1.81432
     6250.5808378864    918.900    1.81142
     6251.2199628300    889.025    1.78720
     6251.8591531244    859.052    1.75872
     6252.4984087763    851.133    1.74732
     6253.1377297924    856.041    1.74903
     6253.7771161794    860.115    1.75306
     6254.4165679440    863.962    1.75799
     6255.0560850929    886.860    1.77325
     6255.6956676326    875.844    1.77066
     6256.3353155700    868.551    1.76221
     6256.9750289117    874.525    1.76452
     6257.6148076645    857.958    1.75174
     6258.2546518349    844.809    1.74228
     6258.8945614296    862.461    1.75684
     6259.5345364555    889.981    1.77862
     6260.1745769191    891.917    1.78352
     6260.8146828272    886.055    1.78014
     6261.4548541864    892.703    1.78636
     6262.0950910034    912.291    1.80281
     6262.7353932850    917.739    1.80928
     6263.3757610378    921.003    1.80849
     6264.0161942685    903.509    1.79490
     6264.6566929838    877.082    1.76947
     6265.2972571904    885.081    1.77725
     6265.9378868950    900.872    1.79079
     6266.5785821044    920.073    1.80703
     6267.2193428251    917.888    1.80738
     6267.8601690639    915.346    1.80539
     6268.5010608275    912.466    1.80636
     6269.1420181226    909.778    1.82696
     6269.7830409559    900.689    1.79012
     6270.4241293341    901.055    1.78878
     6271.0652832639    908.097    1.79466
     6271.7065027520    919.421    1.80946
     6272.3477878051    919.575    1.80937
     6272.9891384300    918.149    1.80411
     6273.6305546332    918.590    1.80588
     6274.2720364216    912.292    1.79812
     6274.9135838017    917.622    1.80273
     6275.5551967805    925.641    1.81136
     6276.1968753644    922.803    1.80860
     6276.8386195603    916.849    1.80454
     6277.4804293749    893.008    1.78229
     6278.1223048148    871.787    1.78042
     6278.7642458868    849.709    1.73552
     6279.4062525976    841.175    1.72649
     6280.0483249539    837.410    1.72135
     6280.6904629624    847.404    1.73142
     6281.3326666298    871.242    1.75999
     6281.9749359629    879.516    1.76439
     6282.6172709683    895.471    1.78251
     6283.2596716528    893.599    1.77811
     6283.9021380231    906.534    1.79056
     6284.5446700859    905.325    1.79046
     6285.1872678479    904.394    1.78848
     6285.8299313158    915.917    1.82640
     6286.4726604964    923.666    1.80866
     6287.1154553963    927.419    1.81095
     6287.7583160224    922.983    1.80552
     6288.4012423812    925.454    1.81380
     6289.0442344796    923.219    1.80649
     6289.6872923243    911.076    1.79436
     6290.3304159219    897.186    1.77932
     6290.9736052792    889.588    1.77161
     6291.6168604030    901.697    1.78517
     6292.2601812999    904.868    1.78855
     6292.9035679767    906.465    1.79046
     6293.5470204400    897.009    1.77908
     6294.1905386968    904.373    1.78418
     6294.8341227535    915.232    1.79635
     6295.4777726171    912.573    1.79269
     6296.1214882941    897.398    1.77636
     6296.7652697915    877.610    1.75827
     6297.4091171157    870.694    1.75281
     6298.0530302737    888.899    1.76964
     6298.6970092721    904.805    1.78458
     6299.3410541177    901.963    1.78119
     6299.9851648172    886.348    1.76422
     6300.6293413773    863.691    1.74587
     6301.2735838048    840.091    1.72159
     6301.9178921064    843.984    1.72577
     6302.5622662888    865.870    1.74532
     6303.2067063588    887.752    1.76725
     6303.8512123231    899.575    1.77880
     6304.4957841885    911.832    1.78872
     6305.1404219617    918.909    1.79418
     6305.7851256493    922.246    1.79900
     6306.4298952583    917.074    1.79955
     6307.0747307952    910.004    1.78686
     6307.7196322669    911.112    1.78890
     6308.3645996801    923.119    1.79998
     6309.0096330416    920.354    1.79409
     6309.6547323580    920.497    1.79335
     6310.2998976361    917.748    1.79600
     6310.9451288827    903.981    1.78070
     6311.5904261045    903.105    1.77999
     6312.2357893082    910.199    1.78922
     6312.8812185007    920.565    1.79730
     6313.5267136886    917.258    1.79227
     6314.1722748787    890.815    1.76805
     6314.8179020778    873.146    1.75267
     6315.4635952925    881.916    1.75934
     6316.1093545297    893.303    1.76444
     6316.7551797961    894.609    1.76315
     6317.4010710984    866.611    1.77275
     6318.0470284435    852.497    1.73843
     6318.6930518380    866.644    1.74224
     6319.3391412887    893.878    1.76761
     6319.9852968023    911.359    1.78225
     6320.6315183857    912.548    1.78357
     6321.2778060456    916.649    1.78764
     6321.9241597887    899.317    1.77266
     6322.5705796217    897.671    1.77314
     6323.2170655516    910.604    1.78184
     6323.8636175849    924.843    1.79690
     6324.5102357284    930.784    1.80143
     6325.1569199890    926.862    1.79770
     6325.8036703734    927.898    1.79895
     6326.4504868883    921.783    1.79276
     6327.0973695406    917.676    1.79048
     6327.7443183369    921.828    1.79525
     6328.3913332840    921.411    1.79015
     6329.0384143887    924.072    1.79071
     6329.6855616578    909.321    1.77814
     6330.3327750980    912.233    1.78289
     6330.9800547161    919.795    1.78826
     6331.6274005188    923.827    1.79290
     6332.2748125130    933.390    1.82535
     6332.9222907054    930.188    1.80480
     6333.5698351027    929.196    1.79765
     6334.2174457118    910.809    1.77957
     6334.8651225393    883.783    1.77841
     6335.5128655922    867.090    1.73984
     6336.1606748770    860.913    1.73189
     6336.8085504007    876.113    1.74172
     6337.4564921700    889.025    1.75014
     6338.1045001916    904.588    1.76431
     6338.7525744724    901.989    1.76131
     6339.4007150191    907.902    1.77015
     6340.0489218385    918.205    1.77822
     6340.6971949373    924.227    1.78646
     6341.3455343224    927.409    1.78890
     6341.9939400005    915.218    1.77693
     6342.6424119784    910.412    1.76789
     6343.2909502629    896.405    1.75927
     6343.9395548607    896.030    1.80189
     6344.5882257787    905.878    1.77540
     6345.2369630236    921.181    1.78397
     6345.8857666022    928.818    1.79185
     6346.5346365212    928.706    1.79495
     6347.1835727876    930.298    1.79456
     6347.8325754080    934.557    1.80188
     6348.4816443892    941.335    1.80940
     6349.1307797380    933.102    1.79862
     6349.7799814613    940.191    1.80972
     6350.4292495657    936.558    1.80682
     6351.0785840582    936.900    1.82892
     6351.7279849453    939.112    1.80820
     6352.3774522341    934.119    1.79805
     6353.0269859312    931.194    1.79414
     6353.6765860434    932.414    1.79842
     6354.3262525776    907.503    1.79892
     6354.9759855405    907.913    1.77675
     6355.6257849389    923.257    1.78779
     6356.2756507796    933.976    1.80075
     6356.9255830694    935.068    1.79962
     6357.5755818151    915.541    1.78142
     6358.2256470235    900.835    1.76604
     6358.8757787013    899.429    1.76402
     6359.5259768555    914.913    1.77688
     6360.1762414927    916.001    1.77440
     6360.8265726198    918.313    1.78194
     6361.4769702436    912.338    1.77454
     6362.1274343709    904.795    1.76801
     6362.7779650084    909.664    1.77183
     6363.4285621630    920.390    1.78349
     6364.0792258415    915.817    1.77641
     6364.7299560506    923.665    1.78195
     6365.3807527973    932.173    1.79776
     6366.0316160882    929.950    1.82371
     6366.6825459302    928.936    1.78882
     6367.3335423302    938.790    1.80227
     6367.9846052948    935.587    1.79586
     6368.6357348309    940.706    1.80377
     6369.2869309453    935.472    1.79662
     6369.9381936449    937.526    1.79864
     6370.5895229364    935.400    1.79667
     6371.2409188266    940.396    1.80564
     6371.8923813223    939.760    1.82884
     6372.5439104305    941.808    1.80372
     6373.1955061578    946.541    1.80927
     6373.8471685111    939.940    1.79962
     6374.4988974971    944.189    1.80573
     6375.1506931228    940.489    1.80217
     6375.8025553949    946.100    1.80449
     6376.4544843202    942.901    1.81198
     6377.1064799056    940.727    1.85034
     6377.7585421579    934.709    1.79352
     6378.4106710838    936.132    1.79926
     6379.0628666903    938.768    1.79613
     6379.7151289840    937.139    1.79574
     6380.3674579719    923.427    1.78443
     6381.0198536608    927.466    1.79400
     6381.6723160574    935.366    1.81603
     6382.3248451686    945.262    1.81054
     6382.9774410013    944.530    1.82712
     6383.6301035622    943.316    1.80026
     6384.2828328581    940.568    1.79796
     6384.9356288960    937.581    1.79514
     6385.5884916825    944.160    1.80065
     6386.2414212246    944.920    1.80258
     6386.8944175291    947.336    1.80118
     6387.5474806028    945.320    1.80114
     6388.2006104524    945.253    1.80151
     6388.8538070850    950.314    1.80631
     6389.5070705072    945.659    1.80208
     6390.1604007259    946.628    1.80124
     6390.8137977479    947.656    1.81091
     6391.4672615801    940.695    1.80811
     6392.1207922293    926.278    1.77620
     6392.7743897023    880.804    1.75822
     6393.4280540060    869.190    1.75009
     6394.0817851472    896.042    1.75112
     6394.7355831327    929.560    1.78218
     6395.3894479693    947.276    1.79913
     6396.0433796640    943.943    1.79793
     6396.6973782235    950.115    1.80140
     6397.3514436547    943.083    1.79836
     6398.0055759644    944.420    1.79197
     6398.6597751594    907.780    1.80253
     6399.3140412466    841.375    1.75932
     6399.9683742329    826.871    1.73433
     6400.6227741250    873.385    1.74917
     6401.2772409298    923.557    1.77072
     6401.9317746542    944.623    1.79410
     6402.5863753050    948.958    1.79887
     6403.2410428890    946.428    1.79777
     6403.8957774131    947.394    1.79760
     6404.5505788841    943.345    1.79442
     6405.2054473088    938.838    1.81271
     6405.8603826942    942.522    1.80295
     6406.5153850471    930.313    1.80562
     6407.1704543743    902.433    1.76609
     6407.8255906826    891.221    1.74745
     6408.4807939789    913.307    1.76679
     6409.1360642701    942.019    1.79265
     6409.7914015630    946.159    1.79204
     6410.4468058645    907.435    1.78564
     6411.1022771813    874.371    1.73628
     6411.7578155205    884.383    1.73941
     6412.4134208887    920.624    1.77115
     6413.0690932929    943.912    1.78812
     6413.7248327400    937.374    1.78473
     6414.3806392367    942.332    1.82450
     6415.0365127899    935.424    1.78715
     6415.6924534066    945.834    1.79940
     6416.3484610935    940.343    1.78743
     6417.0045358575    942.813    1.79087
     6417.6606777054    942.992    1.79253
     6418.3168866442    945.266    1.79165
     6418.9731626807    927.571    1.77533
     6419.6295058217    911.734    1.75764
     6420.2859160741    893.348    1.77029
     6420.9423934448    887.097    1.73769
     6421.5989379406    901.099    1.74759
     6422.2555495685    935.758    1.78365
     6422.9122283351    948.777    1.79753
     6423.5689742476    951.305    1.82835
     6424.2257873125    947.299    1.78983
     6424.8826675370    949.489    1.79785
     6425.5396149278    947.245    1.81467
     6426.1966294917    952.385    1.79667
     6426.8537112358    948.313    1.79249
     6427.5108601667    950.354    1.79183
     6428.1680762915    944.996    1.78870
     6428.8253596169    949.012    1.79026
     6429.4827101499    933.545    1.77644
     6430.1401278972    895.288    1.74406
     6430.7976128659    892.727    1.74333
     6431.4551650627    919.908    1.77670
     6432.1127844946    941.029    1.80796
     6432.7704711683    942.722    1.79895
     6433.4282250909    947.218    1.79051
     6434.0860462691    953.676    1.79738
     6434.7439347098    953.069    1.79737
     6435.4018904200    953.865    1.81306
     6436.0599134065    950.013    1.81301
     6436.7180036761    947.524    1.78792
     6437.3761612358    939.815    1.77323
     6438.0343860924    875.267    1.73802
     6438.6926782528    829.873    1.69779
     6439.3510377239    861.108    1.71225
     6440.0094645126    922.820    1.76319
     6440.6679586257    951.261    1.78531
     6441.3265200702    947.654    1.78729
     6441.9851488530    950.188    1.78678
     6442.6438449808    946.850    1.78513
     6443.3026084607    952.767    1.78916
     6443.9614392994    951.341    1.78852
     6444.6203375039    954.128    1.78989
     6445.2793030811    952.838    1.78832
     6445.9383360378    953.712    1.78925
     6446.5974363809    952.766    1.79065
     6447.2566041174    958.135    1.79311
     6447.9158392542    939.485    1.77224
     6448.5751417980    913.803    1.74956
     6449.2345117558    866.139    1.70451
     6449.8939491346    866.176    1.70617
     6450.5534539411    911.545    1.74967
     6451.2130261823    940.323    1.77299
     6451.8726658651    949.736    1.78310
     6452.5323729964    952.184    1.78705
     6453.1921475831    948.763    1.77987
     6453.8519896320    950.118    1.80228
     6454.5118991501    934.836    1.77016
     6455.1718761443    912.784    1.74963
     6455.8319206214    917.825    1.75454
     6456.4920325885    937.304    1.77331
     6457.1522120523    948.396    1.78120
     6457.8124590197    954.206    1.78874
     6458.4727734978    953.238    1.79089
     6459.1331554933    956.641    1.79573
     6459.7936050132    951.867    1.78806
     6460.4541220644    954.158    1.78526
     6461.1147066537    925.559    1.78613
     6461.7753587882    849.489    1.76451
     6462.4360784747    830.229    1.67547
     6463.0968657200    875.692    1.71304
     6463.7577205313    933.166    1.76309
     6464.4186429152    942.712    1.77464
     6465.0796328787    942.978    1.77326
     6465.7406904289    945.969    1.77742
     6466.4018155724    953.365    1.78214
     6467.0630083164    949.787    1.78164
     6467.7242686676    951.820    1.78319
     6468.3855966330    944.818    1.77960
     6469.0469922195    938.349    1.78566
     6469.7084554341    945.982    1.78395
     6470.3699862836    932.389    1.76514
     6471.0315847749    909.125    1.74645
     6471.6932509150    903.748    1.74111
     6472.3549847108    930.058    1.76348
     6473.0167861692    952.102    1.78205
     6473.6786552971    951.114    1.78138
     6474.3405921014    948.272    1.77916
     6475.0025965892    935.886    1.77064
     6475.6646687672    930.931    1.76365
     6476.3268086424    937.367    1.76781
     6476.9890162217    945.026    1.77424
     6477.6512915121    949.950    1.77957
     6478.3136345204    952.647    1.78346
     6478.9760452537    955.422    1.78399
     6479.6385237187    956.614    1.78567
     6480.3010699225    947.786    1.77728
     6480.9636838720    933.359    1.76504
     6481.6263655741    921.648    1.76007
     6482.2891150357    922.136    1.75428
     6482.9519322638    938.223    1.76693
     6483.6148172652    946.232    1.77497
     6484.2777700470    952.816    1.78282
     6484.9407906160    950.358    1.78186
     6485.6038789792    955.962    1.78480
     6486.2670351435    954.995    1.78658
     6486.9302591159    953.262    1.77976
     6487.5935509032    955.956    1.78197
     6488.2569105124    953.034    1.77925
     6488.9203379505    955.624    1.78047
     6489.5838332243    951.548    1.77922
     6490.2473963409    951.390    1.77959
     6490.9110273071    945.214    1.77619
     6491.5747261299    942.044    1.76892
     6492.2384928163    931.616    1.75501
     6492.9023273731    893.705    1.72110
     6493.5662298073    843.741    1.67599
     6494.2302001259    811.504    1.64983
     6494.8942383357    836.056    1.66660
     6495.5583444438    862.547    1.69190
     6496.2225184570    879.972    1.70798
     6496.8867603824    891.734    1.72117
     6497.5510702269    926.783    1.75427
     6498.2154479973    919.295    1.74339
     6498.8798937007    892.216    1.72197
     6499.5444073440    897.027    1.72585
     6500.2089889341    933.975    1.76162
     6500.8736384781    947.291    1.77210
     6501.5383559827    950.212    1.77517
     6502.2031414551    955.076    1.77980
     6502.8679949021    959.018    1.78507
     6503.5329163307    956.393    1.78155
     6504.1979057478    959.952    1.78701
     6504.8629631604    964.568    1.79255
     6505.5280885755    959.167    1.78551
     6506.1932819999    963.378    1.78779
     6506.8585434408    962.872    1.78854
     6507.5238729049    961.812    1.78700
     6508.1892703993    959.819    1.78580
     6508.8547359309    954.257    1.77859
     6509.5202695067    956.758    1.78007
     6510.1858711336    962.039    1.78684
     6510.8515408186    964.354    1.78775
     6511.5172785686    958.961    1.78422
     6512.1830843907    959.542    1.78488
     6512.8489582917    962.445    1.78655
     6513.5149002787    960.145    1.78624
     6514.1809103586    965.143    1.78753
     6514.8469885383    954.716    1.77787
     6515.5131348248    945.940    1.77054
     6516.1793492251    953.448    1.79023
     6516.8456317462    950.657    1.77996
     6517.5119823950    931.581    1.75717
     6518.1784011784    931.433    1.75852
     6518.8448881035    941.312    1.76543
     6519.5114431773    953.359    1.77364
     6520.1780664066    962.424    1.78691
     6520.8447577984    961.171    1.78140
     6521.5115173598    961.058    1.78344
     6522.1783450977    963.648    1.78754
     6522.8452410190    960.201    1.78298
     6523.5122051307    958.935    1.77916
     6524.1792374399    958.181    1.77695
     6524.8463379534    959.131    1.78002
     6525.5135066784    956.860    1.77846
     6526.1807436216    950.373    1.77431
     6526.8480487901    949.343    1.77214
     6527.5154221909    953.824    1.77502
     6528.1828638310    963.306    1.78103
     6528.8503737173    961.267    1.78074
     6529.5179518568    961.551    1.77967
     6530.1855982565    957.737    1.77761
     6530.8533129234    958.301    1.77729
     6531.5210958644    956.652    1.77654
     6532.1889470865    954.731    1.77349
     6532.8568665968    953.631    1.77292
     6533.5248544022    951.636    1.77302
     6534.1929105096    953.945    1.77457
     6534.8610349261    960.445    1.78196
     6535.5292276587    962.190    1.78383
     6536.1974887143    967.848    1.78872
     6536.8658180999    961.957    1.78285
     6537.5342158225    961.203    1.78100
     6538.2026818891    962.888    1.78711
     6538.8712163067    964.008    1.78505
     6539.5398190823    961.492    1.78174
     6540.2084902228    966.767    1.80267
     6540.8772297352    964.966    1.78698
     6541.5460376267    964.311    1.78264
     6542.2149139040    965.752    1.78516
     6542.8838585743    962.889    1.78208
     6543.5528716445    963.172    1.78250
     6544.2219531216    958.320    1.77995
     6544.8911030126    944.866    1.76734
     6545.5603213245    908.693    1.73580
     6546.2296080643    912.505    1.73670
     6546.8989632390    933.548    1.75562
     6547.5683868556    958.465    1.78965
     6548.2378789211    961.707    1.79925
     6548.9074394425    957.573    1.77760
     6549.5770684268    956.849    1.77362
     6550.2467658810    949.486    1.76827
     6550.9165318120    954.867    1.77116
     6551.5863662270    954.319    1.77174
     6552.2562691328    955.579    1.77055
     6552.9262405366    943.973    1.76102
     6553.5962804452    934.922    1.75348
     6554.2663888658    924.182    1.74230
     6554.9365658053    917.815    1.73798
     6555.6068112707    916.142    1.73415
     6556.2771252690    917.540    1.73654
     6556.9475078072    924.247    1.74030
     6557.6179588924    926.629    1.74569
     6558.2884785316    914.502    1.73328
     6558.9590667317    906.189    1.72608
     6559.6297234997    884.670    1.70533
     6560.3004488428    860.531    1.68020
     6560.9712427679    805.526    1.64949
     6561.6421052819    634.978    1.61902
     6562.3130363920    491.631    1.53736
     6562.9840361051    530.638    1.65863
     6563.6551044283    695.919    1.81234
     6564.3262413685    827.469    1.67415
     6564.9974469328    871.156    1.69081
     6565.6687211282    897.506    1.71491
     6566.3400639617    912.417    1.73098
     6567.0114754404    924.551    1.75919
     6567.6829555712    925.087    1.74967
     6568.3545043611    911.772    1.72812
     6569.0261218173    912.254    1.73260
     6569.6978079467    923.318    1.74010
     6570.3695627563    936.717    1.75902
     6571.0413862532    948.042    1.76345
     6571.7132784443    934.860    1.74905
     6572.3852393368    926.323    1.74028
     6573.0572689376    930.072    1.74671
     6573.7293672537    930.730    1.74661
     6574.4015342922    921.312    1.74027
     6575.0737700601    933.628    1.75069
     6575.7460745645    945.588    1.75950
     6576.4184478123    957.521    1.77026
     6577.0908898106    960.497    1.77433
     6577.7634005665    966.361    1.77951
     6578.4359800869    967.145    1.78162
     6579.1086283789    965.200    1.77844
     6579.7813454495    958.939    1.77178
     6580.4541313057    955.534    1.76803
     6581.1269859546    956.985    1.78374
     6581.7999094033    959.342    1.78212
     6582.4729016587    967.740    1.77809
     6583.1459627279    965.605    1.77853
     6583.8190926179    967.030    1.78083
     6584.4922913357    965.039    1.77591
     6585.1655588885    960.429    1.77425
     6585.8388952832    949.770    1.76172
     6586.5123005269    954.400    1.76610
     6587.1857746266    960.353    1.78531
     6587.8593175893    966.495    1.77748
     6588.5329294221    967.515    1.77812
     6589.2066101321    969.914    1.77902
     6589.8803597263    963.584    1.78484
     6590.5541782117    961.850    1.81581
     6591.2280655953    956.176    1.76455
     6591.9020218843    925.421    1.73831
     6592.5760470856    890.038    1.70950
     6593.2501412064    886.153    1.70618
     6593.9243042536    918.097    1.73249
     6594.5985362343    951.594    1.76827
     6595.2728371555    963.283    1.78632
     6595.9472070243    969.057    1.78009
     6596.6216458478    956.672    1.76593
     6597.2961536330    947.664    1.75586
     6597.9707303870    947.263    1.75593
     6598.6453761167    953.912    1.76250
     6599.3200908293    957.803    1.76511
     6599.9948745318    967.578    1.78794
     6600.6697272313    967.959    1.77819
     6601.3446489347    973.242    1.78238
     6602.0196396493    967.572    1.77444
     6602.6946993820    972.861    1.77878
     6603.3698281399    966.670    1.77444
     6604.0450259300    961.144    1.76855
     6604.7202927594    955.946    1.76301
     6605.3956286352    959.910    1.76523
     6606.0710335644    963.121    1.76830
     6606.7465075541    963.581    1.76866
     6607.4220506114    955.816    1.76094
     6608.0976627432    940.650    1.74693
     6608.7733439567    934.989    1.74599
     6609.4490942590    948.537    1.76713
     6610.1249136570    962.725    1.77253
     6610.8008021579    966.871    1.77740
     6611.4767597688    969.756    1.77831
     6612.1527864966    970.743    1.77484
     6612.8288823485    957.169    1.75803
     6613.5050473316    958.199    1.76150
     6614.1812814528    965.317    1.76820
     6614.8575847193    971.442    1.77742
     6615.5339571381    969.314    1.78073
     6616.2103987164    966.632    1.77060
     6616.8869094611    963.653    1.76711
     6617.5634893794    972.253    1.77645
     6618.2401384783    968.532    1.77345
     6618.9168567650    962.762    1.76691
     6619.5936442464    967.472    1.77092
     6620.2705009296    969.256    1.77296
     6620.9474268218    968.700    1.77324
     6621.6244219299    970.320    1.77554
     6622.3014862612    968.954    1.77474
     6622.9786198226    967.716    1.77117
     6623.6558226213    962.299    1.76890
     6624.3330946642    962.169    1.76689
     6625.0104359586    960.016    1.76243
     6625.6878465114    966.113    1.77176
     6626.3653263298    965.329    1.76938
     6627.0428754209    963.656    1.76845
     6627.7204937916    966.350    1.77115
     6628.3981814492    967.096    1.77079
     6629.0759384007    967.571    1.77166
     6629.7537646531    964.246    1.76885
     6630.4316602137    961.793    1.76686
     6631.1096250893    962.404    1.76447
     6631.7876592872    962.453    1.76502
     6632.4657628145    950.142    1.75723
     6633.1439356781    938.810    1.75413
     6633.8221778853    934.844    1.74863
     6634.5004894430    946.930    1.75283
     6635.1788703585    959.551    1.76226
     6635.8573206387    965.395    1.76665
     6636.5358402908    965.613    1.76720
     6637.2144293219    970.775    1.77187
     6637.8930877390    967.069    1.76796
     6638.5718155493    968.744    1.77157
     6639.2506127598    955.470    1.75736
     6639.9294793777    964.222    1.76557
     6640.6084154100    969.750    1.77132
     6641.2874208639    970.593    1.77369
     6641.9664957463    960.239    1.76700
     6642.6456400646    936.439    1.73965
     6643.3248538257    920.387    1.72933
     6644.0041370367    942.208    1.75282
     6644.6834897047    960.635    1.76792
     6645.3629118369    966.770    1.76569
     6646.0424034404    964.993    1.76570
     6646.7219645222    968.460    1.76940
     6647.4015950894    967.407    1.76958
     6648.0812951492    965.879    1.76555
     6648.7610647087    970.087    1.77047
     6649.4409037749    968.510    1.76636
     6650.1208123550    971.507    1.77356
     6650.8007904561    972.078    1.78852
     6651.4808380853    970.573    1.76918
     6652.1609552497    967.044    1.76646
     6652.8411419563    965.381    1.76270
     6653.5213982125    966.547    1.76524
     6654.2017240251    971.664    1.77039
     6654.8821194014    974.222    1.77969
     6655.5625843485    969.191    1.77547
     6656.2431188734    972.402    1.76880
     6656.9237229834    971.629    1.76946
     6657.6043966854    971.245    1.76954
     6658.2851399866    971.486    1.76943
     6658.9659528942    971.368    1.76817
     6659.6468354152    965.932    1.76241
     6660.3277875568    963.830    1.76051
     6661.0088093261    965.232    1.76344
     6661.6899007302    962.595    1.75864
     6662.3710617763    941.103    1.74100
     6663.0522924713    925.515    1.72944
     6663.7335928226    939.049    1.74118
     6664.4149628371    960.238    1.75625
     6665.0964025221    962.389    1.76222
     6665.7779118846    968.765    1.76575
     6666.4594909318    963.398    1.76247
     6667.1411396707    965.253    1.76011
     6667.8228581086    964.095    1.76089
     6668.5046462525    965.919    1.76257
     6669.1865041096    968.379    1.76195
     6669.8684316870    975.401    1.77210
     6670.5504289918    972.283    1.76833
     6671.2324960312    968.441    1.76329
     6671.9146328122    968.469    1.76325
     6672.5968393421    968.751    1.77340
     6673.2791156279    971.267    1.76615
     6673.9614616768    974.628    1.77068
     6674.6438774960    969.298    1.76626
     6675.3263630925    967.423    1.76142
     6676.0089184734    966.140    1.75942
     6676.6915436460    943.389    1.73925
     6677.3742386174    901.822    1.70608
     6678.0570033946    900.010    1.70453
     6678.7398379849    935.592    1.73122
     6679.4227423953    957.400    1.75064
     6680.1057166330    966.479    1.76388
     6680.7887607053    964.458    1.75591
     6681.4718746190    969.857    1.76418
     6682.1550583816    968.877    1.76201
     6682.8383120000    966.959    1.75824
     6683.5216354814    970.687    1.76332
     6684.2050288329    970.448    1.76369
     6684.8884920618    974.973    1.76929
     6685.5720251751    971.753    1.76460
     6686.2556281801    968.933    1.76131
     6686.9393010837    972.861    1.76540
     6687.6230438933    970.208    1.76255
     6688.3068566158    963.642    1.75669
     6688.9907392586    970.948    1.77134
     6689.6746918287    973.556    1.77123
     6690.3587143333    971.372    1.76636
     6691.0428067795    973.380    1.76702
     6691.7269691745    971.256    1.76403
     6692.4112015255    971.938    1.76600
     6693.0955038395    972.299    1.76628
     6693.7798761238    972.058    1.77215
     6694.4643183855    972.545    1.76638
     6695.1488306317    956.863    1.75275
     6695.8334128697    946.995    1.74297
     6696.5180651065    955.411    1.75157
     6697.2027873494    966.902    1.76142
     6697.8875796054    961.078    1.75468
     6698.5724418818    957.078    1.75220
     6699.2573741856    963.591    1.75487
     6699.9423765242    968.594    1.76011
     6700.6274489045    969.941    1.76409
     6701.3125913339    969.670    1.76194
     6701.9978038194    969.430    1.76191
     6702.6830863682    962.507    1.75458
     6703.3684389875    957.809    1.75060
     6704.0538616844    954.819    1.74628
     6704.7393544661    956.741    1.74903
     6705.4249173398    961.924    1.75394
     6706.1105503127    966.744    1.75657
     6706.7962533918    967.340    1.75628
     6707.4820265844    962.159    1.75229
     6708.1678698977    968.311    1.75876
     6708.8537833388    968.675    1.76123
     6709.5397669148    967.402    1.75819
     6710.2258206330    959.148    1.75041
     6710.9119445006    970.920    1.76405
     6711.5981385246    967.154    1.75738
     6712.2844027123    968.535    1.75727
     6712.9707370709    959.392    1.75060
     6713.6571416075    959.038    1.74868
     6714.3436163293    961.266    1.75139
     6715.0301612435    962.833    1.75405
     6715.7167763572    958.416    1.74670
     6716.4034616776    933.629    1.72466
     6717.0902172120    905.323    1.71226
     6717.7770429674    913.593    1.71372
     6718.4639389512    943.815    1.73623
     6719.1509051703    968.002    1.75886
     6719.8379416321    969.031    1.76254
     6720.5250483437    967.438    1.75981
     6721.2122253123    961.083    1.75708
     6721.8994725451    962.756    1.77516
     6722.5867900493    964.506    1.75483
     6723.2741778320    974.014    1.76303
     6723.9616359004    969.066    1.75967
     6724.6491642618    964.461    1.75374
     6725.3367629233    965.180    1.75371
     6726.0244318920    960.703    1.75406
     6726.7121711753    962.675    1.75430
     6727.3999807802    969.262    1.76003
     6728.0878607141    968.925    1.75765
     6728.7758109839    970.758    1.75830
     6729.4638315970    970.078    1.75892
     6730.1519225606    970.957    1.75912
     6730.8400838818    974.060    1.76198
     6731.5283155678    971.308    1.76173
     6732.2166176259    968.309    1.75764
     6732.9049900632    962.699    1.76222
     6733.5934328869    968.327    1.76990
     6734.2819461042    970.540    1.75885
     6734.9705297223    970.371    1.76397
     6735.6591837484    971.808    1.76108
     6736.3479081898    971.257    1.75821
     6737.0367030535    964.621    1.76269
     6737.7255683469    963.765    1.75413
     6738.4145040771    967.882    1.75665
     6739.1035102513    966.642    1.75480
     6739.7925868767    965.500    1.75296
     6740.4817339605    969.853    1.75719
     6741.1709515100    973.622    1.76000
     6741.8602395323    963.138    1.75018
     6742.5495980346    953.240    1.74336
     6743.2390270242    955.350    1.74615
     6743.9285265082    964.245    1.75303
     6744.6180964939    965.395    1.75298
     6745.3077369884    966.473    1.75395
     6745.9974479991    970.416    1.75833
     6746.6872295330    971.374    1.76068
     6747.3770815974    963.067    1.75163
     6748.0670041995    968.357    1.77480
     6748.7569973465    956.405    1.74435
     6749.4470610457    944.050    1.73727
     6750.1371953043    936.665    1.72873
     6750.8274001294    953.347    1.74500
     6751.5176755282    964.530    1.75838
     6752.2080215081    964.601    1.75394
     6752.8984380762    968.548    1.75827
     6753.5889252397    967.157    1.75379
     6754.2794830059    967.539    1.75715
     6754.9701113819    972.348    1.76293
     6755.6608103751    964.772    1.75132
     6756.3515799925    971.723    1.76050
     6757.0424202415    973.891    1.76256
     6757.7333311292    973.059    1.76068
     6758.4243126629    975.180    1.76388
     6759.1153648498    972.329    1.75928
     6759.8064876971    965.619    1.75152
     6760.4976812121    970.271    1.75447
     6761.1889454019    970.281    1.75443
     6761.8802802738    969.554    1.75562
     6762.5716858351    968.790    1.75268
     6763.2631620929    968.971    1.75480
     6763.9547090546    970.787    1.75644
     6764.6463267272    964.978    1.74986
     6765.3380151181    967.032    1.75365
     6766.0297742344    966.063    1.75189
     6766.7216040835    948.256    1.73498
     6767.4135046725    933.618    1.72519
     6768.1054760086    944.084    1.73232
     6768.7975180992    961.490    1.74654
     6769.4896309514    969.866    1.75677
     6770.1818145725    965.370    1.76010
     6770.8740689697    959.950    1.74916
     6771.5663941503    957.411    1.74545
     6772.2587901214    955.103    1.74326
     6772.9512568904    965.613    1.74986
     6773.6437944645    972.571    1.75727
     6774.3364028508    971.733    1.75819
     6775.0290820567    975.834    1.76084
     6775.7218320894    974.904    1.76036
     6776.4146529561    970.121    1.75610
     6777.1075446640    971.702    1.75545
     6777.8005072205    973.584    1.75946
     6778.4935406328    975.932    1.76043
     6779.1866449080    974.168    1.75877
     6779.8798200536    973.540    1.75874
     6780.5730660766    971.161    1.75494
     6781.2663829843    972.197    1.75570
     6781.9597707840    967.547    1.75308
     6782.6532294830    968.047    1.75297
     6783.3467590885    957.916    1.74640
     6784.0403596077    964.223    1.74789
     6784.7340310479    963.297    1.74946
     6785.4277734164    968.585    1.75406
     6786.1215867203    963.391    1.74837
     6786.8154709670    968.428    1.75373
     6787.5094261637    970.911    1.75556
     6788.2034523177    970.162    1.75480
     6788.8975494362    970.092    1.75534
     6789.5917175264    968.934    1.75390
     6790.2859565957    973.139    1.75838
     6790.9802666512    973.843    1.75803
     6791.6746477003    973.332    1.76018
     6792.3690997502    969.334    1.75450
     6793.0636228081    965.204    1.74966
     6793.7582168814    970.282    1.75491
     6794.4528819773    967.099    1.75014
     6795.1476181030    968.561    1.75502
     6795.8424252658    968.702    1.75429
     6796.5373034730    971.161    1.75686
     6797.2322527318    970.928    1.75752
     6797.9272730495    970.545    1.75767
     6798.6223644334    968.293    1.75572
     6799.3175268907    967.999    1.75563
     6800.0127604288    975.402    1.75876
     6800.7080650548    970.075    1.75235
     6801.4034407760    975.174    1.76075
     6802.0988875997    972.205    1.75307
     6802.7944055332    971.307    1.75628
     6803.4899945838    965.589    1.75159
     6804.1856547587    966.581    1.75119
     6804.8813860652    969.316    1.75202
     6805.5771885105    967.032    1.75110
     6806.2730621020    961.500    1.74752
     6806.9690068469    960.416    1.74742
     6807.6650227525    968.471    1.75432
     6808.3611098260    975.771    1.75745
     6809.0572680748    967.840    1.75191
     6809.7534975061    958.535    1.74363
     6810.4497981272    961.039    1.74486
     6811.1461699454    975.913    1.76290
     6811.8426129680    975.158    1.77142
     6812.5391272022    975.013    1.75826
     6813.2357126553    972.895    1.75725
     6813.9323693346    968.523    1.75262
     6814.6290972474    966.218    1.75308
     6815.3258964010    968.022    1.75355
     6816.0227668026    972.157    1.75585
     6816.7197084596    977.219    1.76045
     6817.4167213792    974.862    1.75885
     6818.1138055687    975.724    1.75886
     6818.8109610354    970.845    1.75393
     6819.5081877865    966.124    1.75285
     6820.2054858295    970.235    1.75452
     6820.9028551715    968.767    1.75296
     6821.6002958199    973.269    1.75541
     6822.2978077819    974.305    1.76035
     6822.9953910649    977.005    1.76265
     6823.6930456761    972.210    1.76134
     6824.3907716228    972.297    1.75804
     6825.0885689124    974.598    1.76319
     6825.7864375520    979.012    1.76286
     6826.4843775491    973.611    1.75861
     6827.1823889109    970.788    1.75512
     6827.8804716447    959.394    1.75087
     6828.5786257577    957.238    1.74729
     6829.2768512574    966.906    1.75280
     6829.9751481510    972.567    1.75622
     6830.6735164457    970.230    1.75404
     6831.3719561490    975.468    1.76063
     6832.0704672681    974.083    1.76078
     6832.7690498103    974.107    1.76261
     6833.4677037828    973.551    1.75792
     6834.1664291931    971.628    1.75516
     6834.8652260484    970.254    1.75596
     6835.5640943561    976.541    1.76043
     6836.2630341233    971.001    1.75479
     6836.9620453575    972.429    1.75789
     6837.6611280659    967.724    1.75269
     6838.3602822559    959.996    1.74289
     6839.0595079347    958.357    1.74417
     6839.7588051097    956.726    1.74161
     6840.4581737882    947.037    1.73315
     6841.1576139775    937.915    1.72477
     6841.8571256848    939.914    1.72496
     6842.5567089176    940.064    1.72587
     6843.2563636831    950.870    1.73515
     6843.9560899886    954.679    1.73715
     6844.6558878415    967.819    1.75164
     6845.3557572491    968.319    1.77785
     6846.0556982187    972.796    1.75526
     6846.7557107576    974.218    1.75872
     6847.4557948730    973.738    1.75682
     6848.1559505725    971.142    1.75362
     6848.8561778632    969.517    1.75139
     6849.5564767525    971.036    1.75349
     6850.2568472476    973.706    1.75552
     6850.9572893561    971.663    1.75453
     6851.6578030850    976.405    1.75918
     6852.3583884418    974.215    1.75704
     6853.0590454339    972.281    1.75336
     6853.7597740684    963.545    1.74533
     6854.4605743528    943.181    1.72888
     6855.1614462944    942.012    1.73032
     6855.8623899004    959.816    1.74499
     6856.5634051783    963.750    1.76763
     6857.2644921353    960.246    1.74968
     6857.9656507789    956.197    1.74106
     6858.6668811162    970.456    1.75617
     6859.3681831547    973.816    1.75733
     6860.0695569016    968.390    1.75028
     6860.7710023644    958.483    1.74384
     6861.4725195503    957.419    1.74458
     6862.1741084667    963.425    1.74768
     6862.8757691209    962.865    1.74651
     6863.5775015202    971.793    1.75344
     6864.2793056720    969.548    1.75257
     6864.9811815836    976.015    1.76237
     6865.6831292624    961.982    1.74222
     6866.3851487157    967.440    1.74877
     6867.0872399508    970.075    1.77600
     6867.7894029751    995.878    1.90177
     6868.4916377959    999.338    2.12160
     6869.1939444206    979.629    2.16738
     6869.8963228564    945.055    2.17887
     6870.5987731108    937.120    2.08654
     6871.3012951910    947.743    2.00134
     6872.0038891045    959.858    2.00834
     6872.7065548586    943.586    1.97165
     6873.4092924606    954.883    1.97430
     6874.1121019178    949.966    1.95644
     6874.8149832377    959.547    1.94605
     6875.5179364275    952.661    1.93516
     6876.2209614946    955.857    1.95458
     6876.9240584464    952.700    1.89931
     6877.6272272901    976.006    1.92419
     6878.3304680333    955.520    1.87700
     6879.0337806831    952.839    1.84460
     6879.7371652470    963.112    1.84628
     6880.4406217324    959.615    1.85218
     6881.1441501465    934.268    1.90033
     6881.8477504967    929.976    1.79392
     6882.5514227904    947.974    1.74158
     6883.2551670349    955.253    1.74171
     6883.9589832376    967.367    1.77663
     6884.6628714059    975.536    1.82217
     6885.3668315471    944.944    1.81019
     6886.0708636685    965.994    1.81211
     6886.7749677776    973.378    1.86066
     6887.4791438817    973.492    1.88179
     6888.1833919881    953.362    1.85702
     6888.8877121042    961.371    1.89136
     6889.5921042375    987.497    1.87291
     6890.2965683951    975.222    1.90864
     6891.0011045845    950.613    1.89053
     6891.7057128132    942.722    1.79634
     6892.4103930883    977.671    1.82348
     6893.1151454174    987.659    1.89681
     6893.8199698077    971.279    1.91473
     6894.5248662667    938.226    1.87115
     6895.2298348017    936.701    1.78278
     6895.9348754200    969.099    1.79786
     6896.6399881291    981.709    1.91963
     6897.3451729363    977.793    1.92944
     6898.0504298490    953.227    1.93445
     6898.7557588746    943.901    1.86982
     6899.4611600204    957.658    1.77991
     6900.1666332938    977.151    1.80476
     6900.8721787023    978.480    1.86309
     6901.5777962530    968.370    1.88481
     6902.2834859535    938.709    1.84164
     6902.9892478112    955.142    1.76930
     6903.6950818333    960.018    1.75789
     6904.4009880273    978.733    1.80688
     6905.1069664005    975.114    1.85225
     6905.8130169604    955.090    1.84209
     6906.5191397143    941.276    1.79096
     6907.2253346696    957.168    1.76491
     6907.9316018337    962.535    1.74993
     6908.6379412139    976.654    1.78924
     6909.3443528177    992.864    1.84683
     6910.0508366524    966.473    1.84854
     6910.7573927254    941.748    1.80283
     6911.4640210442    949.939    1.75366
     6912.1707216160    954.807    1.74384
     6912.8774944483    963.242    1.75650
     6913.5843395485    951.121    1.76317
     6914.2912569239    940.941    1.79006
     6914.9982465820    938.827    1.79172
     6915.7053085301    933.241    1.74928
     6916.4124427756    937.756    1.74712
     6917.1196493260    952.812    1.75237
     6917.8269281886    959.289    1.74149
     6918.5342793708    964.226    1.76700
     6919.2417028800    969.188    1.79514
     6919.9491987236    963.026    1.79283
     6920.6567669089    954.719    1.76069
     6921.3644074435    960.205    1.74436
     6922.0721203347    965.401    1.74447
     6922.7799055898    959.306    1.74058
     6923.4877632164    957.805    1.75378
     6924.1956932217    952.243    1.78421
     6924.9036956133    949.184    1.77956
     6925.6117703984    944.897    1.78302
     6926.3199175845    954.914    1.77179
     6927.0281371790    965.706    1.74796
     6927.7364291893    973.561    1.75406
     6928.4447936228    963.721    1.76682
     6929.1532304869    969.365    1.77521
     6929.8617397890    972.394    1.77835
     6930.5703215366    967.953    1.78159
     6931.2789757370    968.448    1.77365
     6931.9877023976    965.102    1.75546
     6932.6965015258    964.613    1.75047
     6933.4053731292    951.821    1.73955
     6934.1143172150    968.875    1.75632
     6934.8233337906    971.796    1.76804
     6935.5324228636    967.052    1.76140
     6936.2415844413    957.372    1.74731
     6936.9508185310    966.533    1.75190
     6937.6601251404    956.234    1.74288
     6938.3695042766    974.006    1.75944
     6939.0789559472    970.924    1.76374
     6939.7884801597    974.980    1.76727
     6940.4980769213    980.131    1.78128
     6941.2077462395    982.573    1.78957
     6941.9174881217    972.353    1.77412
     6942.6273025754    976.893    1.77934
     6943.3371896080    964.104    1.76009
     6944.0471492269    953.260    1.74666
     6944.7571814395    938.690    1.73513
     6945.4672862532    939.890    1.75114
     6946.1774636755    949.729    1.76452
