     5638.4610805046    2106.81    7.72698
     5639.0376159040    2127.09    7.75129
     5639.6142102544    2179.88    7.84553
     5640.1908635619    2197.67    7.94013
     5640.7675758325    2158.21    8.35828
     5641.3443470722    2134.01    7.77077
     5641.9211772870    2143.50    7.78121
     5642.4980664830    2123.28    8.87439
     5643.0750146661    2238.41    9.95819
     5643.6520218426    2365.12    12.3562
     5644.2290880182    2496.90    13.3604
     5644.8062131992    1955.02    12.1831
     5645.3833973916    1816.40    9.85871
     5645.9606406012    2300.16    8.12272
     5646.5379428343    2170.33    7.89681
     5647.1153040968    2225.61    7.91157
     5647.6927243948    2234.74    7.94354
     5648.2702037343    2216.42    7.93249
     5648.8477421214    2205.74    7.88065
     5649.4253395620    2169.12    7.83321
     5650.0029960622    2162.45    7.81281
     5650.5807116281    2177.69    7.83937
     5651.1584862657    2194.62    7.86379
     5651.7363199811    2217.48    7.90691
     5652.3142127802    2254.75    7.96643
     5652.8921646691    2239.00    7.95049
     5653.4701756539    2238.11    7.94574
     5654.0482457406    2213.07    7.88959
     5654.6263749353    2160.25    7.80043
     5655.2045632439    2127.36    7.74105
     5655.7828106726    2137.84    7.77614
     5656.3611172274    2177.20    7.83609
     5656.9394829143    2190.45    7.84844
     5657.5179077394    2157.54    7.81783
     5658.0963917087    2024.84    8.01308
     5658.6749348282    1913.89    7.97209
     5659.2535371041    1931.03    7.47749
     5659.8321985423    1992.05    7.80910
     5660.4109191490    2111.80    7.83079
     5660.9896989301    2199.73    7.85434
     5661.5685378918    2153.07    7.76408
     5662.1474360400    2087.36    7.66698
     5662.7263933808    2077.11    7.64503
     5663.3054099203    2073.73    7.65571
     5663.8844856645    2138.57    7.76155
     5664.4636206195    2216.83    7.88024
     5665.0428147913    2259.41    7.96125
     5665.6220681860    2291.79    8.00490
     5666.2013808097    2292.14    8.00399
     5666.7807526683    2269.20    7.97902
     5667.3601837680    2233.14    7.91247
     5667.9396741149    2213.44    7.88373
     5668.5192237148    2219.04    7.88508
     5669.0988325741    2260.97    7.96757
     5669.6785006986    2269.63    7.97437
     5670.2582280944    2255.81    7.94005
     5670.8380147677    2235.80    7.90033
     5671.4178607245    2213.25    7.87462
     5671.9977659707    2219.36    7.88503
     5672.5777305126    2264.08    7.94793
     5673.1577543561    2311.93    8.02736
     5673.7378375074    2316.71    8.03905
     5674.3179799724    2310.50    8.04931
     5674.8981817573    2293.01    8.00931
     5675.4784428681    2272.01    7.96060
     5676.0587633109    2276.23    7.97514
     5676.6391430917    2312.69    8.04576
     5677.2195822166    2346.62    8.07249
     5677.8000806918    2313.10    8.03239
     5678.3806385231    2300.01    8.00900
     5678.9612557169    2284.93    7.98699
     5679.5419322789    2258.12    7.93937
     5680.1226682155    2260.95    7.99091
     5680.7034635326    2280.28    8.14543
     5681.2843182363    2279.78    7.98574
     5681.8652323327    2201.52    8.54137
     5682.4462058278    2170.69    7.82300
     5683.0272387277    2131.71    7.71496
     5683.6083310386    2162.34    7.95739
     5684.1894827664    2231.49    7.95607
     5684.7706939173    2277.53    7.96601
     5685.3519644972    2302.46    7.99866
     5685.9332945124    2268.03    7.95583
     5686.5146839689    2232.25    7.87893
     5687.0961328727    2176.73    7.80220
     5687.6776412300    2128.60    7.70493
     5688.2592090468    2139.35    7.71003
     5688.8408363291    2162.70    7.77601
     5689.4225230832    2197.01    8.03279
     5690.0042693150    2251.08    7.93068
     5690.5860750306    2281.79    7.94983
     5691.1679402361    2304.37    7.99547
     5691.7498649377    2313.44    8.00858
     5692.3318491413    2319.26    8.01847
     5692.9138928531    2332.28    8.02852
     5693.4959960792    2328.83    8.01757
     5694.0781588256    2305.85    7.99478
     5694.6603810984    2289.94    7.96616
     5695.2426629037    2296.29    7.95944
     5695.8250042477    2325.06    8.03815
     5696.4074051363    2368.99    8.09766
     5696.9898655757    2341.33    8.03074
     5697.5723855719    2278.92    8.23596
     5698.1549651311    2230.11    8.00184
     5698.7376042594    2204.40    7.83230
     5699.3203029628    2214.02    7.83717
     5699.9030612474    2254.35    7.88503
     5700.4858791194    2266.69    7.89245
     5701.0687565847    2204.69    7.81660
     5701.6516936496    2180.42    7.76017
     5702.2346903200    2192.16    7.78060
     5702.8177466022    2188.81    7.76525
     5703.4008625021    2235.47    7.85026
     5703.9840380259    2268.86    7.89851
     5704.5672731797    2272.67    7.90685
     5705.1505679696    2268.31    7.90053
     5705.7339224017    2243.08    7.85663
     5706.3173364820    2202.26    7.79522
     5706.9008102168    2158.58    7.94636
     5707.4843436119    2156.71    8.01574
     5708.0679366737    2169.03    7.72820
     5708.6515894081    2113.57    7.70454
     5709.2353018214    2049.73    7.51669
     5709.8190739195    2046.29    7.51735
     5710.4029057085    2049.75    7.49375
     5710.9867971947    2061.56    7.51915
     5711.5707483841    2070.83    7.55743
     5712.1547592827    2062.97    7.87050
     5712.7388298967    2129.97    8.08350
     5713.3229602323    2268.81    8.04479
     5713.9071502955    2336.74    7.96055
     5714.4914000923    2296.54    7.93334
     5715.0757096291    2298.91    7.91409
     5715.6600789117    2309.18    7.92427
     5716.2445079464    2309.48    7.91664
     5716.8289967392    2341.97    7.98861
     5717.4135452964    2326.04    7.97624
     5717.9981536238    2329.67    7.97681
     5718.5828217278    2317.65    7.94631
     5719.1675496144    2373.22    8.04199
     5719.7523372897    2405.02    8.08097
     5720.3371847598    2386.96    8.05765
     5720.9220920308    2378.70    8.04056
     5721.5070591089    2387.36    8.05107
     5722.0920860002    2392.00    8.06447
     5722.6771727108    2419.91    8.08917
     5723.2623192467    2435.57    8.13858
     5723.8475256142    2411.73    8.08363
     5724.4327918193    2441.91    8.15085
     5725.0181178682    2402.27    8.06409
     5725.6035037669    2393.00    8.05357
     5726.1889495217    2369.41    7.98716
     5726.7744551385    2290.85    7.87888
     5727.3600206236    2270.00    7.84952
     5727.9456459831    2289.79    9.18963
     5728.5313312230    2344.94    9.10616
     5729.1170763495    2406.94    8.04226
     5729.7028813688    2421.04    8.07553
     5730.2887462869    2389.87    8.02295
     5730.8746711099    2346.15    7.95977
     5731.4606558441    2292.78    7.89315
     5732.0467004955    2266.76    7.80909
     5732.6328050703    2336.70    7.93546
     5733.2189695745    2399.30    8.01371
     5733.8051940143    2418.09    8.06652
     5734.3914783959    2433.00    8.07893
     5734.9778227253    2423.14    8.06314
     5735.5642270088    2420.14    8.04877
     5736.1506912523    2401.50    8.01913
     5736.7372154621    2384.40    7.98688
     5737.3237996443    2381.12    7.97970
     5737.9104438051    2381.56    7.98531
     5738.4971479504    2405.40    8.01694
     5739.0839120866    2397.39    8.00723
     5739.6707362197    2392.62    7.99570
     5740.2576203558    2398.40    7.99910
     5740.8445645011    2399.84    8.00052
     5741.4315686617    2409.85    8.01583
     5742.0186328439    2395.64    7.98381
     5742.6057570536    2382.31    7.96212
     5743.1929412970    2374.37    7.95127
     5743.7801855803    2379.50    7.96171
     5744.3674899096    2412.35    8.00350
     5744.9548542911    2430.51    8.03706
     5745.5422787309    2429.51    8.02820
     5746.1297632351    2434.72    8.02996
     5746.7173078099    2412.85    7.98968
     5747.3049124614    2386.50    7.95471
     5747.8925771958    2397.92    8.72994
     5748.4803020192    2360.27    7.99304
     5749.0680869377    2367.26    7.92410
     5749.6559319576    2426.41    7.99820
     5750.2438370848    2439.39    8.02477
     5750.8318023257    2431.53    8.10797
     5751.4198276863    2409.26    8.07211
     5752.0079131728    2369.30    7.90100
     5752.5960587912    2288.14    7.77660
     5753.1842645479    2236.14    7.68176
     5753.7725304489    2246.84    7.69719
     5754.3608565004    2274.36    7.74485
     5754.9492427085    2327.80    7.82572
     5755.5376890794    2360.14    7.86344
     5756.1261956192    2416.22    7.96834
     5756.7147623341    2436.49    7.98141
     5757.3033892302    2425.39    7.97814
     5757.8920763137    2436.93    7.98438
     5758.4808235908    2448.59    7.99439
     5759.0696310675    2431.42    7.97061
     5759.6584987501    2400.64    7.93376
     5760.2474266447    2401.85    7.92415
     5760.8364147575    2391.98    7.90832
     5761.4254630946    2354.72    7.84987
     5762.0145716622    2305.15    7.77996
     5762.6037404664    2242.05    7.65016
     5763.1929695134    2242.75    7.65096
     5763.7822588094    2315.50    7.78771
     5764.3716083605    2399.52    7.90383
     5764.9610181728    2471.61    8.00875
     5765.5504882526    2461.11    7.99700
     5766.1400186061    2453.65    7.98251
     5766.7296092392    2439.75    7.97170
     5767.3192601583    2455.07    7.97248
     5767.9089713695    2472.26    7.99192
     5768.4987428790    2457.35    7.99930
     5769.0885746929    2487.35    8.02122
     5769.6784668174    2458.84    7.99176
     5770.2684192586    2456.41    7.97638
     5770.8584320228    2474.89    8.05641
     5771.4485051161    2448.99    7.97413
     5772.0386385446    2425.74    7.90743
     5772.6288323145    2414.16    7.90122
     5773.2190864321    2433.35    7.94037
     5773.8094009034    2433.53    7.92299
     5774.3997757346    2395.66    7.88456
     5774.9902109320    2392.89    7.86633
     5775.5807065017    2391.82    7.86187
     5776.1712624498    2417.11    7.90453
     5776.7618787826    2474.09    7.99756
     5777.3525555062    2466.60    7.96472
     5777.9432926267    2449.44    7.93705
     5778.5340901504    2452.32    7.95108
     5779.1249480835    2435.92    7.92445
     5779.7158664320    2403.99    7.86305
     5780.3068452023    2330.37    7.71827
     5780.8978844004    2266.02    7.64264
     5781.4889840326    2258.01    7.62426
     5782.0801441050    2272.27    7.64013
     5782.6713646238    2293.47    7.67052
     5783.2626455952    2304.44    7.69357
     5783.8539870253    2308.92    7.86267
     5784.4453889204    2264.39    7.98654
     5785.0368512866    2212.67    7.56511
     5785.6283741302    2239.92    7.69653
     5786.2199574573    2289.61    7.64900
     5786.8116012740    2351.22    7.73623
     5787.4033055866    2396.50    7.82858
     5787.9950704012    2394.28    7.81437
     5788.5868957242    2389.05    7.82231
     5789.1787815615    2434.75    7.87553
     5789.7707279194    2425.21    7.83927
     5790.3627348042    2353.45    7.75309
     5790.9548022219    2319.23    7.70304
     5791.5469301788    2332.71    7.72714
     5792.1391186811    2397.19    7.80559
     5792.7313677350    2447.38    7.87621
     5793.3236773466    2454.18    7.89113
     5793.9160475222    2460.95    7.89862
     5794.5084782679    2474.14    7.92356
     5795.1009695899    2502.38    7.97346
     5795.6935214945    2510.28    7.96668
     5796.2861339878    2489.99    7.93024
     5796.8788070760    2467.89    7.90074
     5797.4715407653    2439.39    7.85595
     5798.0643350619    2408.61    7.81827
     5798.6571899720    2418.38    7.83166
     5799.2501055019    2468.32    7.88563
     5799.8430816576    2506.68    7.93230
     5800.4361184455    2509.34    7.94875
     5801.0292158716    2517.61    7.95477
     5801.6223739422    2517.40    7.96595
     5802.2155926636    2516.29    7.95430
     5802.8088720418    2522.40    7.97542
     5803.4022120832    2473.89    7.88491
     5803.9956127938    2440.48    7.84085
     5804.5890741800    2413.67    7.78243
     5805.1825962479    2414.94    7.79233
     5805.7761790037    2443.59    7.81532
     5806.3698224537    2430.25    7.87049
     5806.9635266039    2430.37    7.85734
     5807.5572914608    2456.48    7.82832
     5808.1511170303    2450.06    7.82093
     5808.7450033188    2456.76    7.82049
     5809.3389503325    2453.09    7.83120
     5809.9329580775    2453.17    7.82993
     5810.5270265602    2509.39    7.90997
     5811.1211557866    2540.79    7.96658
     5811.7153457630    2536.12    7.95215
     5812.3095964957    2515.15    7.91029
     5812.9039079907    2527.82    7.93257
     5813.4982802544    2534.69    7.93994
     5814.0927132930    2510.85    7.91262
     5814.6872071126    2488.50    7.85849
     5815.2817617196    2453.21    7.81064
     5815.8763771200    2421.98    7.76591
     5816.4710533201    2412.36    7.76155
     5817.0657903262    2453.76    7.81755
     5817.6605881444    2513.57    7.89161
     5818.2554467810    2551.68    7.95274
     5818.8503662421    2561.12    7.97628
     5819.4453465341    2546.78    7.94894
     5820.0403876631    2563.11    7.97361
     5820.6354896353    2567.87    7.98125
     5821.2306524570    2549.22    7.96514
     5821.8258761344    2525.87    7.91687
     5822.4211606738    2542.76    7.93743
     5823.0165060812    2539.51    7.92474
     5823.6119123630    2527.51    7.90849
     5824.2073795254    2544.79    7.93183
     5824.8029075746    2555.17    7.94721
     5825.3984965168    2566.31    7.95263
     5825.9941463583    2557.11    7.96138
     5826.5898571053    2565.62    7.94871
     5827.1856287640    2550.09    7.98737
     5827.7814613406    2524.67    8.08711
     5828.3773548414    2556.38    7.94482
     5828.9733092726    2553.94    7.92795
     5829.5693246405    2560.91    7.93791
     5830.1654009512    2552.93    7.92267
     5830.7615382110    2557.81    7.93992
     5831.3577364261    2557.16    7.92755
     5831.9539956028    2537.85    7.90307
     5832.5503157472    2554.10    7.91262
     5833.1466968657    2572.27    7.92920
     5833.7431389645    2550.04    7.91558
     5834.3396420498    2535.91    7.88114
     5834.9362061277    2515.62    7.85784
     5835.5328312047    2526.37    7.86914
     5836.1295172869    2556.86    7.90855
     5836.7262643805    2547.15    7.88756
     5837.3230724918    2543.76    7.88592
     5837.9199416270    2509.35    7.94006
     5838.5168717923    2524.92    7.84990
     5839.1138629941    2542.15    7.87393
     5839.7109152385    2553.46    7.88740
     5840.3080285318    2574.16    7.91854
     5840.9052028802    2584.94    7.93300
     5841.5024382900    2576.44    7.91216
     5842.0997347674    2570.18    7.91878
     5842.6970923187    2589.03    7.94558
     5843.2945109500    2586.18    7.93992
     5843.8919906677    2559.01    7.89732
     5844.4895314780    2543.71    7.85681
     5845.0871333872    2547.89    7.86151
     5845.6847964014    2548.51    7.87256
     5846.2825205270    2539.93    7.85195
     5846.8803057701    2532.06    7.83765
     5847.4781521371    2517.18    7.82106
     5848.0760596341    2517.86    7.82575
     5848.6740282675    2536.94    7.83518
     5849.2720580435    2552.18    7.87038
     5849.8701489683    2570.46    7.89257
     5850.4683010482    2558.12    7.86954
     5851.0665142895    2537.64    7.84150
     5851.6647886983    2534.17    7.81535
     5852.2631242810    2498.46    7.77065
     5852.8615210438    2463.33    7.72850
     5853.4599789930    2469.77    7.72149
     5854.0584981348    2476.58    7.73650
     5854.6570784754    2508.44    7.77540
     5855.2557200212    2521.98    7.81550
     5855.8544227784    2460.26    7.70524
     5856.4531867532    2359.81    7.53340
     5857.0520119519    2212.24    7.95729
     5857.6508983808    2188.01    7.38842
     5858.2498460462    2275.20    7.40876
     5858.8488549542    2400.86    7.59655
     5859.4479251112    2464.08    7.68267
     5860.0470565234    2464.89    7.71061
     5860.6462491970    2531.06    7.77824
     5861.2455031385    2540.63    7.79710
     5861.8448183539    2475.01    7.72500
     5862.4441948496    2462.04    7.69447
     5863.0436326318    2487.06    7.73156
     5863.6431317069    2529.31    7.77686
     5864.2426920810    2583.48    7.85663
     5864.8423137604    2573.33    7.85411
     5865.4419967515    2525.73    7.76686
     5866.0417410604    2495.53    7.72378
     5866.6415466935    2435.12    7.62972
     5867.2414136570    2460.29    7.68816
     5867.8413419573    2513.14    7.75540
     5868.4413316004    2573.59    7.84230
     5869.0413825928    2602.19    7.87521
     5869.6414949407    2585.64    7.87564
     5870.2416686504    2602.46    7.89452
     5870.8419037282    2596.35    7.89812
     5871.4422001802    2601.92    7.87833
     5872.0425580129    2598.05    7.86585
     5872.6429772325    2562.15    7.81521
     5873.2434578452    2560.04    7.80852
     5873.8439998573    2584.02    7.83916
     5874.4446032752    2594.08    7.86580
     5875.0452681051    2574.97    7.81599
     5875.6459943532    2583.49    7.84929
     5876.2467820259    2577.30    7.83031
     5876.8476311294    2583.69    7.83597
     5877.4485416700    2564.29    7.80644
     5878.0495136541    2547.91    7.78024
     5878.6505470878    2556.42    7.78352
     5879.2516419774    2545.59    7.76871
     5879.8527983294    2504.76    7.72492
     5880.4540161498    2502.39    7.70983
     5881.0552954451    2520.62    7.73445
     5881.6566362214    2536.94    7.74997
     5882.2580384852    2539.74    7.73690
     5882.8595022426    2477.59    7.65205
     5883.4610275000    2444.12    7.60605
     5884.0626142636    2411.35    7.55056
     5884.6642625398    2404.47    7.53191
     5885.2659723348    2434.23    7.58924
     5885.8677436550    2421.73    7.56207
     5886.4695765065    2358.12    7.45628
     5887.0714708958    2256.45    7.28152
     5887.6734268290    2066.25    7.28335
     5888.2754443125    1792.85    6.94038
     5888.8775233526    1421.74    6.81089
     5889.4796639556    1105.20    6.42186
     5890.0818661278    1049.41    6.42357
     5890.6841298754    1253.87    6.77106
     5891.2864552048    1608.00    6.43595
     5891.8888421222    1909.65    6.69036
     5892.4912906340    2047.07    6.94436
     5893.0938007465    2094.27    7.01423
     5893.6963724659    2080.54    7.00260
     5894.2990057986    1930.41    6.76238
     5894.9017007508    1612.12    7.42188
     5895.5044573289    1279.47    6.05143
     5896.1072755391    1232.24    6.10499
     5896.7101553878    1474.38    6.91617
     5897.3130968812    1924.30    6.99035
     5897.9161000257    2212.29    7.15614
     5898.5191648276    2290.85    7.33048
     5899.1222912931    2348.26    7.42228
     5899.7254794286    2405.36    7.51762
     5900.3287292404    2468.72    7.61190
     5900.9320407348    2519.90    7.68005
     5901.5354139181    2541.45    7.71404
     5902.1388487966    2529.04    7.69270
     5902.7423453766    2551.57    7.70444
     5903.3459036644    2550.89    7.71868
     5903.9495236663    2554.32    7.70403
     5904.5532053887    2568.63    7.75020
     5905.1569488378    2529.07    7.68413
     5905.7607540200    2510.33    7.65775
     5906.3646209416    2546.75    7.70916
     5906.9685496088    2565.87    7.72191
     5907.5725400281    2568.76    7.73199
     5908.1765922057    2595.42    7.76810
     5908.7807061479    2582.76    7.75489
     5909.3848818610    2571.94    7.73601
     5909.9891193514    2569.19    7.73748
     5910.5934186254    2586.08    7.75511
     5911.1977796893    2609.29    7.78614
     5911.8022025494    2611.89    7.79917
     5912.4066872120    2609.94    7.78012
     5913.0112336835    2532.56    7.67267
     5913.6158419702    2460.96    7.56146
     5914.2205120783    2430.09    7.51630
     5914.8252440143    2440.90    7.52184
     5915.4300377844    2484.16    7.56720
     5916.0348933950    2508.91    7.63353
     5916.6398108523    2526.17    7.65087
     5917.2447901627    2549.74    7.67606
     5917.8498313326    2545.36    7.67690
     5918.4549343682    2545.66    7.67339
     5919.0600992759    2543.34    7.68078
     5919.6653260621    2588.72    7.73668
     5920.2706147329    2620.17    7.77019
     5920.8759652948    2605.74    7.75085
     5921.4813777541    2580.47    7.71398
     5922.0868521172    2539.81    7.66630
     5922.6923883902    2539.55    7.65670
     5923.2979865797    2587.42    7.71141
     5923.9036466919    2623.05    7.77691
     5924.5093687331    2623.23    7.76931
     5925.1151527096    2642.65    7.79914
     5925.7209986279    2636.58    7.78491
     5926.3269064943    2653.18    7.81286
     5926.9328763150    2619.83    7.76377
     5927.5389080964    2593.47    7.72259
     5928.1450018448    2583.42    7.69968
     5928.7511575667    2577.07    7.66358
     5929.3573752682    2498.40    7.57015
     5929.9636549559    2460.50    7.53335
     5930.5699966359    2484.04    7.55810
     5931.1764003146    2551.24    7.64684
     5931.7828659984    2630.84    7.73628
     5932.3893936937    2624.08    7.74671
     5932.9959834066    2617.26    7.73443
     5933.6026351437    2584.95    7.69785
     5934.2093489112    2527.72    7.60785
     5934.8161247155    2501.32    7.56511
     5935.4229625629    2554.00    7.62731
     5936.0298624598    2629.50    7.76038
     5936.6368244125    2649.08    7.78169
     5937.2438484274    2611.48    7.80963
     5937.8509345107    2599.52    7.72685
     5938.4580826689    2643.96    7.76337
     5939.0652929083    2644.86    7.75366
     5939.6725652352    2613.92    7.70540
     5940.2798996561    2579.00    7.64424
     5940.8872961771    2527.67    7.59649
     5941.4947548048    2513.89    7.57220
     5942.1022755454    2540.31    7.59807
     5942.7098584053    2587.69    7.66610
     5943.3175033908    2630.73    7.71597
     5943.9252105084    2624.72    7.72304
     5944.5329797643    2631.58    7.72314
     5945.1408111648    2639.31    7.73024
     5945.7487047165    2622.05    7.70795
     5946.3566604256    2640.81    7.72878
     5946.9646782984    2628.42    7.74382
     5947.5727583413    2589.58    7.65211
     5948.1809005608    2546.24    7.59051
     5948.7891049630    2514.92    7.54982
     5949.3973715545    2548.90    7.61177
     5950.0057003415    2609.70    7.67348
     5950.6140913305    2628.92    7.70045
     5951.2225445277    2649.36    7.70910
     5951.8310599395    2582.99    7.62650
     5952.4396375724    2507.04    7.53304
     5953.0482774326    2493.75    7.51408
     5953.6569795265    2549.91    7.59463
     5954.2657438606    2638.26    7.69937
     5954.8745704410    2662.02    7.73453
     5955.4834592743    2641.39    7.70930
     5956.0924103668    2587.72    7.64011
     5956.7014237248    2564.90    7.60226
     5957.3104993547    2554.94    7.59545
     5957.9196372629    2581.68    7.61490
     5958.5288374558    2620.60    7.67686
     5959.1380999397    2638.09    7.71089
     5959.7474247209    2680.74    7.76894
     5960.3568118059    2679.35    7.76518
     5960.9662612011    2682.85    7.76640
     5961.5757729127    2683.77    7.75504
     5962.1853469472    2659.17    7.72575
     5962.7949833110    2672.11    7.73919
     5963.4046820104    2681.52    7.75095
     5964.0144430517    2665.14    7.73536
     5964.6242664414    2649.48    7.70057
     5965.2341521859    2594.92    7.63029
     5965.8441002915    2571.57    7.59303
     5966.4541107646    2603.69    7.62991
     5967.0641836115    2625.31    7.65201
     5967.6743188387    2648.68    7.67993
     5968.2845164525    2651.14    7.69802
     5968.8947764593    2664.07    7.70795
     5969.5050988655    2681.20    7.74131
     5970.1154836775    2669.59    7.71191
     5970.7259309016    2676.10    7.72813
     5971.3364405442    2676.16    7.71665
     5971.9470126118    2663.31    7.70281
     5972.5576471106    2685.34    7.73248
     5973.1683440471    2675.39    7.70564
     5973.7791034277    2666.27    7.69427
     5974.3899252587    2650.53    7.66683
     5975.0008095466    2601.11    7.60385
     5975.6117562976    2568.94    7.56312
     5976.2227655183    2547.78    7.54070
     5976.8338372150    2537.99    7.53258
     5977.4449713940    2570.88    7.55899
     5978.0561680618    2592.55    7.58372
     5978.6674272248    2589.65    7.59034
     5979.2787488893    2623.30    7.63099
     5979.8901330617    2654.87    7.67141
     5980.5015797485    2668.33    7.68439
     5981.1130889560    2670.43    7.68215
     5981.7246606906    2668.65    7.68222
     5982.3362949588    2649.68    7.65472
     5982.9479917668    2581.10    7.55089
     5983.5597511211    2522.03    7.49425
     5984.1715730281    2469.66    7.65461
     5984.7834574943    2477.96    7.45065
     5985.3954045259    2549.52    7.50962
     5986.0074141293    2597.55    7.56999
     5986.6194863111    2589.36    7.56095
     5987.2316210775    2581.85    7.55482
     5987.8438184351    2605.42    7.58834
     5988.4560783901    2651.13    7.64421
     5989.0684009489    2657.68    7.82208
     5989.6807861181    2681.31    7.86520
     5990.2932339039    2698.22    7.73716
     5990.9057443129    2673.42    7.70884
     5991.5183173513    2667.26    7.67881
     5992.1309530256    2667.13    7.68231
     5992.7436513422    2696.17    7.72606
     5993.3564123075    2706.33    7.80080
     5993.9692359279    2718.19    7.74979
     5994.5821222098    2712.58    7.74747
     5995.1950711597    2679.42    7.68371
     5995.8080827838    2675.58    7.67295
     5996.4211570888    2657.10    7.64381
     5997.0342940808    2615.51    7.59364
     5997.6474937664    2606.02    7.56697
     5998.2607561520    2623.52    7.61587
     5998.8740812440    2662.80    7.66066
     5999.4874690488    2647.87    7.63674
     6000.1009195727    2665.94    7.65661
     6000.7144328223    2695.82    7.68966
     6001.3280088039    2682.67    7.66184
     6001.9416475239    2612.68    7.56733
     6002.5553489888    2543.85    7.48021
     6003.1691132050    2527.01    7.47302
     6003.7829401789    2604.57    7.56063
     6004.3968299169    2676.10    7.64719
     6005.0107824254    2649.47    7.62003
     6005.6247977108    2651.22    7.63276
     6006.2388757796    2650.06    7.63154
     6006.8530166382    2617.84    7.58563
     6007.4672202930    2504.75    7.41752
     6008.0814867505    2450.93    7.34781
     6008.6958160169    2478.03    7.37618
     6009.3102080989    2594.37    7.54956
     6009.9246630027    2703.48    8.00617
     6010.5391807348    2715.38    7.75041
     6011.1537613017    2696.31    7.66988
     6011.7684047097    2647.89    7.59370
     6012.3831109654    2595.62    7.51827
     6012.9978800750    2521.52    7.42273
     6013.6127120451    2526.06    7.44496
     6014.2276068820    2620.42    7.55674
     6014.8425645923    2664.83    7.61207
     6015.4575851823    2640.96    7.57657
     6016.0726686584    2550.99    7.51795
     6016.6878150271    2519.65    7.48651
     6017.3030242949    2585.64    7.51268
     6017.9182964680    2651.50    7.58982
     6018.5336315531    2667.08    7.60285
     6019.1490295565    2582.25    7.50296
     6019.7644904846    2506.20    7.39926
     6020.3800143439    2490.52    7.37879
     6020.9956011408    2487.92    7.36740
     6021.6112508818    2511.66    7.39680
     6022.2269635733    2537.88    7.43450
     6022.8427392216    2574.99    7.47422
     6023.4585778334    2544.69    7.42296
     6024.0744794149    2509.23    7.37980
     6024.6904439727    2581.01    7.49439
     6025.3064715132    2684.09    7.61812
     6025.9225620427    2681.51    7.62198
     6026.5387155679    2653.09    7.60561
     6027.1549320950    2652.48    7.58692
     6027.7712116306    2675.07    7.61088
     6028.3875541810    2710.66    7.64219
     6029.0039597528    2717.87    7.66194
     6029.6204283523    2732.18    7.68148
     6030.2369599861    2729.06    7.67390
     6030.8535546605    2710.73    7.65114
     6031.4702123821    2723.06    7.65659
     6032.0869331571    2729.78    7.66539
     6032.7037169922    2735.92    7.66983
     6033.3205638938    2732.81    7.67565
     6033.9374738682    2725.88    7.67092
     6034.5544469220    2734.36    7.67336
     6035.1714830616    2724.43    7.65962
     6035.7885822934    2728.14    7.66536
     6036.4057446239    2741.49    7.68665
     6037.0229700596    2748.30    7.68800
     6037.6402586068    2735.43    7.66368
     6038.2576102722    2734.73    7.66800
     6038.8750250620    2703.64    7.61585
     6039.4925029828    2677.35    7.59212
     6040.1100440410    2687.41    7.59433
     6040.7276482431    2690.91    7.59776
     6041.3453155955    2687.79    7.59410
     6041.9630461047    2669.37    7.56551
     6042.5808397772    2664.74    7.56287
     6043.1986966194    2730.57    7.79998
     6043.8166166377    2761.61    7.82856
     6044.4345998386    2738.15    7.65937
     6045.0526462287    2740.03    7.65158
     6045.6707558142    2753.41    7.66668
     6046.2889286018    2746.46    7.66593
     6046.9071645979    2746.39    7.65824
     6047.5254638089    2759.05    7.67820
     6048.1438262413    2751.93    7.66532
     6048.7622519015    2747.15    7.66616
     6049.3807407961    2749.89    7.67271
     6049.9992929315    2756.31    7.67351
     6050.6179083141    2751.02    7.65868
     6051.2365869504    2749.72    7.65924
     6051.8553288470    2738.26    7.62497
     6052.4741340102    2752.23    7.65371
     6053.0930024465    2711.90    7.60765
     6053.7119341624    2729.38    7.63715
     6054.3309291644    2712.71    7.59470
     6054.9499874590    2677.99    7.55377
     6055.5691090525    2646.75    7.50681
     6056.1882939516    2637.32    7.49790
     6056.8075421626    2668.15    7.53897
     6057.4268536920    2712.04    7.58562
     6058.0462285463    2730.02    7.60499
     6058.6656667320    2742.64    7.62501
     6059.2851682556    2741.44    7.63550
     6059.9047331235    2756.69    7.64198
     6060.5243613422    2754.34    7.64556
     6061.1440529183    2745.54    7.63421
     6061.7638078580    2742.63    7.61595
     6062.3836261680    2695.24    7.56329
     6063.0035078548    2691.90    7.54717
     6063.6234529247    2679.51    7.52772
     6064.2434613844    2620.90    7.43643
     6064.8635332402    2484.32    7.26529
     6065.4836684986    2460.93    7.24766
     6066.1038671662    2599.80    7.65335
     6066.7241292494    2721.19    7.58567
     6067.3444547547    2756.24    7.63140
     6067.9648436886    2750.72    7.61496
     6068.5852960576    2767.08    7.63814
     6069.2058118681    2763.56    7.63029
     6069.8263911267    2758.60    7.62089
     6070.4470338398    2771.29    7.64466
     6071.0677400139    2773.30    7.64272
     6071.6885096555    2780.21    7.84389
     6072.3093427711    2793.05    7.74607
     6072.9302393672    2785.97    7.65785
     6073.5511994503    2770.39    7.64002
     6074.1722230269    2771.18    7.62999
     6074.7933101034    2776.88    7.65528
     6075.4144606864    2773.30    7.65738
     6076.0356747824    2780.47    7.63831
     6076.6569523977    2762.73    7.61281
     6077.2782935391    2713.27    7.53814
     6077.8996982128    2630.54    7.45316
     6078.5211664255    2583.31    7.40861
     6079.1426981836    2640.45    7.44645
     6079.7642934937    2719.06    7.54031
     6080.3859523621    2740.13    7.57793
     6081.0076747955    2697.43    7.52575
     6081.6294608003    2658.78    7.46225
     6082.2513103831    2642.94    7.44922
     6082.8732235502    2699.99    7.52443
     6083.4952003083    2738.11    7.57655
     6084.1172406638    2728.33    7.55136
     6084.7393446233    2675.37    7.47265
     6085.3615121931    2645.18    7.44634
     6085.9837433800    2689.94    7.50490
     6086.6060381902    2706.29    7.51347
     6087.2283966304    2728.24    7.54257
     6087.8508187071    2758.60    7.57839
     6088.4733044267    2743.98    7.56731
     6089.0958537958    2687.84    7.48344
     6089.7184668208    2609.94    7.38179
     6090.3411435084    2600.78    7.37282
     6090.9638838649    2640.46    7.41365
     6091.5866878970    2677.89    7.46811
     6092.2095556111    2700.08    7.49845
     6092.8324870137    2687.41    7.49488
     6093.4554821113    2707.45    7.51747
     6094.0785409105    2733.07    7.56068
     6094.7016634177    2766.19    7.58802
     6095.3248496396    2765.83    7.58562
     6095.9480995825    2732.06    7.53474
     6096.5714132531    2711.37    7.50720
     6097.1947906577    2694.27    7.49510
     6097.8182318030    2727.65    7.53070
     6098.4417366955    2732.39    7.54127
     6099.0653053417    2766.66    7.58036
     6099.6889377480    2777.06    7.61444
     6100.3126339211    2748.15    7.55622
     6100.9363938674    2682.53    7.47461
     6101.5602175935    2439.78    7.12476
     6102.1841051058    2175.42    6.73761
     6102.8080564110    2142.49    6.71099
     6103.4320715155    2404.17    7.29160
     6104.0561504258    2669.54    7.46005
     6104.6802931485    2755.22    7.55502
     6105.3044996901    2768.95    7.57518
     6105.9287700571    2774.63    7.58085
     6106.5531042561    2763.57    7.56205
     6107.1775022936    2716.36    7.50790
     6107.8019641760    2674.82    7.46506
     6108.4264899100    2691.64    7.48503
     6109.0510795021    2764.94    7.56240
     6109.6757329587    2785.46    7.58071
     6110.3004502865    2758.38    7.54893
     6110.9252314919    2709.85    7.48864
     6111.5500765815    2688.27    7.47295
     6112.1749855618    2741.10    7.53013
     6112.7999584393    2783.42    7.59118
     6113.4249952207    2814.77    7.63131
     6114.0500959123    2805.60    7.62078
     6114.6752605208    2775.81    7.56668
     6115.3004890528    2745.03    7.53338
     6115.9257815146    2712.34    7.49784
     6116.5511379128    2714.64    7.49898
     6117.1765582541    2737.41    7.53369
     6117.8020425449    2770.73    7.55229
     6118.4275907918    2745.51    7.52986
     6119.0532030013    2685.89    7.46387
     6119.6788791800    2648.86    7.39906
     6120.3046193343    2623.74    7.36726
     6120.9304234709    2448.72    7.48306
     6121.5562915963    2143.96    6.66599
     6122.1822237170    2047.08    6.77168
     6122.8082198395    2307.95    7.13139
     6123.4342799705    2620.62    7.71745
     6124.0604041164    2714.37    7.51161
     6124.6865922838    2756.44    7.53887
     6125.3128444793    2729.26    7.50927
     6125.9391607093    2695.85    7.46218
     6126.5655409805    2698.06    7.45359
     6127.1919852994    2702.85    7.46732
     6127.8184936725    2696.28    7.45462
     6128.4450661064    2695.88    7.45150
     6129.0717026076    2718.39    7.47573
     6129.6984031828    2760.19    7.53107
     6130.3251678383    2769.22    7.55497
     6130.9519965809    2767.05    7.54598
     6131.5788894170    2777.92    7.55455
     6132.2058463532    2791.71    7.57744
     6132.8328673961    2805.81    7.58251
     6133.4599525522    2795.29    7.56817
     6134.0871018280    2762.04    7.53173
     6134.7143152301    2706.55    7.43918
     6135.3415927652    2569.47    7.31990
     6135.9689344396    2359.35    7.10835
     6136.5963402601    2156.98    6.70869
     6137.2238102331    2144.22    6.68605
     6137.8513443652    2381.99    7.02176
     6138.4789426630    2624.00    7.40927
     6139.1066051330    2766.57    7.51914
     6139.7343317818    2806.98    7.57609
     6140.3621226160    2769.23    7.54421
     6140.9899776421    2608.08    7.31974
     6141.6178968667    2557.22    7.24706
     6142.2458802963    2623.62    7.33875
     6142.8739279375    2716.89    7.45782
     6143.5020397969    2750.55    7.52527
     6144.1302158811    2773.94    7.53872
     6144.7584561966    2779.02    7.53981
     6145.3867607499    2769.17    7.52498
     6146.0151295477    2788.19    7.54519
     6146.6435625965    2773.05    7.52344
     6147.2720599029    2740.33    7.47573
     6147.9006214735    2755.99    7.49970
     6148.5292473148    2739.79    7.47193
     6149.1579374333    2752.64    7.49722
     6149.7866918358    2731.71    7.46731
     6150.4155105287    2704.21    7.43969
     6151.0443935186    2715.43    7.44017
     6151.6733408121    2712.26    7.45783
     6152.3023524158    2781.81    7.53240
     6152.9314283362    2804.11    7.55969
     6153.5605685799    2760.70    7.50266
     6154.1897731536    2685.46    7.40397
     6154.8190420637    2674.52    7.38491
     6155.4483753169    2710.76    7.43113
     6156.0777729197    2748.01    7.47199
     6156.7072348787    2756.10    7.47546
     6157.3367612005    2699.42    7.42663
     6157.9663518916    2724.50    7.44068
     6158.5960069588    2753.61    7.48973
     6159.2257264085    2764.42    7.46583
     6159.8555102473    2637.18    7.30222
     6160.4853584817    2392.87    7.00863
     6161.1152711185    2059.81    6.64987
     6161.7452481642    1817.34    6.31744
     6162.3752896253    1915.15    6.84082
     6163.0053955085    2140.11    6.59123
     6163.6355658203    2417.69    6.99316
     6164.2658005673    2580.50    7.23784
     6164.8960997562    2678.59    7.35780
     6165.5264633934    2629.17    7.30849
     6166.1568914856    2602.35    7.26461
     6166.7873840394    2676.59    7.36293
     6167.4179410614    2746.37    7.46623
     6168.0485625581    2624.91    7.29601
     6168.6792485362    2325.43    6.87233
     6169.3099990023    2213.04    6.70883
     6169.9408139629    2311.05    7.00100
     6170.5716934246    2570.76    7.23282
     6171.2026373941    2724.34    7.40913
     6171.8336458779    2787.85    7.48837
     6172.4647188826    2712.19    7.38264
     6173.0958564148    2686.92    7.37130
     6173.7270584812    2735.60    7.42442
     6174.3583250883    2768.30    7.47503
     6174.9896562427    2788.66    7.49072
     6175.6210519510    2764.17    7.45299
     6176.2525122198    2724.39    7.40703
     6176.8840370558    2735.21    7.42072
     6177.5156264655    2770.47    7.47369
     6178.1472804555    2826.17    7.53168
     6178.7789990324    2831.61    7.53625
     6179.4107822029    2779.89    7.47653
     6180.0426299735    2727.34    7.42488
     6180.6745423508    2782.85    7.48974
     6181.3065193415    2854.07    7.55523
     6181.9385609522    2824.45    7.53880
     6182.5706671894    2832.53    7.53012
     6183.2028380598    2818.33    7.51993
     6183.8350735700    2826.80    7.52086
     6184.4673737265    2840.61    7.53948
     6185.0997385361    2814.69    7.51230
     6185.7321680052    2801.22    7.48612
     6186.3646621406    2773.34    7.45686
     6186.9972209489    2756.95    7.42992
     6187.6298444365    2737.17    7.40366
     6188.2625326103    2744.66    7.40085
     6188.8952854767    2771.88    7.44610
     6189.5281030424    2808.13    7.46918
     6190.1609853140    2699.02    7.34321
     6190.7939322981    2448.55    7.09165
     6191.4269440014    2372.73    7.23422
     6192.0600204304    2551.96    7.28600
     6192.6931615918    2776.91    7.43450
     6193.3263674922    2817.38    7.50322
     6193.9596381382    2835.90    7.52543
     6194.5929735364    2839.27    7.53089
     6195.2263736935    2855.25    7.56324
     6195.8598386160    2848.85    7.54664
     6196.4933683107    2854.51    7.55236
     6197.1269627841    2852.68    7.54402
     6197.7606220428    2832.94    7.50323
     6198.3943460935    2775.19    7.44269
     6199.0281349428    2689.32    7.32966
     6199.6619885973    2634.09    7.25766
     6200.2959070636    2680.15    7.30790
     6200.9298903485    2768.36    7.43865
     6201.5639384584    2856.31    7.67221
     6202.1980514000    2867.24    7.57725
     6202.8322291801    2868.53    7.54499
     6203.4664718051    2847.18    7.52311
     6204.1007792817    2848.20    7.52348
     6204.7351516165    2825.08    7.48908
     6205.3695888163    2849.85    7.52486
     6206.0040908875    2865.33    7.64123
     6206.6386578370    2864.84    7.57129
     6207.2732896711    2850.45    7.51665
     6207.9079863967    2849.70    7.51453
     6208.5427480204    2859.93    7.52763
     6209.1775745487    2871.85    7.53525
     6209.8124659884    2831.18    7.48837
     6210.4474223460    2804.47    7.45241
     6211.0824436282    2812.72    7.46426
     6211.7175298417    2831.22    7.46845
     6212.3526809930    2761.04    7.37705
     6212.9878970889    2638.40    7.25418
     6213.6231781359    2622.95    7.21815
     6214.2585241407    2656.05    7.25779
     6214.8939351099    2683.06    7.27091
     6215.5294110502    2631.28    7.23619
     6216.1649519683    2665.84    7.27025
     6216.8005578707    2753.27    7.37792
     6217.4362287641    2826.44    7.45279
     6218.0719646552    2792.30    7.41595
     6218.7077655506    2676.47    7.28646
     6219.3436314570    2634.62    7.22768
     6219.9795623809    2664.39    7.25446
     6220.6155583291    2721.38    7.32581
     6221.2516193082    2751.79    7.37204
     6221.8877453248    2818.45    7.44262
     6222.5239363857    2855.05    7.49294
     6223.1601924973    2837.67    7.47542
     6223.7965136665    2771.29    7.39866
     6224.4328998999    2791.06    7.40423
     6225.0693512040    2811.11    7.44447
     6225.7058675856    2827.19    7.48462
     6226.3424490513    2822.59    7.44878
     6226.9790956077    2808.09    7.44425
     6227.6158072616    2816.82    7.45804
     6228.2525840196    2834.44    7.53584
     6228.8894258883    2756.98    7.36659
     6229.5263328744    2622.02    7.19209
     6230.1633049845    2400.95    6.88631
     6230.8003422254    2419.39    6.90509
     6231.4374446036    2565.57    7.11778
     6232.0746121258    2624.08    7.17852
     6232.7118447988    2624.36    7.17408
     6233.3491426290    2734.48    7.32308
     6233.9865056234    2846.50    7.47248
     6234.6239337883    2876.91    7.65418
     6235.2614271307    2895.81    7.52982
     6235.8989856570    2867.01    7.48705
     6236.5366093740    2834.97    7.45252
     6237.1742982883    2819.76    7.43045
     6237.8120524067    2817.70    7.42600
     6238.4498717357    2851.29    7.47707
     6239.0877562820    2791.52    7.39844
     6239.7257060524    2715.54    7.30593
     6240.3637210534    2701.49    7.28318
     6241.0018012918    2777.83    7.38772
     6241.6399467742    2801.02    7.39693
     6242.2781575072    2663.97    7.22397
     6242.9164334977    2569.30    7.28776
     6243.5547747521    2644.96    7.23906
     6244.1931812773    2760.13    7.33862
     6244.8316530799    2764.13    7.55544
     6245.4701901665    2613.28    7.20542
     6246.1087925438    2530.94    7.05886
     6246.7474602186    2630.78    7.17665
     6247.3861931974    2791.62    7.37372
     6248.0249914870    2857.00    7.45731
     6248.6638550940    2847.34    7.45866
     6249.3027840251    2840.30    7.45197
     6249.9417782870    2854.92    7.45628
     6250.5808378864    2817.68    7.39004
     6251.2199628300    2676.86    7.21594
     6251.8591531244    2519.52    7.02319
     6252.4984087763    2488.34    6.98448
     6253.1377297924    2575.24    7.07566
     6253.7771161794    2606.82    7.11998
     6254.4165679440    2653.51    7.19363
     6255.0560850929    2730.75    7.26410
     6255.6956676326    2659.25    7.19410
     6256.3353155700    2609.60    7.14640
     6256.9750289117    2632.11    7.13500
     6257.6148076645    2537.59    7.03038
     6258.2546518349    2454.34    6.94809
     6258.8945614296    2563.39    7.15755
     6259.5345364555    2727.78    7.31780
     6260.1745769191    2729.40    7.27702
     6260.8146828272    2685.94    7.24204
     6261.4548541864    2735.71    7.29270
     6262.0950910034    2827.59    7.38705
     6262.7353932850    2866.74    7.44104
     6263.3757610378    2870.62    7.45390
     6264.0161942685    2802.35    7.38121
     6264.6566929838    2702.57    7.25924
     6265.2972571904    2675.37    7.21476
     6265.9378868950    2753.27    7.28911
     6266.5785821044    2834.34    7.45625
     6267.2193428251    2845.10    7.49529
     6267.8601690639    2825.22    7.39379
     6268.5010608275    2811.98    7.41084
     6269.1420181226    2803.77    7.41437
     6269.7830409559    2777.76    7.33756
     6270.4241293341    2780.42    7.33941
     6271.0652832639    2817.82    7.38640
     6271.7065027520    2854.30    7.42551
     6272.3477878051    2860.68    7.43739
     6272.9891384300    2897.38    7.45873
     6273.6305546332    2835.10    7.40566
     6274.2720364216    2804.52    7.35850
     6274.9135838017    2801.48    7.35439
     6275.5551967805    2762.39    7.30290
     6276.1968753644    2709.84    7.22581
     6276.8386195603    2664.16    7.16959
     6277.4804293749    2695.34    7.24866
     6278.1223048148    2734.88    7.36140
     6278.7642458868    2768.93    7.29517
     6279.4062525976    2733.80    7.25165
     6280.0483249539    2663.21    7.17870
     6280.6904629624    2680.09    7.19609
     6281.3326666298    2743.80    7.26823
     6281.9749359629    2788.18    7.33766
     6282.6172709683    2815.06    7.36963
     6283.2596716528    2835.87    7.38814
     6283.9021380231    2851.72    7.40630
     6284.5446700859    2824.68    7.37869
     6285.1872678479    2794.46    7.34374
     6285.8299313158    2839.52    7.38729
     6286.4726604964    2873.34    7.43724
     6287.1154553963    2885.77    7.45044
     6287.7583160224    2897.51    7.45952
     6288.4012423812    2884.47    7.45418
     6289.0442344796    2878.34    7.43643
     6289.6872923243    2845.53    7.39929
     6290.3304159219    2805.66    7.35232
     6290.9736052792    2788.47    7.33862
     6291.6168604030    2766.30    7.29431
     6292.2601812999    2768.48    7.31548
     6292.9035679767    2759.56    7.40725
     6293.5470204400    2819.85    7.35859
     6294.1905386968    2849.39    7.40618
     6294.8341227535    2831.31    7.36594
     6295.4777726171    2801.83    7.33460
     6296.1214882941    2757.39    7.27598
     6296.7652697915    2727.05    7.24592
     6297.4091171157    2691.46    7.20022
     6298.0530302737    2726.62    7.24013
     6298.6970092721    2807.64    7.35242
     6299.3410541177    2856.15    7.40993
     6299.9851648172    2820.47    7.35856
     6300.6293413773    2656.11    7.16169
     6301.2735838048    2453.25    6.95935
     6301.9178921064    2474.98    6.89956
     6302.5622662888    2623.01    7.08735
     6303.2067063588    2756.24    7.25546
     6303.8512123231    2818.33    7.33361
     6304.4957841885    2835.31    7.36178
     6305.1404219617    2789.49    7.31482
     6305.7851256493    2788.14    7.33559
     6306.4298952583    2855.06    7.37199
     6307.0747307952    2901.03    7.46019
     6307.7196322669    2914.82    7.55318
     6308.3645996801    2894.18    7.43742
     6309.0096330416    2888.54    7.42913
     6309.6547323580    2868.06    7.40288
     6310.2998976361    2859.55    7.39466
     6310.9451288827    2832.88    7.34975
     6311.5904261045    2809.08    7.33162
     6312.2357893082    2821.90    7.33498
     6312.8812185007    2850.13    7.35214
     6313.5267136886    2818.58    7.33058
     6314.1722748787    2719.78    7.19735
     6314.8179020778    2649.83    7.10856
     6315.4635952925    2697.28    7.18250
     6316.1093545297    2783.83    7.28408
     6316.7551797961    2781.36    7.27009
     6317.4010710984    2652.92    7.11662
     6318.0470284435    2549.35    6.99046
     6318.6930518380    2617.77    7.17743
     6319.3391412887    2777.42    7.26367
     6319.9852968023    2858.31    7.37444
     6320.6315183857    2906.67    7.43053
     6321.2778060456    2874.80    7.40355
     6321.9241597887    2773.72    7.27319
     6322.5705796217    2734.65    7.33111
     6323.2170655516    2832.69    7.34338
     6323.8636175849    2906.75    7.43218
     6324.5102357284    2921.31    7.45790
     6325.1569199890    2918.73    7.45523
     6325.8036703734    2922.84    7.45766
     6326.4504868883    2875.13    7.38829
     6327.0973695406    2829.87    7.31976
     6327.7443183369    2850.31    7.35153
     6328.3913332840    2889.41    7.39307
     6329.0384143887    2860.67    7.36739
     6329.6855616578    2810.73    7.30135
     6330.3327750980    2819.80    7.32598
     6330.9800547161    2848.77    7.35506
     6331.6274005188    2925.61    7.45315
     6332.2748125130    2952.86    7.48058
     6332.9222907054    2953.35    7.47657
     6333.5698351027    2918.75    7.43469
     6334.2174457118    2839.45    7.31782
     6334.8651225393    2647.04    7.06735
     6335.5128655922    2569.58    6.93556
     6336.1606748770    2562.13    6.94913
     6336.8085504007    2615.98    7.08587
     6337.4564921700    2753.23    7.18336
     6338.1045001916    2791.46    7.24191
     6338.7525744724    2782.53    7.23026
     6339.4007150191    2827.92    7.29573
     6340.0489218385    2875.61    7.36269
     6340.6971949373    2914.20    7.38816
     6341.3455343224    2902.30    7.38400
     6341.9939400005    2887.16    7.36767
     6342.6424119784    2835.56    7.30102
     6343.2909502629    2752.96    7.20957
     6343.9395548607    2739.54    7.18838
     6344.5882257787    2811.84    7.28330
     6345.2369630236    2903.11    7.39399
     6345.8857666022    2939.13    7.44010
     6346.5346365212    2926.77    7.43258
     6347.1835727876    2943.68    7.44984
     6347.8325754080    2955.85    7.47562
     6348.4816443892    2940.28    7.47672
     6349.1307797380    2940.94    7.54515
     6349.7799814613    2927.80    7.43397
     6350.4292495657    2943.45    7.44903
     6351.0785840582    2949.06    7.46169
     6351.7279849453    2951.92    7.45586
     6352.3774522341    2953.01    7.46377
     6353.0269859312    2946.91    7.46015
     6353.6765860434    2924.91    7.42149
     6354.3262525776    2835.96    7.33119
     6354.9759855405    2785.83    7.26590
     6355.6257849389    2866.19    7.35609
     6356.2756507796    2937.18    7.43522
     6356.9255830694    2933.29    7.42308
     6357.5755818151    2860.88    7.33375
     6358.2256470235    2768.54    7.23742
     6358.8757787013    2764.22    7.22564
     6359.5259768555    2833.48    7.30243
     6360.1762414927    2851.74    7.33136
     6360.8265726198    2843.13    7.31200
     6361.4769702436    2799.55    7.25920
     6362.1274343709    2750.07    7.20364
     6362.7779650084    2766.47    7.21430
     6363.4285621630    2806.88    7.28194
     6364.0792258415    2884.58    7.36673
     6364.7299560506    2900.25    7.39218
     6365.3807527973    2900.12    7.38329
     6366.0316160882    2900.27    7.38700
     6366.6825459302    2901.99    7.39807
     6367.3335423302    2962.71    7.45715
     6367.9846052948    2987.95    7.49005
     6368.6357348309    2962.81    7.46558
     6369.2869309453    2970.62    7.47353
     6369.9381936449    2972.55    7.48081
     6370.5895229364    2947.37    7.45194
     6371.2409188266    2969.79    7.46778
     6371.8923813223    2969.54    7.47517
     6372.5439104305    2975.76    7.48077
     6373.1955061578    2987.31    7.48899
     6373.8471685111    2966.57    7.46981
     6374.4988974971    2979.72    7.47308
     6375.1506931228    2974.06    7.47589
     6375.8025553949    2969.82    7.47930
     6376.4544843202    2992.57    7.49316
     6377.1064799056    2969.61    7.46402
     6377.7585421579    2948.66    7.43375
     6378.4106710838    2938.25    7.42754
     6379.0628666903    2943.65    7.42892
     6379.7151289840    2927.36    7.39932
     6380.3674579719    2872.33    7.34588
     6381.0198536608    2885.05    7.34964
     6381.6723160574    2936.25    7.40733
     6382.3248451686    2974.26    7.45772
     6382.9774410013    2992.78    7.47827
     6383.6301035622    2986.01    7.47349
     6384.2828328581    2951.25    7.43823
     6384.9356288960    2945.77    7.42491
     6385.5884916825    2962.66    7.43967
     6386.2414212246    2974.81    7.52320
     6386.8944175291    2980.56    7.49421
     6387.5474806028    2969.65    7.44293
     6388.2006104524    2954.55    7.42754
     6388.8538070850    2967.18    7.44314
     6389.5070705072    2985.54    7.46599
     6390.1604007259    2997.39    7.48973
     6390.8137977479    2996.57    7.49739
     6391.4672615801    2960.95    7.44563
     6392.1207922293    2857.55    7.29545
     6392.7743897023    2690.69    7.10038
     6393.4280540060    2593.78    6.99466
     6394.0817851472    2729.99    7.30440
     6394.7355831327    2909.94    7.39995
     6395.3894479693    2957.07    7.43010
     6396.0433796640    2990.97    7.46631
     6396.6973782235    2990.70    7.46942
     6397.3514436547    2983.02    7.45711
     6398.0055759644    2968.92    7.44782
     6398.6597751594    2804.53    7.21193
     6399.3140412466    2486.59    7.04569
     6399.9683742329    2397.43    6.83132
     6400.6227741250    2624.21    7.33203
     6401.2772409298    2886.53    7.34355
     6401.9317746542    2967.62    7.43989
     6402.5863753050    3001.26    7.49408
     6403.2410428890    2992.53    7.46581
     6403.8957774131    3010.96    7.48964
     6404.5505788841    2988.55    7.46796
     6405.2054473088    2949.79    7.39780
     6405.8603826942    2962.13    7.43788
     6406.5153850471    2904.16    7.34011
     6407.1704543743    2786.93    7.20561
     6407.8255906826    2734.30    7.13715
     6408.4807939789    2825.20    7.24807
     6409.1360642701    2958.21    7.40497
     6409.7914015630    2979.44    7.44461
     6410.4468058645    2826.76    7.24640
     6411.1022771813    2661.96    7.04450
     6411.7578155205    2670.36    7.06627
     6412.4134208887    2843.48    7.29925
     6413.0690932929    2962.11    7.58444
     6413.7248327400    2977.15    7.43181
     6414.3806392367    2959.48    7.40744
     6415.0365127899    2962.29    7.41481
     6415.6924534066    2991.86    7.46917
     6416.3484610935    2985.72    7.51499
     6417.0045358575    2966.08    7.41502
     6417.6606777054    2975.37    7.43439
     6418.3168866442    2974.46    7.44935
     6418.9731626807    2892.83    7.32099
     6419.6295058217    2812.88    7.26432
     6420.2859160741    2730.94    7.21115
     6420.9423934448    2711.25    7.10528
     6421.5989379406    2787.69    7.28822
     6422.2555495685    2933.23    7.48569
     6422.9122283351    3030.09    7.47671
     6423.5689742476    3027.54    7.48654
     6424.2257873125    3008.21    7.46063
     6424.8826675370    3011.08    7.46116
     6425.5396149278    3032.82    7.48019
     6426.1966294917    3025.10    7.47207
     6426.8537112358    3026.32    7.47549
     6427.5108601667    3023.63    7.47122
     6428.1680762915    3012.44    7.45039
     6428.8253596169    3001.99    7.43722
     6429.4827101499    2932.20    7.33200
     6430.1401278972    2747.22    7.13561
     6430.7976128659    2705.99    7.09749
     6431.4551650627    2843.17    7.24834
     6432.1127844946    2971.65    7.39511
     6432.7704711683    3002.63    7.43847
     6433.4282250909    2999.65    7.43907
     6434.0860462691    3022.04    7.44948
     6434.7439347098    3019.69    7.45081
     6435.4018904200    3023.31    7.46734
     6436.0599134065    3004.67    7.43404
     6436.7180036761    2984.88    7.40804
     6437.3761612358    2936.43    7.33367
     6438.0343860924    2689.43    7.43021
     6438.6926782528    2480.43    6.89488
     6439.3510377239    2557.03    6.88606
     6440.0094645126    2871.62    7.52954
     6440.6679586257    2995.24    7.42162
     6441.3265200702    3009.62    7.41672
     6441.9851488530    3013.66    7.42393
     6442.6438449808    3028.87    7.44652
     6443.3026084607    3034.61    7.51622
     6443.9614392994    3017.97    7.42846
     6444.6203375039    3042.43    7.46228
     6445.2793030811    3034.14    7.45495
     6445.9383360378    3059.69    7.48155
     6446.5974363809    3041.52    7.46331
     6447.2566041174    3012.17    7.41539
     6447.9158392542    2988.05    7.37163
     6448.5751417980    2841.42    7.20918
     6449.2345117558    2631.91    6.98200
     6449.8939491346    2599.27    6.99379
     6450.5534539411    2794.54    7.13558
     6451.2130261823    2958.51    7.33888
     6451.8726658651    3003.51    7.40619
     6452.5323729964    3023.61    7.43190
     6453.1921475831    3030.48    7.43633
     6453.8519896320    3024.20    7.42164
     6454.5118991501    2942.98    7.33604
     6455.1718761443    2861.30    7.24474
     6455.8319206214    2885.59    7.27123
     6456.4920325885    2973.46    7.36629
     6457.1522120523    3015.12    7.42391
     6457.8124590197    3034.76    7.44583
     6458.4727734978    3037.73    7.44601
     6459.1331554933    3031.55    7.44854
     6459.7936050132    3048.48    7.45803
     6460.4541220644    3015.11    7.41187
     6461.1147066537    2895.94    7.23963
     6461.7753587882    2590.19    7.13324
     6462.4360784747    2438.44    6.85911
     6463.0968657200    2660.23    7.20134
     6463.7577205313    2897.52    7.33057
     6464.4186429152    2955.13    7.33063
     6465.0796328787    2996.84    7.38753
     6465.7406904289    3047.80    7.46005
     6466.4018155724    3041.34    7.45538
     6467.0630083164    3033.83    7.44675
     6467.7242686676    3012.40    7.40032
     6468.3855966330    2961.94    7.34879
     6469.0469922195    2939.76    7.32891
     6469.7084554341    2976.91    7.36658
     6470.3699862836    2959.59    7.41059
     6471.0315847749    2821.73    7.17345
     6471.6932509150    2807.45    7.15522
     6472.3549847108    2936.88    7.31459
     6473.0167861692    3034.92    7.43386
     6473.6786552971    3031.82    7.41748
     6474.3405921014    2968.96    7.34076
     6475.0025965892    2915.01    7.28300
     6475.6646687672    2927.13    7.30240
     6476.3268086424    3012.26    7.40006
     6476.9890162217    3055.99    7.44551
     6477.6512915121    3048.20    7.44534
     6478.3136345204    3029.05    7.42626
     6478.9760452537    3041.87    7.44204
     6479.6385237187    3035.03    7.43342
     6480.3010699225    3036.10    7.42271
     6480.9636838720    2962.27    7.33962
     6481.6263655741    2865.42    7.22826
     6482.2891150357    2851.17    7.20781
     6482.9519322638    2908.11    7.26453
     6483.6148172652    2992.37    7.36437
     6484.2777700470    3034.73    7.42027
     6484.9407906160    3041.23    7.42316
     6485.6038789792    3045.92    7.43096
     6486.2670351435    3058.40    7.44319
     6486.9302591159    3053.60    7.44369
     6487.5935509032    3055.74    7.44105
     6488.2569105124    3055.85    7.43512
     6488.9203379505    3046.52    7.44014
     6489.5838332243    3008.46    7.38549
     6490.2473963409    2998.15    7.39679
     6490.9110273071    3007.47    7.37909
     6491.5747261299    2974.01    7.34362
     6492.2384928163    2947.88    7.29947
     6492.9023273731    2753.32    7.06357
     6493.5662298073    2505.95    6.99135
     6494.2302001259    2332.91    6.51705
     6494.8942383357    2380.24    6.58337
     6495.5583444438    2554.17    7.02764
     6496.2225184570    2665.22    6.95499
     6496.8867603824    2746.73    7.05110
     6497.5510702269    2884.73    7.21140
     6498.2154479973    2887.87    7.22568
     6498.8798937007    2757.53    7.08324
     6499.5444073440    2771.16    7.09769
     6500.2089889341    2918.16    7.26320
     6500.8736384781    2992.62    7.35409
     6501.5383559827    3014.48    7.38838
     6502.2031414551    3032.27    7.41256
     6502.8679949021    3065.41    7.44222
     6503.5329163307    3040.69    7.42654
     6504.1979057478    3040.16    7.41631
     6504.8629631604    3046.16    7.42363
     6505.5280885755    3076.46    7.45378
     6506.1932819999    3081.99    7.45832
     6506.8585434408    3067.60    7.44557
     6507.5238729049    3047.17    7.42404
     6508.1892703993    3004.43    7.37682
     6508.8547359309    3025.08    7.39482
     6509.5202695067    3063.36    7.43345
     6510.1858711336    3085.11    7.47525
     6510.8515408186    3084.76    7.47066
     6511.5172785686    3076.18    7.46010
     6512.1830843907    3073.66    7.45073
     6512.8489582917    3044.22    7.40475
     6513.5149002787    3052.91    7.41791
     6514.1809103586    3037.54    7.40192
     6514.8469885383    3028.51    7.38988
     6515.5131348248    2986.17    7.34496
     6516.1793492251    3025.56    7.39616
     6516.8456317462    3033.15    7.39162
     6517.5119823950    2976.26    7.32761
     6518.1784011784    2939.31    7.30012
     6518.8448881035    2975.65    7.32239
     6519.5114431773    3057.26    7.41503
     6520.1780664066    3098.16    7.47807
     6520.8447577984    3087.77    7.47235
     6521.5115173598    3077.31    7.44075
     6522.1783450977    3054.71    7.42209
     6522.8452410190    3055.45    7.42428
     6523.5122051307    3076.34    7.44693
     6524.1792374399    3087.57    7.46029
     6524.8463379534    3091.82    7.46503
     6525.5135066784    3097.39    7.46638
     6526.1807436216    3052.09    7.41546
     6526.8480487901    3034.76    7.39419
     6527.5154221909    3061.35    7.42181
     6528.1828638310    3086.33    7.45423
     6528.8503737173    3105.45    7.47144
     6529.5179518568    3096.03    7.46015
     6530.1855982565    3089.98    7.50639
     6530.8533129234    3037.09    7.41051
     6531.5210958644    3038.77    7.39941
     6532.1889470865    3035.01    7.38484
     6532.8568665968    3033.21    7.40286
     6533.5248544022    3020.89    7.37534
     6534.1929105096    3045.65    7.39780
     6534.8610349261    3082.52    7.44444
     6535.5292276587    3100.43    7.46465
     6536.1974887143    3096.12    7.45949
     6536.8658180999    3093.33    7.45843
     6537.5342158225    3079.41    7.45326
     6538.2026818891    3092.05    7.45638
     6538.8712163067    3095.94    7.46254
     6539.5398190823    3122.08    7.48406
     6540.2084902228    3108.77    7.48221
     6540.8772297352    3096.88    7.46217
     6541.5460376267    3109.22    7.47260
     6542.2149139040    3090.56    7.47161
     6542.8838585743    3086.66    7.45646
     6543.5528716445    3061.94    7.43066
     6544.2219531216    3086.51    7.45357
     6544.8911030126    3056.71    7.39729
     6545.5603213245    2872.67    7.20784
     6546.2296080643    2819.29    7.14010
     6546.8989632390    2931.08    7.26303
     6547.5683868556    3042.79    7.38715
     6548.2378789211    3067.07    7.41113
     6548.9074394425    3088.30    7.43956
     6549.5770684268    3103.44    7.45733
     6550.2467658810    3095.27    7.44915
     6550.9165318120    3066.54    7.41344
     6551.5863662270    3041.73    7.38143
     6552.2562691328    3068.37    7.41644
     6552.9262405366    3066.64    7.42038
     6553.5962804452    2990.80    7.33364
     6554.2663888658    2966.98    7.30023
     6554.9365658053    2943.57    7.26593
     6555.6068112707    2925.82    7.25118
     6556.2771252690    2927.78    7.26526
     6556.9475078072    3012.31    7.34102
     6557.6179588924    3027.19    7.37012
     6558.2884785316    3030.31    7.37052
     6558.9590667317    2993.15    7.33561
     6559.6297234997    2956.12    7.28122
     6560.3004488428    2899.47    7.21063
     6560.9712427679    2781.07    7.06521
     6561.6421052819    2299.58    7.02973
     6562.3130363920    1752.00    7.20214
     6562.9840361051    1848.02    6.72525
     6563.6551044283    2433.93    7.48024
     6564.3262413685    2820.19    7.20436
     6564.9974469328    2925.83    7.22428
     6565.6687211282    2966.48    7.29088
     6566.3400639617    3018.28    7.34136
     6567.0114754404    3040.65    7.37761
     6567.6829555712    3042.24    7.37319
     6568.3545043611    2963.39    7.29062
     6569.0261218173    2902.61    7.22210
     6569.6978079467    2970.78    7.28412
     6570.3695627563    3031.92    7.35410
     6571.0413862532    3067.72    7.39598
     6571.7132784443    3009.48    7.34143
     6572.3852393368    2912.49    7.24139
     6573.0572689376    2923.59    7.22765
     6573.7293672537    2915.45    7.22065
     6574.4015342922    2883.97    7.34112
     6575.0737700601    2942.99    7.36374
     6575.7460745645    3053.65    7.38925
     6576.4184478123    3121.27    7.46971
     6577.0908898106    3117.97    7.46236
     6577.7634005665    3118.99    7.64180
     6578.4359800869    3121.01    7.50411
     6579.1086283789    3113.17    7.45231
     6579.7813454495    3079.83    7.41348
     6580.4541313057    3039.05    7.36216
     6581.1269859546    3038.98    7.36954
     6581.7999094033    3084.30    7.42327
     6582.4729016587    3105.79    7.44360
     6583.1459627279    3117.14    7.45646
     6583.8190926179    3126.48    7.46544
     6584.4922913357    3125.79    7.47289
     6585.1655588885    3070.55    7.40855
     6585.8388952832    3046.32    7.37880
     6586.5123005269    3055.65    7.38979
     6587.1857746266    3112.50    7.44053
     6587.8593175893    3134.35    7.47102
     6588.5329294221    3135.99    7.47173
     6589.2066101321    3122.00    7.45721
     6589.8803597263    3118.75    7.45178
     6590.5541782117    3126.71    7.45273
     6591.2280655953    3080.67    7.39523
     6591.9020218843    2895.04    7.17976
     6592.5760470856    2717.88    6.98257
     6593.2501412064    2698.75    6.94337
     6593.9243042536    2851.74    7.12516
     6594.5985362343    3020.06    7.40974
     6595.2728371555    3086.39    7.40208
     6595.9472070243    3125.48    7.45015
     6596.6216458478    3085.48    7.41631
     6597.2961536330    3037.04    7.33203
     6597.9707303870    3016.94    7.31613
     6598.6453761167    3002.69    7.31206
     6599.3200908293    3047.17    7.35507
     6599.9948745318    3093.75    7.40843
     6600.6697272313    3132.99    7.44508
     6601.3446489347    3130.94    7.45651
     6602.0196396493    3135.05    7.45682
     6602.6946993820    3125.52    7.44156
     6603.3698281399    3123.81    7.43643
     6604.0450259300    3092.91    7.39858
     6604.7202927594    3070.99    7.37034
     6605.3956286352    3066.09    7.36514
     6606.0710335644    3090.55    7.39276
     6606.7465075541    3085.00    7.38966
     6607.4220506114    3068.03    7.37755
     6608.0976627432    3009.61    7.30454
     6608.7733439567    2928.57    7.20524
     6609.4490942590    2981.44    7.27018
     6610.1249136570    3084.73    7.38734
     6610.8008021579    3110.02    7.41112
     6611.4767597688    3134.25    7.44074
     6612.1527864966    3127.46    7.43572
     6612.8288823485    3103.37    7.42233
     6613.5050473316    3095.98    7.41294
     6614.1812814528    3120.94    7.42669
     6614.8575847193    3136.55    7.44691
     6615.5339571381    3150.11    7.45610
     6616.2103987164    3112.67    7.42921
     6616.8869094611    3117.15    7.41786
     6617.5634893794    3129.20    7.44361
     6618.2401384783    3140.25    7.45783
     6618.9168567650    3143.31    7.45937
     6619.5936442464    3164.61    7.48172
     6620.2705009296    3135.57    7.44496
     6620.9474268218    3139.19    7.45078
     6621.6244219299    3151.76    7.47306
     6622.3014862612    3161.78    7.48066
     6622.9786198226    3130.17    7.43669
     6623.6558226213    3123.51    7.43393
     6624.3330946642    3068.70    7.38230
     6625.0104359586    3074.55    7.37895
     6625.6878465114    3108.51    7.41398
     6626.3653263298    3140.19    7.44285
     6627.0428754209    3113.84    7.42254
     6627.7204937916    3084.33    7.40132
     6628.3981814492    3117.11    7.41834
     6629.0759384007    3105.83    7.40796
     6629.7537646531    3089.91    7.39383
     6630.4316602137    3107.13    7.42172
     6631.1096250893    3094.74    7.39219
     6631.7876592872    3081.95    7.37946
     6632.4657628145    3053.57    7.35326
     6633.1439356781    2907.93    7.17227
     6633.8221778853    2943.78    7.21743
     6634.5004894430    3021.42    7.30597
     6635.1788703585    3099.55    7.38772
     6635.8573206387    3117.38    7.41554
     6636.5358402908    3121.71    7.41000
     6637.2144293219    3109.22    7.40399
     6637.8930877390    3135.51    7.43159
     6638.5718155493    3122.84    7.42215
     6639.2506127598    3084.19    7.40705
     6639.9294793777    3099.13    7.40563
     6640.6084154100    3123.13    7.41584
     6641.2874208639    3137.39    7.43573
     6641.9664957463    3114.62    7.40142
     6642.6456400646    3024.62    7.29495
     6643.3248538257    2944.70    7.20898
     6644.0041370367    3000.14    7.27203
     6644.6834897047    3094.31    7.38445
     6645.3629118369    3126.56    7.42835
     6646.0424034404    3126.53    7.41810
     6646.7219645222    3123.59    7.42227
     6647.4015950894    3113.08    7.40310
     6648.0812951492    3127.75    7.41298
     6648.7610647087    3129.93    7.42609
     6649.4409037749    3145.05    7.43894
     6650.1208123550    3157.46    7.45267
     6650.8007904561    3148.22    7.44990
     6651.4808380853    3153.19    7.44593
     6652.1609552497    3149.34    7.44786
     6652.8411419563    3155.35    7.45255
     6653.5213982125    3128.53    7.41849
     6654.2017240251    3147.58    7.44930
     6654.8821194014    3150.84    7.44639
     6655.5625843485    3152.86    7.44558
     6656.2431188734    3136.90    7.42679
     6656.9237229834    3154.60    7.44530
     6657.6043966854    3150.93    7.45390
     6658.2851399866    3147.89    7.46136
     6658.9659528942    3149.35    7.43624
     6659.6468354152    3134.17    7.40922
     6660.3277875568    3087.26    7.37095
     6661.0088093261    3109.36    7.38813
     6661.6899007302    3100.60    7.37121
     6662.3710617763    3010.39    7.27281
     6663.0522924713    2910.82    7.17441
     6663.7335928226    2975.30    7.24085
     6664.4149628371    3078.99    7.34551
     6665.0964025221    3130.00    7.41629
     6665.7779118846    3091.98    7.36475
     6666.4594909318    3108.25    7.38818
     6667.1411396707    3079.37    7.35615
     6667.8228581086    3109.11    7.39129
     6668.5046462525    3111.09    7.39404
     6669.1865041096    3140.64    7.41543
     6669.8684316870    3141.64    7.41972
     6670.5504289918    3150.91    7.43380
     6671.2324960312    3167.12    7.54467
     6671.9146328122    3157.72    7.52098
     6672.5968393421    3142.73    7.41920
     6673.2791156279    3159.61    7.43784
     6673.9614616768    3157.88    7.43626
     6674.6438774960    3137.55    7.41871
     6675.3263630925    3151.93    7.42983
     6676.0089184734    3142.23    7.42888
     6676.6915436460    3034.94    7.30143
     6677.3742386174    2764.50    7.12092
     6678.0570033946    2777.07    7.05140
     6678.7398379849    2956.67    7.42029
     6679.4227423953    3104.59    7.36851
     6680.1057166330    3153.10    7.42870
     6680.7887607053    3149.60    7.42860
     6681.4718746190    3131.87    7.40717
     6682.1550583816    3146.16    7.41875
     6682.8383120000    3144.77    7.41783
     6683.5216354814    3134.73    7.40101
     6684.2050288329    3165.57    7.58087
     6684.8884920618    3149.17    7.46520
     6685.5720251751    3144.16    7.41591
     6686.2556281801    3147.60    7.41140
     6686.9393010837    3162.99    7.44175
     6687.6230438933    3157.25    7.44894
     6688.3068566158    3162.33    7.44332
     6688.9907392586    3142.66    7.41781
     6689.6746918287    3131.81    7.39697
     6690.3587143333    3140.65    7.41063
     6691.0428067795    3153.44    7.42326
     6691.7269691745    3148.64    7.41795
     6692.4112015255    3164.40    7.43384
     6693.0955038395    3164.52    7.54093
     6693.7798761238    3142.54    7.45567
     6694.4643183855    3145.03    7.41812
     6695.1488306317    3072.51    7.32931
     6695.8334128697    3024.41    7.27725
     6696.5180651065    3065.74    7.33141
     6697.2027873494    3116.33    7.38053
     6697.8875796054    3095.66    7.35889
     6698.5724418818    3093.51    7.35547
     6699.2573741856    3109.31    7.37937
     6699.9423765242    3153.96    7.41966
     6700.6274489045    3160.37    7.43167
     6701.3125913339    3174.79    7.43581
     6701.9978038194    3140.78    7.39823
     6702.6830863682    3093.50    7.34465
     6703.3684389875    3074.00    7.32279
     6704.0538616844    3061.86    7.31605
     6704.7393544661    3067.05    7.32091
     6705.4249173398    3085.97    7.33029
     6706.1105503127    3141.61    7.40878
     6706.7962533918    3146.02    7.41167
     6707.4820265844    3162.35    7.42461
     6708.1678698977    3164.20    7.42647
     6708.8537833388    3149.01    7.40919
     6709.5397669148    3118.59    7.37794
     6710.2258206330    3115.86    7.38217
     6710.9119445006    3131.43    7.39292
     6711.5981385246    3131.95    7.38988
     6712.2844027123    3129.78    7.38678
     6712.9707370709    3079.12    7.32966
     6713.6571416075    3084.86    7.32816
     6714.3436163293    3114.54    7.36089
     6715.0301612435    3099.26    7.35890
     6715.7167763572    3072.24    7.30848
     6716.4034616776    3012.89    7.24166
     6717.0902172120    2832.95    7.08624
     6717.7770429674    2857.40    7.20049
     6718.4639389512    3038.43    7.30115
     6719.1509051703    3151.18    7.39933
     6719.8379416321    3153.89    7.41666
     6720.5250483437    3153.17    7.41066
     6721.2122253123    3127.44    7.38433
     6721.8994725451    3119.33    7.38000
     6722.5867900493    3162.86    7.42007
     6723.2741778320    3168.26    7.42329
     6723.9616359004    3179.87    7.44741
     6724.6491642618    3143.77    7.39852
     6725.3367629233    3120.08    7.36860
     6726.0244318920    3092.95    7.35090
     6726.7121711753    3091.92    7.38002
     6727.3999807802    3123.70    7.37264
     6728.0878607141    3164.75    7.41328
     6728.7758109839    3163.42    7.42484
     6729.4638315970    3162.11    7.42842
     6730.1519225606    3160.73    7.42263
     6730.8400838818    3158.94    7.41390
     6731.5283155678    3153.48    7.40810
     6732.2166176259    3124.87    7.37497
     6732.9049900632    3120.17    7.50969
     6733.5934328869    3128.53    7.37088
     6734.2819461042    3143.27    7.38694
     6734.9705297223    3162.82    7.40188
     6735.6591837484    3170.93    7.41961
     6736.3479081898    3161.56    7.40950
     6737.0367030535    3133.71    7.38640
     6737.7255683469    3121.86    7.37379
     6738.4145040771    3119.30    7.36899
     6739.1035102513    3110.15    7.35333
     6739.7925868767    3120.41    7.37475
     6740.4817339605    3177.78    7.43300
     6741.1709515100    3143.27    7.38521
     6741.8602395323    3130.29    7.40444
     6742.5495980346    3050.26    7.29676
     6743.2390270242    3059.98    7.29556
     6743.9285265082    3111.87    7.35215
     6744.6180964939    3137.24    7.37943
     6745.3077369884    3125.59    7.37801
     6745.9974479991    3125.97    7.37426
     6746.6872295330    3142.50    7.39822
     6747.3770815974    3157.65    7.41108
     6748.0670041995    3147.53    7.39796
     6748.7569973465    3125.23    7.36585
     6749.4470610457    3033.31    7.26365
     6750.1371953043    3009.11    7.23605
     6750.8274001294    3128.35    7.38493
     6751.5176755282    3142.08    7.39613
     6752.2080215081    3101.68    7.34729
     6752.8984380762    3083.99    7.33945
     6753.5889252397    3151.33    7.39602
     6754.2794830059    3170.81    7.43071
     6754.9701113819    3134.29    7.38972
     6755.6608103751    3144.98    7.39615
     6756.3515799925    3173.82    7.43951
     6757.0424202415    3182.34    7.43271
     6757.7333311292    3176.54    7.43358
     6758.4243126629    3189.81    7.44781
     6759.1153648498    3179.72    7.43139
     6759.8064876971    3173.80    7.42921
     6760.4976812121    3187.89    7.42765
     6761.1889454019    3166.00    7.41172
     6761.8802802738    3163.48    7.40824
     6762.5716858351    3174.78    7.42311
     6763.2631620929    3168.80    7.41904
     6763.9547090546    3155.66    7.39060
     6764.6463267272    3143.90    7.38529
     6765.3380151181    3161.73    7.41072
     6766.0297742344    3149.03    7.38895
     6766.7216040835    3087.58    7.32781
     6767.4135046725    3030.33    7.26834
     6768.1054760086    3048.64    7.28264
     6768.7975180992    3123.12    7.35588
     6769.4896309514    3161.83    7.40296
     6770.1818145725    3141.42    7.38424
     6770.8740689697    3108.67    7.34949
     6771.5663941503    3101.98    7.33410
     6772.2587901214    3104.76    7.34955
     6772.9512568904    3163.82    7.41017
     6773.6437944645    3178.12    7.42463
     6774.3364028508    3190.34    7.43745
     6775.0290820567    3182.17    7.43161
     6775.7218320894    3183.40    7.43378
     6776.4146529561    3186.21    7.44353
     6777.1075446640    3160.76    7.41060
     6777.8005072205    3182.78    7.42304
     6778.4935406328    3181.31    7.42535
     6779.1866449080    3183.22    7.43190
     6779.8798200536    3183.39    7.43252
     6780.5730660766    3172.53    7.42476
     6781.2663829843    3174.11    7.41321
     6781.9597707840    3163.22    7.40475
     6782.6532294830    3137.87    7.37442
     6783.3467590885    3113.78    7.35780
     6784.0403596077    3113.07    7.38594
     6784.7340310479    3147.13    7.48299
     6785.4277734164    3136.49    7.37320
     6786.1215867203    3135.34    7.37268
     6786.8154709670    3142.98    7.38406
     6787.5094261637    3179.60    7.42618
     6788.2034523177    3168.42    7.41730
     6788.8975494362    3168.15    7.41428
     6789.5917175264    3164.34    7.41108
     6790.2859565957    3181.95    7.42577
     6790.9802666512    3192.10    7.43694
     6791.6746477003    3191.23    7.42742
     6792.3690997502    3157.52    7.40167
     6793.0636228081    3161.80    7.41059
     6793.7582168814    3155.22    7.42011
     6794.4528819773    3197.21    7.44923
     6795.1476181030    3163.83    7.40933
     6795.8424252658    3159.42    7.40675
     6796.5373034730    3160.62    7.40038
     6797.2322527318    3169.76    7.41365
     6797.9272730495    3163.00    7.40131
     6798.6223644334    3145.58    7.37516
     6799.3175268907    3190.47    7.43703
     6800.0127604288    3174.14    7.42062
     6800.7080650548    3200.48    7.45342
     6801.4034407760    3208.11    7.46102
     6802.0988875997    3182.78    7.43331
     6802.7944055332    3192.75    7.43986
     6803.4899945838    3147.81    7.39295
     6804.1856547587    3148.06    7.38659
     6804.8813860652    3150.36    7.38158
     6805.5771885105    3170.62    7.41015
     6806.2730621020    3116.19    7.35727
     6806.9690068469    3125.72    7.34744
     6807.6650227525    3163.55    7.39836
     6808.3611098260    3201.61    7.43595
     6809.0572680748    3174.35    7.41308
     6809.7534975061    3104.18    7.34166
     6810.4497981272    3127.98    7.36560
     6811.1461699454    3176.23    7.41958
     6811.8426129680    3185.82    7.42975
     6812.5391272022    3189.77    7.44314
     6813.2357126553    3193.70    7.44016
     6813.9323693346    3159.21    7.39694
     6814.6290972474    3137.19    7.37063
     6815.3258964010    3143.94    7.38011
     6816.0227668026    3178.49    7.41967
     6816.7197084596    3193.60    7.43349
     6817.4167213792    3185.74    7.43652
     6818.1138055687    3203.67    7.45455
     6818.8109610354    3164.22    7.39571
     6819.5081877865    3123.53    7.36896
     6820.2054858295    3114.70    7.35447
     6820.9028551715    3172.73    7.41483
     6821.6002958199    3186.01    7.43138
     6822.2978077819    3191.13    7.44105
     6822.9953910649    3201.41    7.45525
     6823.6930456761    3194.23    7.43967
     6824.3907716228    3176.65    7.41896
     6825.0885689124    3198.91    7.45895
     6825.7864375520    3210.85    7.46759
     6826.4843775491    3195.92    7.44056
     6827.1823889109    3160.61    7.40395
     6827.8804716447    3095.79    7.33379
     6828.5786257577    3103.94    7.34875
     6829.2768512574    3142.71    7.38897
     6829.9751481510    3180.81    7.42013
     6830.6735164457    3195.35    7.43794
     6831.3719561490    3193.09    7.44165
     6832.0704672681    3173.25    7.42510
     6832.7690498103    3178.90    7.42733
     6833.4677037828    3188.04    7.59559
     6834.1664291931    3196.74    7.55599
     6834.8652260484    3196.14    7.44232
     6835.5640943561    3182.38    7.41623
     6836.2630341233    3163.97    7.40305
     6836.9620453575    3163.12    7.40831
     6837.6611280659    3171.44    7.41176
     6838.3602822559    3150.09    7.37899
     6839.0595079347    3102.02    7.32819
     6839.7588051097    3092.91    7.30745
     6840.4581737882    3050.89    7.25086
     6841.1576139775    3010.79    7.21572
     6841.8571256848    3007.77    7.21263
     6842.5567089176    3042.56    7.25566
     6843.2563636831    3033.64    7.26262
     6843.9560899886    3098.99    7.33708
     6844.6558878415    3152.92    7.38083
     6845.3557572491    3165.78    7.40172
     6846.0556982187    3204.70    7.44789
     6846.7557107576    3181.95    7.41447
     6847.4557948730    3170.43    7.39771
     6848.1559505725    3176.41    7.41010
     6848.8561778632    3191.28    7.42838
     6849.5564767525    3191.57    7.44052
     6850.2568472476    3198.77    7.48698
     6850.9572893561    3175.76    7.45683
     6851.6578030850    3181.35    7.42134
     6852.3583884418    3190.84    8.46159
     6853.0590454339    3221.31    7.63363
     6853.7597740684    3174.00    8.59947
     6854.4605743528    3040.44    7.25475
     6855.1614462944    3016.29    7.22959
     6855.8623899004    3095.89    7.31594
     6856.5634051783    3151.49    7.38929
     6857.2644921353    3096.82    7.33691
     6857.9656507789    3081.23    7.30720
     6858.6668811162    3139.30    7.36524
     6859.3681831547    3170.38    7.41558
     6860.0695569016    3131.39    7.36869
     6860.7710023644    3086.69    7.29936
     6861.4725195503    3047.03    7.26718
     6862.1741084667    3070.11    7.28768
     6862.8757691209    3145.75    7.36490
     6863.5775015202    3173.63    7.40179
     6864.2793056720    3208.99    7.44380
     6864.9811815836    3200.70    7.56847
     6865.6831292624    3297.58    8.13584
     6866.3851487157    3238.12    8.52501
     6867.0872399508    3127.28    8.87413
     6867.7894029751    3027.73    8.59448
     6868.4916377959    3038.48    8.38866
     6869.1939444206    3108.70    8.34221
     6869.8963228564    3098.14    8.29398
     6870.5987731108    3083.09    8.23750
     6871.3012951910    3075.39    8.16654
     6872.0038891045    3019.07    8.06883
     6872.7065548586    3080.14    8.07067
     6873.4092924606    3125.58    8.08278
     6874.1121019178    3085.31    7.98255
     6874.8149832377    3083.87    7.95564
     6875.5179364275    3141.89    7.94607
     6876.2209614946    3071.88    7.80200
     6876.9240584464    3099.07    7.73588
     6877.6272272901    3183.47    7.79302
     6878.3304680333    3120.97    7.76042
     6879.0337806831    3077.75    8.12673
     6879.7371652470    3114.74    7.40557
     6880.4406217324    3128.60    7.38513
     6881.1441501465    3067.24    7.31875
     6881.8477504967    3056.98    7.39985
     6882.5514227904    3007.83    7.43819
     6883.2551670349    3033.41    7.46518
     6883.9589832376    3192.21    7.68355
     6884.6628714059    3156.10    7.80308
     6885.3668315471    3098.10    7.83914
     6886.0708636685    3010.55    7.51977
     6886.7749677776    3171.76    7.65269
     6887.4791438817    3243.33    7.90332
     6888.1833919881    3189.83    7.96178
     6888.8877121042    3055.35    7.70216
     6889.5921042375    3107.90    7.58062
     6890.2965683951    3247.79    7.75753
     6891.0011045845    3244.09    7.95797
     6891.7057128132    3151.54    7.97826
     6892.4103930883    3049.11    7.65101
     6893.1151454174    3123.58    7.59986
     6893.8199698077    3229.95    7.78969
     6894.5248662667    3206.21    7.84293
     6895.2298348017    3148.31    7.92196
     6895.9348754200    3071.43    7.73736
     6896.6399881291    3074.68    7.47032
     6897.3451729363    3150.00    7.44943
     6898.0504298490    3222.87    7.68891
     6898.7557588746    3207.27    7.89852
     6899.4611600204    3117.13    7.87659
     6900.1666332938    3059.66    7.55734
     6900.8721787023    3103.64    7.42708
     6901.5777962530    3184.54    7.49240
     6902.2834859535    3217.55    7.67892
     6902.9892478112    3199.57    7.84775
     6903.6950818333    3108.86    7.72651
     6904.4009880273    3088.26    7.50350
     6905.1069664005    3118.98    7.43767
     6905.8130169604    3136.46    7.43554
     6906.5191397143    3220.96    7.60467
     6907.2253346696    3233.03    7.77926
     6907.9316018337    3160.07    7.71871
     6908.6379412139    3092.42    7.50713
     6909.3443528177    3165.08    7.45894
     6910.0508366524    3170.32    7.41156
     6910.7573927254    3172.68    7.46835
     6911.4640210442    3176.16    7.55781
     6912.1707216160    3151.97    7.63863
     6912.8774944483    3086.94    7.52717
     6913.5843395485    3005.96    7.32577
     6914.2912569239    3015.60    7.24275
     6914.9982465820    3085.83    7.30271
     6915.7053085301    3092.66    7.31341
     6916.4124427756    3071.57    7.39082
     6917.1196493260    3103.28    7.51834
     6917.8269281886    3112.92    7.50759
     6918.5342793708    3106.98    7.40315
     6919.2417028800    3160.25    7.39714
     6919.9491987236    3173.30    7.38881
     6920.6567669089    3176.46    7.40953
     6921.3644074435    3209.49    7.51966
     6922.0721203347    3199.04    7.58146
     6922.7799055898    3134.16    7.52467
     6923.4877632164    3051.17    7.36691
     6924.1956932217    3027.89    7.27283
     6924.9036956133    3021.81    7.23633
     6925.6117703984    3054.54    7.27701
     6926.3199175845    3122.05    7.34817
     6927.0281371790    3209.46    7.50387
     6927.7364291893    3206.46    7.56166
     6928.4447936228    3177.15    7.54534
     6929.1532304869    3200.76    7.52567
     6929.8617397890    3183.22    7.45863
     6930.5703215366    3182.71    7.43414
     6931.2789757370    3182.15    7.43125
     6931.9877023976    3178.12    7.44758
     6932.6965015258    3119.79    7.40760
     6933.4053731292    3101.88    7.37987
     6934.1143172150    3126.98    7.38199
     6934.8233337906    3194.03    7.43435
     6935.5324228636    3171.86    7.41312
     6936.2415844413    3171.84    7.44745
     6936.9508185310    3195.38    7.46864
     6937.6601251404    3167.06    7.44670
     6938.3695042766    3179.43    7.50344
     6939.0789559472    3165.94    7.51548
     6939.7884801597    3159.93    7.48231
     6940.4980769213    3200.77    7.51035
     6941.2077462395    3181.56    7.47935
     6941.9174881217    3189.63    7.46986
     6942.6273025754    3174.96    7.44563
     6943.3371896080    3167.93    7.41136
     6944.0471492269    3071.43    7.24285
     6944.7571814395    3036.12    7.22051
     6945.4672862532  0.   -7.21993
     6946.1774636755  0.   -1.00000
