     5638.4610805046    980.493    3.51949
     5639.0376159040    978.869    3.51654
     5639.6142102544   1005.487    3.55498
     5640.1908635619   1003.905    3.55836
     5640.7675758325    1007.31    3.55493
     5641.3443470722    990.956    3.54112
     5641.9211772870    988.591    3.52660
     5642.4980664830    986.190    3.54198
     5643.0750146661    1013.74    3.64214
     5643.6520218426    1036.76    4.33930
     5644.2290880182    989.597    7.36653
     5644.8062131992    956.877    6.84735
     5645.3833973916    828.455    5.49203
     5645.9606406012    952.039    3.96807
     5646.5379428343    1026.65    3.55456
     5647.1153040968    991.007    3.55779
     5647.6927243948    1014.54    3.55570
     5648.2702037343   1000.605    3.55530
     5648.8477421214   1000.481    3.55131
     5649.4253395620    991.601    3.54832
     5650.0029960622   1006.562    3.55765
     5650.5807116281    1007.66    3.55512
     5651.1584862657    1029.84    3.60272
     5651.7363199811    1041.76    3.62224
     5652.3142127802    1054.37    3.65031
     5652.8921646691    1066.69    3.65763
     5653.4701756539    1054.47    3.64641
     5654.0482457406    1059.13    3.64138
     5654.6263749353    1046.72    3.62393
     5655.2045632439    1024.12    3.60004
     5655.7828106726    1026.40    3.59495
     5656.3611172274    1029.49    3.59520
     5656.9394829143    1030.78    3.59840
     5657.5179077394    1011.95    3.56553
     5658.0963917087    964.995    3.47971
     5658.6749348282    902.839    3.36645
     5659.2535371041    883.395    3.34343
     5659.8321985423    922.376    3.41068
     5660.4109191490    982.114    3.50649
     5660.9896989301    1021.51    3.56285
     5661.5685378918    1009.65    3.57989
     5662.1474360400    960.853    3.53021
     5662.7263933808    929.207    3.44573
     5663.3054099203    935.360    3.50552
     5663.8844856645    977.652    3.49394
     5664.4636206195    1023.77    3.57896
     5665.0428147913    1039.88    3.61510
     5665.6220681860    1066.46    3.65585
     5666.2013808097    1085.84    3.68062
     5666.7807526683    1083.44    3.67235
     5667.3601837680    1054.13    3.63682
     5667.9396741149    1040.23    3.61111
     5668.5192237148    1031.10    3.64415
     5669.0988325741    1035.77    3.67800
     5669.6785006986    1053.96    3.62807
     5670.2582280944    1036.50    3.60006
     5670.8380147677    1019.44    3.56684
     5671.4178607245    999.031    3.53326
     5671.9977659707   1003.453    3.54537
     5672.5777305126    1029.08    3.58513
     5673.1577543561    1060.05    3.63484
     5673.7378375074    1070.09    3.65034
     5674.3179799724    1077.04    3.65644
     5674.8981817573    1061.36    3.64116
     5675.4784428681    1050.57    3.62596
     5676.0587633109    1060.94    3.63548
     5676.6391430917    1074.56    3.65540
     5677.2195822166    1103.97    3.70198
     5677.8000806918    1105.11    3.70724
     5678.3806385231    1098.79    3.69080
     5678.9612557169    1077.79    3.65473
     5679.5419322789    1062.82    3.63501
     5680.1226682155    1068.25    3.64841
     5680.7034635326    1063.64    3.63775
     5681.2843182363    1058.58    3.62104
     5681.8652323327    1031.95    3.57024
     5682.4462058278    984.890    3.50706
     5683.0272387277    973.296    3.48714
     5683.6083310386    986.086    3.50883
     5684.1894827664    1029.38    3.56553
     5684.7706939173    1086.06    3.66817
     5685.3519644972    1105.39    3.70504
     5685.9332945124    1100.15    3.69802
     5686.5146839689    1053.84    3.61110
     5687.0961328727    1013.37    3.54648
     5687.6776412300    979.623    3.48268
     5688.2592090468    948.554    3.44268
     5688.8408363291    953.480    3.45651
     5689.4225230832    989.591    3.51687
     5690.0042693150    1041.01    3.58901
     5690.5860750306    1078.05    3.68997
     5691.1679402361    1089.21    3.84685
     5691.7498649377    1088.06    3.67419
     5692.3318491413    1097.53    3.68084
     5692.9138928531    1109.49    3.70143
     5693.4959960792    1111.24    3.70205
     5694.0781588256    1106.03    3.69271
     5694.6603810984    1093.86    3.67688
     5695.2426629037    1090.41    3.67024
     5695.8250042477    1100.44    3.68155
     5696.4074051363    1101.83    3.68958
     5696.9898655757    1101.63    3.67630
     5697.5723855719    1080.69    3.64000
     5698.1549651311    1037.85    3.57562
     5698.7376042594    1025.69    3.56098
     5699.3203029628    1036.37    3.57560
     5699.9030612474    1051.64    3.59875
     5700.4858791194    1059.12    3.60369
     5701.0687565847    1042.08    3.57803
     5701.6516936496    1013.27    3.53190
     5702.2346903200   1006.400    3.52477
     5702.8177466022    1019.78    3.53871
     5703.4008625021    1024.45    3.55421
     5703.9840380259    1047.02    3.58676
     5704.5672731797    1078.39    3.63224
     5705.1505679696    1084.67    3.64716
     5705.7339224017    1081.52    3.64638
     5706.3173364820    1059.30    3.60624
     5706.9008102168    1035.71    3.57117
     5707.4843436119    1032.94    3.55956
     5708.0679366737    1030.33    3.54868
     5708.6515894081    1007.60    3.56428
     5709.2353018214    981.013    3.49514
     5709.8190739195    972.705    3.46151
     5710.4029057085    991.050    3.48187
     5710.9867971947    998.734    3.48640
     5711.5707483841    977.572    3.46362
     5712.1547592827    969.503    3.45595
     5712.7388298967   1003.338    3.49296
     5713.3229602323    1059.74    3.58469
     5713.9071502955    1094.45    3.65626
     5714.4914000923    1102.36    3.66477
     5715.0757096291    1096.17    3.65618
     5715.6600789117    1097.18    3.65251
     5716.2445079464    1103.10    3.65829
     5716.8289967392    1103.92    3.66079
     5717.4135452964    1103.79    3.66167
     5717.9981536238    1094.77    3.66050
     5718.5828217278    1106.64    3.66978
     5719.1675496144    1127.60    3.69817
     5719.7523372897    1136.40    3.71395
     5720.3371847598    1146.82    3.73548
     5720.9220920308    1136.31    3.71208
     5721.5070591089    1145.15    3.72509
     5722.0920860002    1167.80    3.76346
     5722.6771727108    1163.24    3.85270
     5723.2623192467    1158.31    3.77711
     5723.8475256142    1149.13    3.72743
     5724.4327918193    1148.03    3.72881
     5725.0181178682    1147.82    3.72699
     5725.6035037669    1142.40    3.71182
     5726.1889495217    1128.07    3.67870
     5726.7744551385    1069.21    3.60264
     5727.3600206236    1037.00    3.54514
     5727.9456459831    1056.35    3.63197
     5728.5313312230    1082.92    4.73579
     5729.1170763495    1134.13    3.74887
     5729.7028813688    1167.15    3.75992
     5730.2887462869    1148.52    3.71491
     5730.8746711099    1103.85    3.64092
     5731.4606558441    1068.12    3.60426
     5732.0467004955    1072.46    3.61047
     5732.6328050703    1107.96    3.64870
     5733.2189695745    1138.31    3.69210
     5733.8051940143    1154.73    3.71685
     5734.3914783959    1162.32    3.73145
     5734.9778227253    1157.66    3.73088
     5735.5642270088    1159.06    3.75905
     5736.1506912523    1149.31    3.69853
     5736.7372154621    1123.27    3.66216
     5737.3237996443    1127.80    3.67121
     5737.9104438051    1138.41    3.68228
     5738.4971479504    1148.43    3.69761
     5739.0839120866    1147.70    3.69825
     5739.6707362197    1143.30    3.69276
     5740.2576203558    1144.47    3.68867
     5740.8445645011    1144.94    3.68969
     5741.4315686617    1151.77    3.71001
     5742.0186328439    1159.93    3.73832
     5742.6057570536    1152.08    3.69758
     5743.1929412970    1130.75    3.65932
     5743.7801855803    1134.64    3.67021
     5744.3674899096    1145.39    3.68901
     5744.9548542911    1167.42    3.72165
     5745.5422787309    1180.37    3.73501
     5746.1297632351    1180.70    3.74084
     5746.7173078099    1180.93    3.73450
     5747.3049124614    1174.43    3.72274
     5747.8925771958    1157.48    3.70361
     5748.4803020192    1148.23    3.68698
     5749.0680869377    1154.90    3.69418
     5749.6559319576    1170.62    3.71594
     5750.2438370848    1189.22    3.74206
     5750.8318023257    1191.26    3.75048
     5751.4198276863    1189.69    3.74541
     5752.0079131728    1173.37    3.71355
     5752.5960587912    1135.85    3.65754
     5753.1842645479    1107.42    3.61187
     5753.7725304489    1110.47    3.61420
     5754.3608565004    1123.89    3.63569
     5754.9492427085    1138.27    3.65983
     5755.5376890794    1166.06    3.69282
     5756.1261956192    1187.11    3.72817
     5756.7147623341    1199.30    3.74860
     5757.3033892302    1206.14    3.75598
     5757.8920763137    1203.63    3.75425
     5758.4808235908    1203.89    3.74264
     5759.0696310675    1195.60    3.73568
     5759.6584987501    1183.41    3.71892
     5760.2474266447    1180.09    3.71372
     5760.8364147575    1176.74    3.70224
     5761.4254630946    1157.11    3.67320
     5762.0145716622    1126.48    3.62679
     5762.6037404664    1087.96    3.56970
     5763.1929695134    1071.40    3.54808
     5763.7822588094    1110.53    3.59332
     5764.3716083605    1158.87    3.66370
     5764.9610181728    1185.62    3.70282
     5765.5504882526    1194.13    3.72375
     5766.1400186061    1176.31    3.69486
     5766.7296092392    1176.76    3.69424
     5767.3192601583    1195.29    3.72411
     5767.9089713695    1198.23    3.72152
     5768.4987428790    1210.56    3.74469
     5769.0885746929    1208.57    3.73905
     5769.6784668174    1207.15    3.73616
     5770.2684192586    1204.32    3.72807
     5770.8584320228    1203.35    3.72899
     5771.4485051161    1201.77    3.72499
     5772.0386385446    1184.55    3.70508
     5772.6288323145    1187.36    3.70029
     5773.2190864321    1188.97    3.70360
     5773.8094009034    1183.95    3.70021
     5774.3997757346    1169.96    3.67468
     5774.9902109320    1145.29    3.66653
     5775.5807065017    1148.81    3.63864
     5776.1712624498    1167.09    3.66389
     5776.7618787826    1186.19    3.69270
     5777.3525555062    1191.07    3.69893
     5777.9432926267    1185.19    3.68960
     5778.5340901504    1173.57    3.67840
     5779.1249480835    1181.02    3.67541
     5779.7158664320    1170.15    3.65442
     5780.3068452023    1134.23    3.60350
     5780.8978844004    1112.45    3.56762
     5781.4889840326    1089.91    3.53886
     5782.0801441050    1084.76    3.52990
     5782.6713646238    1092.50    3.53580
     5783.2626455952    1108.34    3.56415
     5783.8539870253    1103.55    3.55283
     5784.4453889204    1097.46    3.53615
     5785.0368512866    1070.52    3.49290
     5785.6283741302    1051.02    3.48063
     5786.2199574573    1088.76    3.52524
     5786.8116012740    1126.72    3.57725
     5787.4033055866    1144.30    3.60497
     5787.9950704012    1146.92    3.61416
     5788.5868957242    1150.95    3.62290
     5789.1787815615    1170.49    3.66896
     5789.7707279194    1167.07    3.74070
     5790.3627348042    1137.60    3.59514
     5790.9548022219    1104.63    3.53909
     5791.5469301788    1109.54    3.55230
     5792.1391186811    1159.64    3.62677
     5792.7313677350    1198.61    3.68087
     5793.3236773466    1214.84    3.70500
     5793.9160475222    1221.38    3.71736
     5794.5084782679    1235.76    3.73646
     5795.1009695899    1240.10    3.74151
     5795.6935214945    1238.38    3.73793
     5796.2861339878    1237.54    3.73204
     5796.8788070760    1218.82    3.70592
     5797.4715407653    1198.45    3.67695
     5798.0643350619    1178.89    3.64803
     5798.6571899720    1183.39    3.65071
     5799.2501055019    1208.35    3.69017
     5799.8430816576    1231.50    3.72012
     5800.4361184455    1246.77    3.78251
     5801.0292158716    1243.40    3.74278
     5801.6223739422    1262.04    3.76663
     5802.2155926636    1270.15    3.77425
     5802.8088720418    1254.68    3.78564
     5803.4022120832    1240.62    3.75553
     5803.9956127938    1218.84    3.70337
     5804.5890741800    1203.70    3.68048
     5805.1825962479    1206.87    3.66959
     5805.7761790037    1211.72    3.67739
     5806.3698224537    1216.79    3.68357
     5806.9635266039    1227.41    3.70332
     5807.5572914608    1229.50    3.70751
     5808.1511170303    1232.95    3.70332
     5808.7450033188    1217.34    3.67701
     5809.3389503325    1209.31    3.67475
     5809.9329580775    1220.65    3.68581
     5810.5270265602    1230.42    3.70199
     5811.1211557866    1244.62    3.71806
     5811.7153457630    1252.14    3.72987
     5812.3095964957    1246.85    3.72523
     5812.9039079907    1236.84    3.71107
     5813.4982802544    1241.01    3.70897
     5814.0927132930    1234.41    3.70758
     5814.6872071126    1219.64    3.68352
     5815.2817617196    1220.11    3.67629
     5815.8763771200    1200.19    3.65558
     5816.4710533201    1193.33    3.64005
     5817.0657903262    1209.87    3.81285
     5817.6605881444    1233.10    3.71559
     5818.2554467810    1242.51    3.70656
     5818.8503662421    1251.79    3.72527
     5819.4453465341    1260.79    3.72882
     5820.0403876631    1252.96    3.72339
     5820.6354896353    1261.72    3.73485
     5821.2306524570    1264.21    3.73694
     5821.8258761344    1242.87    3.71000
     5822.4211606738    1239.54    3.69877
     5823.0165060812    1240.90    3.70252
     5823.6119123630    1234.86    3.69430
     5824.2073795254    1239.83    3.69341
     5824.8029075746    1248.16    3.71299
     5825.3984965168    1259.51    3.71772
     5825.9941463583    1270.18    3.73992
     5826.5898571053    1264.97    3.72739
     5827.1856287640    1261.50    3.72035
     5827.7814613406    1240.71    3.69510
     5828.3773548414    1237.31    3.69130
     5828.9733092726    1244.61    3.69744
     5829.5693246405    1248.21    3.70677
     5830.1654009512    1270.02    3.74706
     5830.7615382110    1282.31    3.77930
     5831.3577364261    1269.08    3.73444
     5831.9539956028    1253.53    3.70986
     5832.5503157472    1259.88    3.71145
     5833.1466968657    1260.06    3.71004
     5833.7431389645    1258.35    3.70579
     5834.3396420498    1251.72    3.69501
     5834.9362061277    1235.57    3.66861
     5835.5328312047    1234.10    3.67286
     5836.1295172869    1255.95    3.70091
     5836.7262643805    1255.12    3.69790
     5837.3230724918    1253.19    3.69215
     5837.9199416270    1249.75    3.68406
     5838.5168717923    1235.43    3.67262
     5839.1138629941    1245.90    3.67691
     5839.7109152385    1258.77    3.69892
     5840.3080285318    1276.49    3.72072
     5840.9052028802    1279.08    3.75233
     5841.5024382900    1275.83    3.87218
     5842.0997347674    1288.61    3.73651
     5842.6970923187    1278.23    3.73181
     5843.2945109500    1277.02    3.72136
     5843.8919906677    1260.83    3.70153
     5844.4895314780    1250.46    3.68329
     5845.0871333872    1254.24    3.68556
     5845.6847964014    1259.96    3.69072
     5846.2825205270    1256.35    3.68624
     5846.8803057701    1252.81    3.68001
     5847.4781521371    1251.34    3.67944
     5848.0760596341    1252.81    3.68651
     5848.6740282675    1263.89    3.69523
     5849.2720580435    1259.55    3.69114
     5849.8701489683    1251.06    3.67982
     5850.4683010482    1247.92    3.67422
     5851.0665142895    1237.18    3.65677
     5851.6647886983    1217.87    3.62165
     5852.2631242810    1213.08    3.61189
     5852.8615210438    1198.81    3.59879
     5853.4599789930    1190.43    3.69218
     5854.0584981348    1201.89    3.63514
     5854.6570784754    1218.70    3.61965
     5855.2557200212    1219.36    3.61817
     5855.8544227784    1188.43    3.56707
     5856.4531867532    1119.04    3.45775
     5857.0520119519    1015.85    3.32578
     5857.6508983808    977.604    3.26616
     5858.2498460462    1038.08    3.34177
     5858.8488549542    1116.60    3.46048
     5859.4479251112    1191.18    3.56683
     5860.0470565234    1223.18    3.63214
     5860.6462491970    1230.65    3.64662
     5861.2455031385    1242.75    3.64679
     5861.8448183539    1210.54    3.59766
     5862.4441948496    1197.33    3.58130
     5863.0436326318    1192.43    3.57107
     5863.6431317069    1203.01    3.69037
     5864.2426920810    1226.80    3.70436
     5864.8423137604    1230.36    3.64299
     5865.4419967515    1211.34    3.58718
     5866.0417410604    1167.30    3.53276
     5866.6415466935    1132.50    3.48597
     5867.2414136570    1134.01    3.48686
     5867.8413419573    1168.28    3.53383
     5868.4413316004    1218.37    3.59697
     5869.0413825928    1247.75    3.65081
     5869.6414949407    1253.33    3.65660
     5870.2416686504    1258.22    3.66303
     5870.8419037282    1245.31    3.63585
     5871.4422001802    1256.79    3.65983
     5872.0425580129    1254.85    3.65131
     5872.6429772325    1225.13    3.61260
     5873.2434578452    1217.66    3.59617
     5873.8439998573    1220.23    3.60121
     5874.4446032752    1226.96    3.61098
     5875.0452681051    1225.51    3.61048
     5875.6459943532    1220.88    3.60421
     5876.2467820259    1215.38    3.59404
     5876.8476311294    1204.21    3.57575
     5877.4485416700    1201.21    3.56242
     5878.0495136541    1180.50    3.53964
     5878.6505470878    1170.31    3.51623
     5879.2516419774    1155.22    3.49884
     5879.8527983294    1116.88    3.44294
     5880.4540161498    1119.24    3.44440
     5881.0552954451    1124.76    3.45439
     5881.6566362214    1142.49    3.47939
     5882.2580384852    1131.72    3.45733
     5882.8595022426    1103.28    3.40930
     5883.4610275000    1057.03    3.34035
     5884.0626142636    1020.86    3.30252
     5884.6642625398    993.069    3.24989
     5885.2659723348    956.375    3.17553
     5885.8677436550    915.822    3.10275
     5886.4695765065    850.238    3.03166
     5887.0714708958    781.113    2.95378
     5887.6734268290    683.605    2.69935
     5888.2754443125    578.009    2.48939
     5888.8775233526    470.334    2.25586
     5889.4796639556    368.693    1.99265
     5890.0818661278    326.703    1.88207
     5890.6841298754    360.287    1.97902
     5891.2864552048    452.697    2.55977
     5891.8888421222    546.265    2.49508
     5892.4912906340    612.213    2.54506
     5893.0938007465    651.316    2.61820
     5893.6963724659    653.253    2.61588
     5894.2990057986    602.003    2.51276
     5894.9017007508    511.096    2.32802
     5895.5044573289    415.451    2.13165
     5896.1072755391    377.904    2.04518
     5896.7101553878    435.692    2.22034
     5897.3130968812    551.327    2.55855
     5897.9161000257    693.324    2.69188
     5898.5191648276    786.838    2.87423
     5899.1222912931    841.996    2.97003
     5899.7254794286    923.310    3.11466
     5900.3287292404    984.080    3.21529
     5900.9320407348    1039.78    3.29916
     5901.5354139181    1081.47    3.36497
     5902.1388487966    1113.63    3.40512
     5902.7423453766    1112.66    3.41049
     5903.3459036644    1128.18    3.43833
     5903.9495236663    1154.24    3.46286
     5904.5532053887    1161.50    3.47397
     5905.1569488378    1161.73    3.47728
     5905.7607540200    1161.07    3.48015
     5906.3646209416    1168.81    3.49191
     5906.9685496088    1187.80    3.51102
     5907.5725400281    1208.88    3.53994
     5908.1765922057    1203.46    3.53471
     5908.7807061479    1217.86    3.55919
     5909.3848818610    1213.23    3.66518
     5909.9891193514    1205.46    3.55251
     5910.5934186254    1226.44    3.56764
     5911.1977796893    1228.18    3.56940
     5911.8022025494    1239.51    3.58208
     5912.4066872120    1238.03    3.57512
     5913.0112336835    1217.62    3.54632
     5913.6158419702    1178.32    3.48974
     5914.2205120783    1152.70    3.46580
     5914.8252440143    1178.01    3.48748
     5915.4300377844    1187.15    3.50075
     5916.0348933950    1184.20    3.50152
     5916.6398108523    1201.00    3.52429
     5917.2447901627    1223.02    3.54689
     5917.8498313326    1214.17    3.53895
     5918.4549343682    1191.20    3.51096
     5919.0600992759    1201.49    3.51774
     5919.6653260621    1223.52    3.55224
     5920.2706147329    1258.26    3.60097
     5920.8759652948    1268.90    3.61393
     5921.4813777541    1237.22    3.56362
     5922.0868521172    1200.84    3.52356
     5922.6923883902    1207.93    3.52906
     5923.2979865797    1219.93    3.53909
     5923.9036466919    1247.10    3.57957
     5924.5093687331    1266.88    3.60415
     5925.1151527096    1266.26    3.60911
     5925.7209986279    1272.73    3.61398
     5926.3269064943    1279.91    3.63929
     5926.9328763150    1269.53    3.64033
     5927.5389080964    1251.52    3.58875
     5928.1450018448    1258.66    3.58301
     5928.7511575667    1257.90    3.58326
     5929.3573752682    1232.85    3.55007
     5929.9636549559    1209.53    3.52167
     5930.5699966359    1214.20    3.52480
     5931.1764003146    1237.94    3.56325
     5931.7828659984    1260.27    3.59078
     5932.3893936937    1272.26    3.60195
     5932.9959834066    1297.38    3.63875
     5933.6026351437    1284.77    3.61603
     5934.2093489112    1244.26    3.56632
     5934.8161247155    1229.34    3.54835
     5935.4229625629    1246.46    3.56723
     5936.0298624598    1279.57    3.60903
     5936.6368244125    1297.52    3.63113
     5937.2438484274    1277.43    3.61968
     5937.8509345107    1268.80    3.62065
     5938.4580826689    1280.94    3.63696
     5939.0652929083    1298.31    3.62198
     5939.6725652352    1287.34    3.61426
     5940.2798996561    1252.36    3.56425
     5940.8872961771    1237.10    3.54928
     5941.4947548048    1203.53    3.49977
     5942.1022755454    1231.29    3.53237
     5942.7098584053    1262.48    3.57412
     5943.3175033908    1286.95    3.61161
     5943.9252105084    1305.35    3.63759
     5944.5329797643    1288.15    3.61284
     5945.1408111648    1294.38    3.62073
     5945.7487047165    1308.99    3.63884
     5946.3566604256    1316.66    3.65042
     5946.9646782984    1316.79    3.64596
     5947.5727583413    1300.53    3.62329
     5948.1809005608    1275.34    3.59115
     5948.7891049630    1252.23    3.56482
     5949.3973715545    1255.84    3.56257
     5950.0057003415    1270.82    3.58208
     5950.6140913305    1283.01    3.59590
     5951.2225445277    1300.11    3.61259
     5951.8310599395    1281.43    3.59614
     5952.4396375724    1236.24    3.52883
     5953.0482774326    1224.25    3.51200
     5953.6569795265    1235.40    3.52627
     5954.2657438606    1272.44    3.57539
     5954.8745704410    1294.63    3.60474
     5955.4834592743    1294.07    3.60344
     5956.0924103668    1259.91    3.56267
     5956.7014237248    1239.01    3.53257
     5957.3104993547    1245.92    3.53824
     5957.9196372629    1265.03    3.55949
     5958.5288374558    1270.46    3.56691
     5959.1380999397    1283.62    3.58771
     5959.7474247209    1310.85    3.62368
     5960.3568118059    1325.67    3.64390
     5960.9662612011    1327.91    3.64536
     5961.5757729127    1322.74    3.63788
     5962.1853469472    1329.46    3.64780
     5962.7949833110    1334.15    3.65558
     5963.4046820104    1326.49    3.64863
     5964.0144430517    1317.96    3.62882
     5964.6242664414    1313.79    3.62542
     5965.2341521859    1266.32    3.56077
     5965.8441002915    1255.02    3.54604
     5966.4541107646    1271.00    3.56736
     5967.0641836115    1293.39    3.59469
     5967.6743188387    1311.82    3.60932
     5968.2845164525    1313.23    3.62006
     5968.8947764593    1332.56    3.64587
     5969.5050988655    1341.89    3.65399
     5970.1154836775    1330.07    3.64083
     5970.7259309016    1323.60    3.63196
     5971.3364405442    1322.38    3.62660
     5971.9470126118    1315.70    3.61993
     5972.5576471106    1322.99    3.62300
     5973.1683440471    1323.68    3.62690
     5973.7791034277    1320.47    3.62048
     5974.3899252587    1318.36    3.61542
     5975.0008095466    1293.65    3.58595
     5975.6117562976    1283.44    3.57213
     5976.2227655183    1263.25    3.54512
     5976.8338372150    1263.62    3.54970
     5977.4449713940    1267.02    3.54707
     5978.0561680618    1249.62    3.52184
     5978.6674272248    1253.54    3.52624
     5979.2787488893    1275.56    3.55696
     5979.8901330617    1299.00    3.58247
     5980.5015797485    1313.23    3.60296
     5981.1130889560    1328.88    3.62365
     5981.7246606906    1330.57    3.62255
     5982.3362949588    1315.30    3.67686
     5982.9479917668    1287.73    3.63773
     5983.5597511211    1272.26    3.53857
     5984.1715730281    1233.35    3.50091
     5984.7834574943    1225.41    3.48712
     5985.3954045259    1268.36    3.52907
     5986.0074141293    1288.47    3.55913
     5986.6194863111    1307.01    3.58872
     5987.2316210775    1303.53    3.58611
     5987.8438184351    1300.88    3.58417
     5988.4560783901    1299.95    3.58193
     5989.0684009489    1318.97    3.64843
     5989.6807861181    1318.99    3.60464
     5990.2932339039    1329.97    3.62833
     5990.9057443129    1342.88    3.63439
     5991.5183173513    1344.11    3.64329
     5992.1309530256    1353.04    3.65141
     5992.7436513422    1360.95    3.65990
     5993.3564123075    1367.31    3.67217
     5993.9692359279    1379.04    3.68239
     5994.5821222098    1372.25    3.67638
     5995.1950711597    1368.28    3.66528
     5995.8080827838    1352.25    3.64342
     5996.4211570888    1332.75    3.62286
     5997.0342940808    1329.30    3.61690
     5997.6474937664    1321.87    3.60756
     5998.2607561520    1323.55    3.60165
     5998.8740812440    1314.69    3.60013
     5999.4874690488    1315.32    3.59871
     6000.1009195727    1320.80    3.60957
     6000.7144328223    1330.88    3.61238
     6001.3280088039    1349.21    3.63749
     6001.9416475239    1311.08    3.58568
     6002.5553489888    1261.16    3.51348
     6003.1691132050    1261.15    3.51641
     6003.7829401789    1301.26    3.57970
     6004.3968299169    1349.80    3.63301
     6005.0107824254    1353.42    3.63772
     6005.6247977108    1351.69    3.63533
     6006.2388757796    1338.33    3.62028
     6006.8530166382    1310.78    3.58184
     6007.4672202930    1272.20    3.52627
     6008.0814867505    1243.23    3.49752
     6008.6958160169    1255.02    3.51439
     6009.3102080989    1299.82    3.56587
     6009.9246630027    1342.61    3.62015
     6010.5391807348    1368.85    3.64860
     6011.1537613017    1365.35    3.64494
     6011.7684047097    1340.47    3.60923
     6012.3831109654    1320.65    3.58095
     6012.9978800750    1272.29    3.53066
     6013.6127120451    1268.82    3.51400
     6014.2276068820    1300.15    3.55746
     6014.8425645923    1337.28    3.60502
     6015.4575851823    1356.39    3.63751
     6016.0726686584    1287.42    3.75115
     6016.6878150271    1262.97    3.52811
     6017.3030242949    1278.76    3.52568
     6017.9182964680    1313.27    3.57741
     6018.5336315531    1347.28    3.61284
     6019.1490295565    1331.72    3.58835
     6019.7644904846    1295.16    3.55006
     6020.3800143439    1285.12    3.52973
     6020.9956011408    1253.77    3.49456
     6021.6112508818    1246.92    3.49090
     6022.2269635733    1286.13    3.53075
     6022.8427392216    1310.77    3.55954
     6023.4585778334    1303.17    3.55278
     6024.0744794149    1290.79    3.53947
     6024.6904439727    1310.45    3.55841
     6025.3064715132    1346.56    3.60652
     6025.9225620427    1379.98    3.64544
     6026.5387155679    1369.87    3.64276
     6027.1549320950    1359.42    3.63994
     6027.7712116306    1372.83    3.71952
     6028.3875541810    1396.76    3.66669
     6029.0039597528    1414.30    3.68837
     6029.6204283523    1400.37    3.67153
     6030.2369599861    1391.06    3.66146
     6030.8535546605    1386.52    3.65106
     6031.4702123821    1388.26    3.65418
     6032.0869331571    1390.43    3.65701
     6032.7037169922    1400.95    3.67341
     6033.3205638938    1416.71    3.69211
     6033.9374738682    1418.11    3.69427
     6034.5544469220    1409.89    3.68631
     6035.1714830616    1411.71    3.67932
     6035.7885822934    1401.75    3.67139
     6036.4057446239    1397.99    3.66953
     6037.0229700596    1401.77    3.67006
     6037.6402586068    1399.97    3.66594
     6038.2576102722    1398.21    3.65662
     6038.8750250620    1376.50    3.63145
     6039.4925029828    1349.42    3.59923
     6040.1100440410    1348.12    3.59735
     6040.7276482431    1370.75    3.62650
     6041.3453155955    1378.99    3.64203
     6041.9630461047    1388.06    3.64641
     6042.5808397772    1404.70    3.66787
     6043.1986966194    1416.20    3.68132
     6043.8166166377    1425.44    3.69339
     6044.4345998386    1432.52    3.70137
     6045.0526462287    1432.08    3.69833
     6045.6707558142    1436.87    3.70530
     6046.2889286018    1442.30    3.70931
     6046.9071645979    1439.93    3.70434
     6047.5254638089    1437.05    3.70012
     6048.1438262413    1425.69    3.68340
     6048.7622519015    1415.97    3.67468
     6049.3807407961    1415.61    3.67305
     6049.9992929315    1423.36    3.68533
     6050.6179083141    1435.19    3.69586
     6051.2365869504    1431.72    3.69403
     6051.8553288470    1429.95    3.68771
     6052.4741340102    1424.25    3.67457
     6053.0930024465    1405.40    3.65530
     6053.7119341624    1400.44    3.64589
     6054.3309291644    1397.81    3.64606
     6054.9499874590    1403.56    3.64225
     6055.5691090525    1384.05    3.64250
     6056.1882939516    1360.55    3.65620
     6056.8075421626    1370.82    3.60401
     6057.4268536920    1368.72    3.59985
     6058.0462285463    1383.23    3.62045
     6058.6656667320    1395.53    3.63105
     6059.2851682556    1420.31    3.66766
     6059.9047331235    1438.01    3.68825
     6060.5243613422    1441.03    3.69457
     6061.1440529183    1434.68    3.68415
     6061.7638078580    1424.67    3.66411
     6062.3836261680    1389.82    3.62195
     6063.0035078548    1379.55    3.61737
     6063.6234529247    1383.33    3.61135
     6064.2434613844    1339.05    3.54573
     6064.8635332402    1259.80    3.45457
     6065.4836684986    1244.59    3.44690
     6066.1038671662    1314.14    3.52464
     6066.7241292494    1384.69    3.60894
     6067.3444547547    1422.77    3.65735
     6067.9648436886    1432.13    3.67155
     6068.5852960576    1430.60    3.71836
     6069.2058118681    1438.84    3.74955
     6069.8263911267    1453.38    3.69922
     6070.4470338398    1457.85    3.70701
     6071.0677400139    1457.33    3.70600
     6071.6885096555    1456.54    3.69945
     6072.3093427711    1450.33    3.69178
     6072.9302393672    1444.59    3.68213
     6073.5511994503    1441.33    3.67799
     6074.1722230269    1441.08    3.67568
     6074.7933101034    1453.39    3.69387
     6075.4144606864    1459.77    3.69909
     6076.0356747824    1449.61    3.68517
     6076.6569523977    1455.02    3.69141
     6077.2782935391    1440.64    3.66999
     6077.8996982128    1399.56    3.62078
     6078.5211664255    1376.33    3.59603
     6079.1426981836    1382.45    3.67819
     6079.7642934937    1406.85    3.64803
     6080.3859523621    1411.24    3.62958
     6081.0076747955    1392.03    3.61043
     6081.6294608003    1369.28    3.58024
     6082.2513103831    1356.59    3.56515
     6082.8732235502    1386.79    3.60033
     6083.4952003083    1426.40    3.70097
     6084.1172406638    1425.66    3.69471
     6084.7393446233    1395.63    3.60696
     6085.3615121931    1376.83    3.58667
     6085.9837433800    1391.96    3.60568
     6086.6060381902    1430.38    3.64419
     6087.2283966304    1438.47    3.65912
     6087.8508187071    1432.98    3.65281
     6088.4733044267    1442.71    3.65878
     6089.0958537958    1405.88    3.61765
     6089.7184668208    1356.45    3.55364
     6090.3411435084    1326.18    3.51551
     6090.9638838649    1344.08    3.53552
     6091.5866878970    1385.41    3.58921
     6092.2095556111    1400.31    3.61008
     6092.8324870137    1417.47    3.63671
     6093.4554821113    1416.27    3.63105
     6094.0785409105    1432.17    3.64869
     6094.7016634177    1442.22    3.66114
     6095.3248496396    1459.09    3.68025
     6095.9480995825    1445.63    3.65600
     6096.5714132531    1426.56    3.63834
     6097.1947906577    1419.94    3.63013
     6097.8182318030    1413.68    3.62328
     6098.4417366955    1424.29    3.63818
     6099.0653053417    1432.61    3.64661
     6099.6889377480    1434.77    3.64297
     6100.3126339211    1422.33    3.62836
     6100.9363938674    1390.16    3.61258
     6101.5602175935    1240.43    3.62101
     6102.1841051058    1042.43    3.42914
     6102.8080564110    989.702    3.24006
     6103.4320715155    1099.97    3.53325
     6104.0561504258    1272.34    3.73044
     6104.6802931485    1388.31    3.57501
     6105.3044996901    1445.30    3.64964
     6105.9287700571    1457.48    3.67078
     6106.5531042561    1457.85    3.66842
     6107.1775022936    1437.30    3.64731
     6107.8019641760    1405.06    3.61109
     6108.4264899100    1417.29    3.62316
     6109.0510795021    1437.66    3.64511
     6109.6757329587    1454.20    3.66260
     6110.3004502865    1438.74    3.64308
     6110.9252314919    1404.92    3.60578
     6111.5500765815    1377.81    3.57192
     6112.1749855618    1399.46    3.59803
     6112.7999584393    1445.41    3.65400
     6113.4249952207    1471.40    3.68646
     6114.0500959123    1485.58    3.70050
     6114.6752605208    1485.66    3.69760
     6115.3004890528    1469.93    3.67994
     6115.9257815146    1440.25    3.64268
     6116.5511379128    1417.55    3.62278
     6117.1765582541    1431.39    3.63585
     6117.8020425449    1432.17    3.63321
     6118.4275907918    1416.96    3.61442
     6119.0532030013    1380.33    3.56810
     6119.6788791800    1329.22    3.50466
     6120.3046193343    1277.05    3.41514
     6120.9304234709    1137.38    3.62391
     6121.5562915963    944.923    3.43846
     6122.1822237170    855.051    2.94038
     6122.8082198395    942.264    3.29679
     6123.4342799705    1146.34    3.62479
     6124.0604041164    1317.81    3.46557
     6124.6865922838    1397.36    3.60422
     6125.3128444793    1404.86    3.65336
     6125.9391607093    1386.97    3.57782
     6126.5655409805    1389.41    3.57632
     6127.1919852994    1386.18    3.57591
     6127.8184936725    1395.14    3.57882
     6128.4450661064    1418.22    3.60816
     6129.0717026076    1440.75    3.63765
     6129.6984031828    1466.77    3.66726
     6130.3251678383    1474.71    3.67551
     6130.9519965809    1483.96    3.68782
     6131.5788894170    1480.05    3.68326
     6132.2058463532    1474.28    3.67752
     6132.8328673961    1485.86    3.68790
     6133.4599525522    1474.76    3.67486
     6134.0871018280    1440.68    3.63229
     6134.7143152301    1393.88    3.74665
     6135.3415927652    1336.30    3.52204
     6135.9689344396    1240.06    3.37102
     6136.5963402601    1157.22    3.26578
     6137.2238102331    1120.25    3.52419
     6137.8513443652    1182.97    3.40857
     6138.4789426630    1336.86    3.63057
     6139.1066051330    1436.33    3.74701
     6139.7343317818    1471.03    3.70226
     6140.3621226160    1465.87    3.64970
     6140.9899776421    1390.93    3.57286
     6141.6178968667    1359.54    3.53343
     6142.2458802963    1374.55    3.54770
     6142.8739279375    1414.25    3.59380
     6143.5020397969    1452.62    3.63496
     6144.1302158811    1455.70    3.64998
     6144.7584561966    1470.08    3.65899
     6145.3867607499    1468.50    3.65827
     6146.0151295477    1465.94    3.65754
     6146.6435625965    1480.00    3.67039
     6147.2720599029    1482.65    3.67013
     6147.9006214735    1464.82    3.65319
     6148.5292473148    1450.59    3.64420
     6149.1579374333    1412.12    3.58845
     6149.7866918358    1380.88    3.57243
     6150.4155105287    1389.16    3.64297
     6151.0443935186    1400.22    3.57201
     6151.6733408121    1436.35    3.61663
     6152.3023524158    1470.63    3.65242
     6152.9314283362    1473.52    3.66169
     6153.5605685799    1430.73    3.61374
     6154.1897731536    1399.77    3.56973
     6154.8190420637    1395.10    3.55980
     6155.4483753169    1411.17    3.58231
     6156.0777729197    1429.24    3.59843
     6156.7072348787    1423.15    3.59180
     6157.3367612005    1407.67    3.58021
     6157.9663518916    1393.56    3.57113
     6158.5960069588    1368.66    3.52693
     6159.2257264085    1348.69    3.49281
     6159.8555102473    1264.62    3.36814
     6160.4853584817    1088.53    3.52077
     6161.1152711185    879.761    3.70649
     6161.7452481642    725.304    2.90930
     6162.3752896253    724.767    2.69064
     6163.0053955085    820.224    3.23701
     6163.6355658203   1004.646    3.22788
     6164.2658005673    1158.69    3.23438
     6164.8960997562    1252.42    3.35302
     6165.5264633934    1252.07    3.40913
     6166.1568914856    1231.80    3.39129
     6166.7873840394    1272.11    3.49154
     6167.4179410614    1314.46    3.51824
     6168.0485625581    1264.29    3.63337
     6168.6792485362    1093.84    3.54710
     6169.3099990023    997.824    3.11797
     6169.9408139629    1027.31    3.17555
     6170.5716934246    1182.62    3.44552
     6171.2026373941    1329.91    3.51724
     6171.8336458779    1393.39    3.53096
     6172.4647188826    1391.68    3.53606
     6173.0958564148    1361.55    3.50631
     6173.7270584812    1377.40    3.51637
     6174.3583250883    1383.59    3.52617
     6174.9896562427    1395.48    3.54010
     6175.6210519510    1405.26    3.55019
     6176.2525122198    1412.21    3.56115
     6176.8840370558    1413.87    3.56399
     6177.5156264655    1426.40    3.57935
     6178.1472804555    1440.26    3.59888
     6178.7789990324    1454.65    3.61054
     6179.4107822029    1428.75    3.58351
     6180.0426299735    1403.99    3.55039
     6180.6745423508    1421.09    3.57109
     6181.3065193415    1438.39    3.59012
     6181.9385609522    1449.94    3.60335
     6182.5706671894    1447.83    3.69522
     6183.2028380598    1443.96    3.60404
     6183.8350735700    1441.50    3.58740
     6184.4673737265    1446.13    3.59802
     6185.0997385361    1446.28    3.59675
     6185.7321680052    1411.88    3.55084
     6186.3646621406    1376.51    3.50844
     6186.9972209489    1375.06    3.50258
     6187.6298444365    1367.47    3.49175
     6188.2625326103    1377.22    3.49976
     6188.8952854767    1381.71    3.50735
     6189.5281030424    1376.36    3.50371
     6190.1609853140    1343.85    3.47271
     6190.7939322981    1227.46    3.40004
     6191.4269440014    1168.56    3.28833
     6192.0600204304    1227.10    3.31311
     6192.6931615918    1306.57    3.41127
     6193.3263674922    1382.70    3.50410
     6193.9596381382    1412.74    3.58430
     6194.5929735364    1416.07    3.58298
     6195.2263736935    1424.39    3.55865
     6195.8598386160    1426.55    3.56015
     6196.4933683107    1429.09    3.56434
     6197.1269627841    1437.44    3.57303
     6197.7606220428    1429.01    3.56965
     6198.3943460935    1373.16    3.51273
     6199.0281349428    1322.60    3.45593
     6199.6619885973    1297.27    3.43176
     6200.2959070636    1320.18    3.42608
     6200.9298903485    1380.66    3.49691
     6201.5639384584    1431.31    3.56137
     6202.1980514000    1454.15    3.58949
     6202.8322291801    1451.76    3.58464
     6203.4664718051    1450.84    3.58135
     6204.1007792817    1439.69    3.57149
     6204.7351516165    1426.43    3.55733
     6205.3695888163    1431.07    3.56026
     6206.0040908875    1453.26    3.58561
     6206.6386578370    1452.95    3.58569
     6207.2732896711    1459.13    3.58856
     6207.9079863967    1455.97    3.58588
     6208.5427480204    1454.24    3.58280
     6209.1775745487    1461.94    3.58839
     6209.8124659884    1409.98    3.53487
     6210.4474223460    1360.73    3.47219
     6211.0824436282    1376.41    3.49036
     6211.7175298417    1402.47    3.51626
     6212.3526809930    1401.96    3.52110
     6212.9878970889    1320.10    3.53243
     6213.6231781359    1285.05    3.37190
     6214.2585241407    1267.86    3.34566
     6214.8939351099    1259.67    3.33724
     6215.5294110502    1240.76    3.31344
     6216.1649519683    1247.67    3.32242
     6216.8005578707    1304.75    3.39232
     6217.4362287641    1348.42    3.44529
     6218.0719646552    1372.83    3.47225
     6218.7077655506    1323.18    3.41545
     6219.3436314570    1294.96    3.43255
     6219.9795623809    1281.99    3.37052
     6220.6155583291    1296.39    3.38042
     6221.2516193082    1323.94    3.41925
     6221.8877453248    1344.98    3.44101
     6222.5239363857    1356.09    3.50177
     6223.1601924973    1355.99    3.46472
     6223.7965136665    1330.00    3.42141
     6224.4328998999    1317.71    3.41306
     6225.0693512040    1344.60    3.43692
     6225.7058675856    1362.30    3.45399
     6226.3424490513    1363.95    3.45987
     6226.9790956077    1365.71    3.46684
     6227.6158072616    1364.25    3.46373
     6228.2525840196    1357.41    3.45117
     6228.8894258883    1332.66    3.41438
     6229.5263328744    1271.16    3.42193
     6230.1633049845    1172.36    3.28432
     6230.8003422254    1153.45    3.19926
     6231.4374446036    1199.80    3.24366
     6232.0746121258    1239.94    3.29674
     6232.7118447988    1268.14    3.33468
     6233.3491426290    1302.04    3.37808
     6233.9865056234    1362.38    3.44660
     6234.6239337883    1411.09    3.50582
     6235.2614271307    1422.27    3.52582
     6235.8989856570    1424.90    3.52390
     6236.5366093740    1411.61    3.51077
     6237.1742982883    1403.96    3.50261
     6237.8120524067    1399.21    3.49382
     6238.4498717357    1369.51    3.45425
     6239.0877562820    1308.24    3.38448
     6239.7257060524    1247.02    3.31681
     6240.3637210534    1256.91    3.32435
     6241.0018012918    1318.87    3.38998
     6241.6399467742    1353.37    3.41952
     6242.2781575072    1274.91    3.40467
     6242.9164334977    1221.20    3.39459
     6243.5547747521    1248.37    3.31170
     6244.1931812773    1319.44    3.38531
     6244.8316530799    1355.72    3.42573
     6245.4701901665    1312.40    3.38528
     6246.1087925438    1284.06    3.35337
     6246.7474602186    1309.03    3.38272
     6247.3861931974    1366.79    3.44550
     6248.0249914870    1393.37    3.47860
     6248.6638550940    1395.11    3.48220
     6249.3027840251    1389.23    3.47721
     6249.9417782870    1405.95    3.49253
     6250.5808378864    1406.94    3.50107
     6251.2199628300    1347.86    3.49071
     6251.8591531244    1250.11    3.41126
     6252.4984087763    1226.14    3.26653
     6253.1377297924    1254.92    3.30470
     6253.7771161794    1269.52    3.32272
     6254.4165679440    1314.43    3.37246
     6255.0560850929    1339.98    3.40864
     6255.6956676326    1324.46    3.38716
     6256.3353155700    1292.48    3.35017
     6256.9750289117    1259.06    3.30192
     6257.6148076645    1179.55    3.20517
     6258.2546518349    1103.76    3.10293
     6258.8945614296    1135.92    3.13978
     6259.5345364555    1234.16    3.26948
     6260.1745769191    1279.14    3.32524
     6260.8146828272    1273.47    3.32499
     6261.4548541864    1302.44    3.35961
     6262.0950910034    1373.00    3.44738
     6262.7353932850    1438.91    3.52252
     6263.3757610378    1453.37    3.54362
     6264.0161942685    1421.40    3.50186
     6264.6566929838    1369.93    3.44066
     6265.2972571904    1339.93    3.40481
     6265.9378868950    1344.97    3.40000
     6266.5785821044    1388.67    3.45802
     6267.2193428251    1424.49    3.50077
     6267.8601690639    1391.66    3.46204
     6268.5010608275    1367.27    3.43767
     6269.1420181226    1354.97    3.41247
     6269.7830409559    1374.08    3.44253
     6270.4241293341    1400.45    3.47329
     6271.0652832639    1417.48    3.49654
     6271.7065027520    1444.14    3.52962
     6272.3477878051    1467.11    3.55276
     6272.9891384300    1462.18    3.54342
     6273.6305546332    1427.34    3.49792
     6274.2720364216    1387.89    3.45358
     6274.9135838017    1363.07    3.42650
     6275.5551967805    1336.55    3.39662
     6276.1968753644    1320.86    3.37279
     6276.8386195603    1335.66    3.38844
     6277.4804293749    1375.89    3.43880
     6278.1223048148    1411.58    3.48348
     6278.7642458868    1424.93    3.50027
     6279.4062525976    1400.72    3.46532
     6280.0483249539    1348.52    3.41013
     6280.6904629624    1332.97    3.39421
     6281.3326666298    1362.76    3.42387
     6281.9749359629    1395.12    3.46177
     6282.6172709683    1429.14    3.50607
     6283.2596716528    1468.30    3.54739
     6283.9021380231    1464.59    3.53529
     6284.5446700859    1414.99    3.48653
     6285.1872678479    1392.13    3.46016
     6285.8299313158    1409.29    3.48382
     6286.4726604964    1464.62    3.54320
     6287.1154553963    1495.70    3.57590
     6287.7583160224    1503.43    3.58544
     6288.4012423812    1504.69    3.58872
     6289.0442344796    1495.46    3.57832
     6289.6872923243    1475.61    3.55191
     6290.3304159219    1453.60    3.52943
     6290.9736052792    1446.00    3.51813
     6291.6168604030    1425.17    3.49052
     6292.2601812999    1391.36    3.45631
     6292.9035679767    1391.23    3.45674
     6293.5470204400    1412.71    3.47891
     6294.1905386968    1431.18    3.50066
     6294.8341227535    1438.62    3.50017
     6295.4777726171    1405.42    3.46738
     6296.1214882941    1369.52    3.42250
     6296.7652697915    1336.64    3.38494
     6297.4091171157    1340.73    3.39478
     6298.0530302737    1386.18    3.44803
     6298.6970092721    1442.74    3.51727
     6299.3410541177    1474.90    3.59008
     6299.9851648172    1466.18    3.56304
     6300.6293413773    1400.67    3.45955
     6301.2735838048    1301.59    3.35144
     6301.9178921064    1292.19    3.33242
     6302.5622662888    1341.34    3.38524
     6303.2067063588    1400.05    3.45640
     6303.8512123231    1448.82    3.50418
     6304.4957841885    1434.63    3.48703
     6305.1404219617    1373.20    3.43193
     6305.7851256493    1374.16    3.43654
     6306.4298952583    1435.65    3.49706
     6307.0747307952    1498.04    3.57048
     6307.7196322669    1538.13    3.61112
     6308.3645996801    1521.58    3.59815
     6309.0096330416    1510.56    3.58482
     6309.6547323580    1501.58    3.57466
     6310.2998976361    1488.14    3.55836
     6310.9451288827    1468.13    3.53355
     6311.5904261045    1450.60    3.51751
     6312.2357893082    1461.42    3.55339
     6312.8812185007    1471.68    3.55408
     6313.5267136886    1480.61    3.56473
     6314.1722748787    1452.07    3.52947
     6314.8179020778    1413.58    3.47161
     6315.4635952925    1426.85    3.48177
     6316.1093545297    1457.97    3.51217
     6316.7551797961    1458.00    3.50505
     6317.4010710984    1399.38    3.44939
     6318.0470284435    1354.45    3.40235
     6318.6930518380    1374.99    3.42278
     6319.3391412887    1445.54    3.57734
     6319.9852968023    1521.88    3.63819
     6320.6315183857    1539.90    3.60960
     6321.2778060456    1518.75    3.58359
     6321.9241597887    1475.71    3.53558
     6322.5705796217    1450.64    3.51149
     6323.2170655516    1481.20    3.54543
     6323.8636175849    1525.28    3.58701
     6324.5102357284    1523.61    3.59349
     6325.1569199890    1516.74    3.58804
     6325.8036703734    1512.99    3.57987
     6326.4504868883    1505.64    3.57089
     6327.0973695406    1496.71    3.56252
     6327.7443183369    1507.84    3.57503
     6328.3913332840    1534.24    3.59356
     6329.0384143887    1522.29    3.57716
     6329.6855616578    1478.21    3.54033
     6330.3327750980    1479.04    3.54418
     6330.9800547161    1512.74    3.57966
     6331.6274005188    1550.96    3.62117
     6332.2748125130    1584.05    3.65445
     6332.9222907054    1596.29    3.66603
     6333.5698351027    1579.95    3.64579
     6334.2174457118    1523.33    3.57805
     6334.8651225393    1430.83    3.54896
     6335.5128655922    1361.10    3.43713
     6336.1606748770    1348.52    3.36197
     6336.8085504007    1376.29    3.39943
     6337.4564921700    1446.03    3.47548
     6338.1045001916    1494.45    3.53082
     6338.7525744724    1512.84    3.55414
     6339.4007150191    1527.53    3.60077
     6340.0489218385    1547.02    3.61781
     6340.6971949373    1568.91    3.61985
     6341.3455343224    1557.02    3.60984
     6341.9939400005    1538.88    3.58866
     6342.6424119784    1511.55    3.55744
     6343.2909502629    1474.61    3.51727
     6343.9395548607    1443.45    3.48586
     6344.5882257787    1464.15    3.51064
     6345.2369630236    1509.00    3.55913
     6345.8857666022    1553.74    3.61206
     6346.5346365212    1578.35    3.66753
     6347.1835727876    1579.44    3.65665
     6347.8325754080    1593.01    3.65516
     6348.4816443892    1587.57    3.65446
     6349.1307797380    1579.18    3.64747
     6349.7799814613    1573.76    3.63947
     6350.4292495657    1590.28    3.65857
     6351.0785840582    1605.27    3.66753
     6351.7279849453    1595.62    3.66340
     6352.3774522341    1597.85    3.66513
     6353.0269859312    1575.55    3.63919
     6353.6765860434    1553.38    3.61015
     6354.3262525776    1512.02    3.56871
     6354.9759855405    1503.41    3.56226
     6355.6257849389    1529.84    3.58482
     6356.2756507796    1554.88    3.61335
     6356.9255830694    1551.95    3.60315
     6357.5755818151    1511.11    3.55394
     6358.2256470235    1458.22    3.50495
     6358.8757787013    1453.20    3.49671
     6359.5259768555    1457.12    3.49965
     6360.1762414927    1462.20    3.50070
     6360.8265726198    1456.42    3.49448
     6361.4769702436    1447.74    3.48332
     6362.1274343709    1417.15    3.44951
     6362.7779650084    1408.33    3.44327
     6363.4285621630    1443.27    3.48070
     6364.0792258415    1484.98    3.53322
     6364.7299560506    1518.59    3.56738
     6365.3807527973    1517.91    3.56514
     6366.0316160882    1511.91    3.56529
     6366.6825459302    1525.36    3.57789
     6367.3335423302    1538.17    3.59181
     6367.9846052948    1555.79    3.61254
     6368.6357348309    1557.41    3.61045
     6369.2869309453    1554.66    3.60605
     6369.9381936449    1552.88    3.60727
     6370.5895229364    1554.66    3.60742
     6371.2409188266    1568.00    3.62241
     6371.8923813223    1582.41    3.64305
     6372.5439104305    1585.00    3.64189
     6373.1955061578    1577.13    3.63421
     6373.8471685111    1560.10    3.61266
     6374.4988974971    1550.14    3.60040
     6375.1506931228    1560.92    3.61469
     6375.8025553949    1553.69    3.60825
     6376.4544843202    1550.52    3.60178
     6377.1064799056    1546.80    3.59358
     6377.7585421579    1533.81    3.58128
     6378.4106710838    1497.51    3.53629
     6379.0628666903    1477.86    3.51867
     6379.7151289840    1453.81    3.63853
     6380.3674579719    1424.62    3.45476
     6381.0198536608    1391.86    3.50831
     6381.6723160574    1395.95    3.41459
     6382.3248451686    1459.95    3.49037
     6382.9774410013    1523.24    3.56442
     6383.6301035622    1544.30    3.58812
     6384.2828328581    1539.92    3.58457
     6384.9356288960    1520.65    3.56230
     6385.5884916825    1509.44    3.54409
     6386.2414212246    1513.81    3.55092
     6386.8944175291    1499.98    3.53255
     6387.5474806028    1467.21    3.49445
     6388.2006104524    1450.75    3.47676
     6388.8538070850    1454.17    3.48240
     6389.5070705072    1502.87    3.53630
     6390.1604007259    1549.85    3.59285
     6390.8137977479    1564.73    3.61837
     6391.4672615801    1552.89    3.60923
     6392.1207922293    1497.05    3.56175
     6392.7743897023    1397.60    3.49335
     6393.4280540060    1346.68    3.38855
     6394.0817851472    1396.24    3.50194
     6394.7355831327    1490.91    3.55612
     6395.3894479693    1547.84    3.59015
     6396.0433796640    1581.24    3.62888
     6396.6973782235    1590.63    3.63374
     6397.3514436547    1581.44    3.64536
     6398.0055759644    1578.42    3.65191
     6398.6597751594    1536.53    3.56019
     6399.3140412466    1403.60    3.42627
     6399.9683742329    1319.95    3.33338
     6400.6227741250    1370.89    3.42336
     6401.2772409298    1479.82    3.56253
     6401.9317746542    1571.28    3.60233
     6402.5863753050    1603.71    3.64896
     6403.2410428890    1629.30    3.67145
     6403.8957774131    1633.68    3.67754
     6404.5505788841    1618.62    3.66195
     6405.2054473088    1591.51    3.63634
     6405.8603826942    1587.06    3.62863
     6406.5153850471    1594.31    3.62320
     6407.1704543743    1549.16    3.57939
     6407.8255906826    1506.93    3.54082
     6408.4807939789    1533.83    3.56801
     6409.1360642701    1593.67    3.62700
     6409.7914015630    1622.77    3.65261
     6410.4468058645    1569.23    3.59516
     6411.1022771813    1480.80    3.50992
     6411.7578155205    1464.43    3.48749
     6412.4134208887    1503.57    3.52981
     6413.0690932929    1558.40    3.58713
     6413.7248327400    1591.48    3.62035
     6414.3806392367    1606.19    3.63840
     6415.0365127899    1632.14    3.66932
     6415.6924534066    1644.67    3.68254
     6416.3484610935    1634.37    3.67663
     6417.0045358575    1622.37    3.65761
     6417.6606777054    1615.55    3.65561
     6418.3168866442    1612.37    3.64216
     6418.9731626807    1578.00    3.60597
     6419.6295058217    1557.34    3.58386
     6420.2859160741    1501.21    3.52075
     6420.9423934448    1466.80    3.48317
     6421.5989379406    1488.78    3.50975
     6422.2555495685    1583.19    3.67045
     6422.9122283351    1642.27    3.67767
     6423.5689742476    1672.13    3.71093
     6424.2257873125    1645.06    3.68200
     6424.8826675370    1651.53    3.68639
     6425.5396149278    1660.93    3.69698
     6426.1966294917    1672.43    3.71400
     6426.8537112358    1669.35    3.70466
     6427.5108601667    1655.08    3.69052
     6428.1680762915    1646.69    3.68157
     6428.8253596169    1637.16    3.66637
     6429.4827101499    1607.39    3.63214
     6430.1401278972    1524.31    3.54042
     6430.7976128659    1488.35    3.49995
     6431.4551650627    1522.72    3.54262
     6432.1127844946    1578.77    3.59528
     6432.7704711683    1621.99    3.64474
     6433.4282250909    1641.09    3.66780
     6434.0860462691    1643.74    3.67203
     6434.7439347098    1641.35    3.66836
     6435.4018904200    1643.81    3.67121
     6436.0599134065    1654.36    3.67798
     6436.7180036761    1642.07    3.66778
     6437.3761612358    1598.29    3.63227
     6438.0343860924    1421.61    3.69769
     6438.6926782528    1230.15    3.60940
     6439.3510377239    1251.15    3.22429
     6440.0094645126    1412.40    3.48744
     6440.6679586257    1569.66    3.67445
     6441.3265200702    1621.15    3.63847
     6441.9851488530    1661.31    3.67807
     6442.6438449808    1674.40    3.70196
     6443.3026084607    1699.58    3.71598
     6443.9614392994    1694.99    3.71944
     6444.6203375039    1702.44    3.72550
     6445.2793030811    1703.39    3.72759
     6445.9383360378    1716.36    3.73838
     6446.5974363809    1702.99    3.72376
     6447.2566041174    1679.38    3.69708
     6447.9158392542    1655.23    3.65884
     6448.5751417980    1547.48    3.54619
     6449.2345117558    1399.56    3.39092
     6449.8939491346    1351.73    3.34166
     6450.5534539411    1445.67    3.43460
     6451.2130261823    1562.38    3.56117
     6451.8726658651    1632.11    3.64113
     6452.5323729964    1665.01    3.67752
     6453.1921475831    1690.92    3.70946
     6453.8519896320    1715.06    3.73816
     6454.5118991501    1675.63    3.69302
     6455.1718761443    1607.23    3.61648
     6455.8319206214    1598.67    3.60254
     6456.4920325885    1640.32    3.65313
     6457.1522120523    1694.78    3.70885
     6457.8124590197    1722.38    3.74305
     6458.4727734978    1717.80    3.74249
     6459.1331554933    1710.63    3.73335
     6459.7936050132    1707.64    3.73074
     6460.4541220644    1681.20    3.69530
     6461.1147066537    1593.20    3.69154
     6461.7753587882    1387.77    3.98784
     6462.4360784747    1247.42    3.32478
     6463.0968657200    1318.26    3.43604
     6463.7577205313    1455.67    3.73237
     6464.4186429152    1577.51    3.57643
     6465.0796328787    1631.86    3.64323
     6465.7406904289    1679.71    3.68920
     6466.4018155724    1696.05    3.72021
     6467.0630083164    1714.43    3.73464
     6467.7242686676    1711.61    3.72734
     6468.3855966330    1694.48    3.70661
     6469.0469922195    1678.87    3.69363
     6469.7084554341    1692.44    3.70100
     6470.3699862836    1673.04    3.67281
     6471.0315847749    1570.22    3.58086
     6471.6932509150    1526.61    3.53510
     6472.3549847108    1589.21    3.58832
     6473.0167861692    1669.04    3.67112
     6473.6786552971    1704.27    3.71034
     6474.3405921014    1685.34    3.69295
     6475.0025965892    1656.07    3.66689
     6475.6646687672    1670.45    3.68174
     6476.3268086424    1702.73    3.71057
     6476.9890162217    1725.45    3.73717
     6477.6512915121    1739.76    3.75000
     6478.3136345204    1716.27    3.72610
     6478.9760452537    1704.06    3.71478
     6479.6385237187    1716.09    3.72865
     6480.3010699225    1726.19    3.74003
     6480.9636838720    1696.86    3.70842
     6481.6263655741    1634.64    3.63839
     6482.2891150357    1622.28    3.62653
     6482.9519322638    1635.37    3.64292
     6483.6148172652    1651.79    3.65334
     6484.2777700470    1701.07    3.70968
     6484.9407906160    1722.85    3.73078
     6485.6038789792    1715.93    3.72138
     6486.2670351435    1729.07    3.74038
     6486.9302591159    1730.77    3.74038
     6487.5935509032    1727.03    3.73359
     6488.2569105124    1716.94    3.72231
     6488.9203379505    1711.58    3.71461
     6489.5838332243    1715.82    3.72043
     6490.2473963409    1711.16    3.71892
     6490.9110273071    1706.44    3.71109
     6491.5747261299    1694.70    3.69760
     6492.2384928163    1651.52    3.63763
     6492.9023273731    1510.12    3.58932
     6493.5662298073    1338.12    3.48296
     6494.2302001259    1225.60    3.24290
     6494.8942383357    1260.98    3.31738
     6495.5583444438    1384.86    3.49098
     6496.2225184570    1452.20    3.54410
     6496.8867603824    1509.39    3.53666
     6497.5510702269    1570.18    3.55536
     6498.2154479973    1582.50    3.56620
     6498.8798937007    1511.51    3.49758
     6499.5444073440    1482.19    3.46973
     6500.2089889341    1547.24    3.62415
     6500.8736384781    1631.82    3.64723
     6501.5383559827    1686.29    3.68537
     6502.2031414551    1723.68    3.78149
     6502.8679949021    1725.33    3.73609
     6503.5329163307    1711.62    3.71640
     6504.1979057478    1704.79    3.70687
     6504.8629631604    1714.04    3.71334
     6505.5280885755    1730.21    3.72969
     6506.1932819999    1751.09    3.75243
     6506.8585434408    1751.69    3.76501
     6507.5238729049    1740.05    3.82740
     6508.1892703993    1693.20    3.70105
     6508.8547359309    1696.06    3.69489
     6509.5202695067    1725.18    3.72882
     6510.1858711336    1756.62    3.75781
     6510.8515408186    1755.78    3.75855
     6511.5172785686    1756.48    3.75865
     6512.1830843907    1750.14    3.75221
     6512.8489582917    1729.67    3.73254
     6513.5149002787    1718.16    3.71899
     6514.1809103586    1734.22    3.72902
     6514.8469885383    1718.00    3.71849
     6515.5131348248    1716.80    3.71430
     6516.1793492251    1730.88    3.73043
     6516.8456317462    1743.16    3.73720
     6517.5119823950    1725.50    3.72059
     6518.1784011784    1701.16    3.70342
     6518.8448881035    1708.26    3.70762
     6519.5114431773    1744.52    3.74069
     6520.1780664066    1766.71    3.76692
     6520.8447577984    1773.11    3.77197
     6521.5115173598    1769.05    3.76937
     6522.1783450977    1761.47    3.76283
     6522.8452410190    1741.92    3.75720
     6523.5122051307    1750.40    3.75411
     6524.1792374399    1771.82    3.77305
     6524.8463379534    1772.72    3.77475
     6525.5135066784    1775.21    3.77543
     6526.1807436216    1766.86    3.77912
     6526.8480487901    1769.18    3.83558
     6527.5154221909    1774.13    3.76982
     6528.1828638310    1783.10    3.78279
     6528.8503737173    1791.77    3.79214
     6529.5179518568    1792.84    3.78923
     6530.1855982565    1775.66    3.76920
     6530.8533129234    1734.43    3.73549
     6531.5210958644    1722.39    3.72004
     6532.1889470865    1732.69    3.72450
     6532.8568665968    1743.35    3.73867
     6533.5248544022    1760.34    3.75349
     6534.1929105096    1759.81    3.75579
     6534.8610349261    1782.28    3.77396
     6535.5292276587    1801.27    3.79856
     6536.1974887143    1814.25    3.81217
     6536.8658180999    1806.62    3.80272
     6537.5342158225    1784.68    3.78689
     6538.2026818891    1783.44    3.78380
     6538.8712163067    1803.33    3.80110
     6539.5398190823    1807.40    3.79722
     6540.2084902228    1820.12    3.81692
     6540.8772297352    1822.99    3.82325
     6541.5460376267    1805.35    3.79983
     6542.2149139040    1784.54    3.77797
     6542.8838585743    1765.26    3.78584
     6543.5528716445    1761.59    3.75664
     6544.2219531216    1769.54    3.76399
     6544.8911030126    1764.96    3.75175
     6545.5603213245    1678.37    3.67051
     6546.2296080643    1617.96    3.60791
     6546.8989632390    1649.82    3.63508
     6547.5683868556    1712.40    3.70225
     6548.2378789211    1769.40    3.75935
     6548.9074394425    1789.33    3.78259
     6549.5770684268    1801.59    3.79063
     6550.2467658810    1800.01    3.79112
     6550.9165318120    1776.83    3.76649
     6551.5863662270    1755.47    3.74364
     6552.2562691328    1764.26    3.75254
     6552.9262405366    1768.48    3.75168
     6553.5962804452    1730.24    3.72238
     6554.2663888658    1704.38    3.69463
     6554.9365658053    1691.50    3.69754
     6555.6068112707    1663.30    3.64984
     6556.2771252690    1671.35    3.65661
     6556.9475078072    1711.23    3.69609
     6557.6179588924    1757.77    3.74112
     6558.2884785316    1789.07    3.78382
     6558.9590667317    1785.77    3.77600
     6559.6297234997    1788.09    3.78002
     6560.3004488428    1781.95    3.76934
     6560.9712427679    1764.16    3.75415
     6561.6421052819    1613.39    3.67851
     6562.3130363920    1367.39    3.39957
     6562.9840361051    1278.50    3.36729
     6563.6551044283    1447.66    3.89749
     6564.3262413685    1671.69    4.05024
     6564.9974469328    1734.28    3.71642
     6565.6687211282    1773.64    3.75270
     6566.3400639617    1768.23    3.75700
     6567.0114754404    1784.89    3.76840
     6567.6829555712    1794.36    3.77635
     6568.3545043611    1761.49    3.74356
     6569.0261218173    1709.04    3.69846
     6569.6978079467    1717.72    3.70472
     6570.3695627563    1745.43    3.72700
     6571.0413862532    1768.88    3.75454
     6571.7132784443    1734.96    3.71187
     6572.3852393368    1635.26    3.61409
     6573.0572689376    1624.62    3.59931
     6573.7293672537    1631.94    3.60364
     6574.4015342922    1645.04    3.62207
     6575.0737700601    1680.23    3.66253
     6575.7460745645    1745.39    3.72659
     6576.4184478123    1784.23    3.76773
     6577.0908898106    1813.34    3.79533
     6577.7634005665    1794.49    3.78231
     6578.4359800869    1795.61    3.77630
     6579.1086283789    1789.06    3.77054
     6579.7813454495    1775.51    3.75670
     6580.4541313057    1748.61    3.76793
     6581.1269859546    1742.00    3.76251
     6581.7999094033    1767.55    3.74951
     6582.4729016587    1795.15    3.77615
     6583.1459627279    1806.99    3.78764
     6583.8190926179    1803.52    3.78660
     6584.4922913357    1810.66    3.79261
     6585.1655588885    1804.34    3.78516
     6585.8388952832    1780.11    3.76398
     6586.5123005269    1770.22    3.74774
     6587.1857746266    1788.72    3.76653
     6587.8593175893    1818.08    3.79778
     6588.5329294221    1809.72    3.78646
     6589.2066101321    1819.06    3.79667
     6589.8803597263    1817.11    3.79565
     6590.5541782117    1808.99    3.78354
     6591.2280655953    1790.57    3.75950
     6591.9020218843    1709.66    3.67908
     6592.5760470856    1597.62    3.56755
     6593.2501412064    1541.28    3.54326
     6593.9243042536    1571.71    3.59550
     6594.5985362343    1676.85    3.64809
     6595.2728371555    1764.40    3.73210
     6595.9472070243    1806.88    3.77629
     6596.6216458478    1804.56    3.78035
     6597.2961536330    1788.28    3.75746
     6597.9707303870    1755.76    3.72150
     6598.6453761167    1728.57    3.70111
     6599.3200908293    1742.35    3.71282
     6599.9948745318    1775.84    3.74688
     6600.6697272313    1811.80    3.78260
     6601.3446489347    1817.70    3.79078
     6602.0196396493    1819.82    3.79162
     6602.6946993820    1819.00    3.79173
     6603.3698281399    1819.72    3.78759
     6604.0450259300    1803.43    3.77084
     6604.7202927594    1790.11    3.75646
     6605.3956286352    1747.38    3.71808
     6606.0710335644    1743.71    3.71281
     6606.7465075541    1770.25    3.73203
     6607.4220506114    1769.21    3.73162
     6608.0976627432    1737.02    3.70079
     6608.7733439567    1702.80    3.66828
     6609.4490942590    1707.20    3.67542
     6610.1249136570    1757.31    3.72150
     6610.8008021579    1798.93    3.75834
     6611.4767597688    1809.79    3.77624
     6612.1527864966    1811.78    3.77512
     6612.8288823485    1798.29    3.76350
     6613.5050473316    1776.90    3.74074
     6614.1812814528    1789.97    3.74751
     6614.8575847193    1810.19    3.79981
     6615.5339571381    1810.61    3.77395
     6616.2103987164    1818.38    3.78317
     6616.8869094611    1796.06    3.75975
     6617.5634893794    1800.07    3.75656
     6618.2401384783    1795.42    3.76339
     6618.9168567650    1810.06    3.77627
     6619.5936442464    1818.99    3.78936
     6620.2705009296    1820.62    3.78826
     6620.9474268218    1805.48    3.77341
     6621.6244219299    1809.62    3.77492
     6622.3014862612    1821.86    3.78420
     6622.9786198226    1808.87    3.77304
     6623.6558226213    1789.31    3.75268
     6624.3330946642    1758.80    3.72578
     6625.0104359586    1730.74    3.69767
     6625.6878465114    1757.90    3.72999
     6626.3653263298    1777.47    3.73913
     6627.0428754209    1789.81    3.75686
     6627.7204937916    1790.58    3.75630
     6628.3981814492    1782.27    3.74467
     6629.0759384007    1775.46    3.73650
     6629.7537646531    1752.30    3.71588
     6630.4316602137    1764.30    3.72544
     6631.1096250893    1783.70    3.74749
     6631.7876592872    1781.41    3.74358
     6632.4657628145    1764.39    3.72549
     6633.1439356781    1737.61    3.70197
     6633.8221778853    1731.44    3.69572
     6634.5004894430    1747.37    3.70982
     6635.1788703585    1774.04    3.73301
     6635.8573206387    1789.36    3.74456
     6636.5358402908    1800.73    3.75923
     6637.2144293219    1804.65    3.76330
     6637.8930877390    1807.48    3.77127
     6638.5718155493    1799.25    3.75466
     6639.2506127598    1792.49    3.74850
     6639.9294793777    1794.93    3.75135
     6640.6084154100    1811.23    3.77241
     6641.2874208639    1815.67    3.77535
     6641.9664957463    1824.67    3.77658
     6642.6456400646    1774.52    3.72828
     6643.3248538257    1718.08    3.67677
     6644.0041370367    1715.68    3.67333
     6644.6834897047    1758.32    3.71156
     6645.3629118369    1803.68    3.75614
     6646.0424034404    1816.02    3.77519
     6646.7219645222    1804.95    3.76809
     6647.4015950894    1810.20    3.76593
     6648.0812951492    1796.44    3.74952
     6648.7610647087    1800.65    3.75714
     6649.4409037749    1800.51    3.75527
     6650.1208123550    1800.11    3.75973
     6650.8007904561    1785.17    3.74461
     6651.4808380853    1778.70    3.73875
     6652.1609552497    1782.55    3.73743
     6652.8411419563    1790.17    3.75137
     6653.5213982125    1789.84    3.76348
     6654.2017240251    1791.93    3.74790
     6654.8821194014    1797.08    3.75237
     6655.5625843485    1792.36    3.74600
     6656.2431188734    1788.09    3.73828
     6656.9237229834    1789.07    3.73737
     6657.6043966854    1792.66    3.74948
     6658.2851399866    1800.36    3.75447
     6658.9659528942    1793.92    3.74729
     6659.6468354152    1791.39    3.74296
     6660.3277875568    1757.11    3.70609
     6661.0088093261    1756.74    3.70568
     6661.6899007302    1756.97    3.70259
     6662.3710617763    1738.23    3.68421
     6663.0522924713    1679.38    3.63072
     6663.7335928226    1684.96    3.63019
     6664.4149628371    1723.69    3.66974
     6665.0964025221    1753.84    3.69604
     6665.7779118846    1754.16    3.70218
     6666.4594909318    1755.94    3.70644
     6667.1411396707    1765.50    3.71589
     6667.8228581086    1773.69    3.72256
     6668.5046462525    1777.70    3.72503
     6669.1865041096    1793.15    3.74262
     6669.8684316870    1806.00    3.76435
     6670.5504289918    1819.54    3.77341
     6671.2324960312    1838.17    3.79489
     6671.9146328122    1827.07    3.77310
     6672.5968393421    1811.25    3.75827
     6673.2791156279    1811.85    3.76065
     6673.9614616768    1798.51    3.75065
     6674.6438774960    1796.46    3.74792
     6675.3263630925    1785.04    3.74155
     6676.0089184734    1800.13    3.73973
     6676.6915436460    1747.55    3.70376
     6677.3742386174    1625.82    3.59637
     6678.0570033946    1563.44    3.51778
     6678.7398379849    1618.69    3.55738
     6679.4227423953    1707.84    3.64483
     6680.1057166330    1753.04    3.69136
     6680.7887607053    1758.07    3.70538
     6681.4718746190    1757.96    3.70430
     6682.1550583816    1753.82    3.70005
     6682.8383120000    1764.32    3.71038
     6683.5216354814    1756.79    3.70212
     6684.2050288329    1771.08    3.71109
     6684.8884920618    1777.06    3.71777
     6685.5720251751    1774.98    3.71612
     6686.2556281801    1774.33    3.71593
     6686.9393010837    1771.68    3.71434
     6687.6230438933    1778.26    3.72062
     6688.3068566158    1778.84    3.72324
     6688.9907392586    1784.82    3.72927
     6689.6746918287    1769.44    3.72080
     6690.3587143333    1752.49    3.69815
     6691.0428067795    1767.29    3.71182
     6691.7269691745    1769.77    3.71226
     6692.4112015255    1784.71    3.72571
     6693.0955038395    1777.98    3.72177
     6693.7798761238    1780.94    3.72228
     6694.4643183855    1769.91    3.70475
     6695.1488306317    1740.58    3.67913
     6695.8334128697    1707.02    3.65246
     6696.5180651065    1714.26    3.65880
     6697.2027873494    1741.89    3.68162
     6697.8875796054    1742.03    3.68217
     6698.5724418818    1733.69    3.67310
     6699.2573741856    1742.44    3.68704
     6699.9423765242    1779.04    3.71990
     6700.6274489045    1787.82    3.72973
     6701.3125913339    1795.33    3.73476
     6701.9978038194    1791.70    3.73414
     6702.6830863682    1767.28    3.70686
     6703.3684389875    1749.09    3.68829
     6704.0538616844    1756.58    3.69458
     6704.7393544661    1762.30    3.70406
     6705.4249173398    1767.66    3.70750
     6706.1105503127    1769.95    3.70780
     6706.7962533918    1768.16    3.70780
     6707.4820265844    1779.07    3.71652
     6708.1678698977    1781.62    3.72064
     6708.8537833388    1790.09    3.72926
     6709.5397669148    1776.05    3.71827
     6710.2258206330    1768.00    3.71039
     6710.9119445006    1758.30    3.70064
     6711.5981385246    1759.02    3.69788
     6712.2844027123    1749.10    3.68909
     6712.9707370709    1755.00    3.69117
     6713.6571416075    1739.93    3.67205
     6714.3436163293    1725.89    3.65729
     6715.0301612435    1708.20    3.64426
     6715.7167763572    1703.42    3.63167
     6716.4034616776    1654.62    3.56936
     6717.0902172120    1511.28    3.45496
     6717.7770429674    1475.93    3.44615
     6718.4639389512    1579.34    3.51041
     6719.1509051703    1666.23    3.59633
     6719.8379416321    1719.97    3.64800
     6720.5250483437    1733.96    3.66810
     6721.2122253123    1741.87    3.67787
     6721.8994725451    1733.44    3.66897
     6722.5867900493    1749.58    3.68409
     6723.2741778320    1754.44    3.68789
     6723.9616359004    1742.84    3.67837
     6724.6491642618    1739.50    3.67170
     6725.3367629233    1738.06    3.66355
     6726.0244318920    1719.75    3.65002
     6726.7121711753    1710.74    3.64227
     6727.3999807802    1733.57    3.66364
     6728.0878607141    1750.10    3.68383
     6728.7758109839    1762.03    3.69320
     6729.4638315970    1760.93    3.69658
     6730.1519225606    1760.96    3.69929
     6730.8400838818    1757.58    3.69825
     6731.5283155678    1744.61    3.68152
     6732.2166176259    1738.18    3.67404
     6732.9049900632    1731.82    3.66867
     6733.5934328869    1737.68    3.67483
     6734.2819461042    1754.31    3.68699
     6734.9705297223    1758.07    3.69568
     6735.6591837484    1751.66    3.68978
     6736.3479081898    1755.69    3.68782
     6737.0367030535    1754.23    3.69041
     6737.7255683469    1753.57    3.68276
     6738.4145040771    1740.58    3.67377
     6739.1035102513    1730.03    3.66431
     6739.7925868767    1739.68    3.67096
     6740.4817339605    1757.33    3.69006
     6741.1709515100    1768.26    3.69734
     6741.8602395323    1748.10    3.67921
     6742.5495980346    1696.48    3.63699
     6743.2390270242    1680.34    3.61532
     6743.9285265082    1703.96    3.63128
     6744.6180964939    1727.64    3.65306
     6745.3077369884    1724.75    3.65658
     6745.9974479991    1717.12    3.65055
     6746.6872295330    1715.16    3.64398
     6747.3770815974    1723.16    3.65639
     6748.0670041995    1718.90    3.64909
     6748.7569973465    1716.65    3.64096
     6749.4470610457    1663.29    3.59915
     6750.1371953043    1650.58    3.58198
     6750.8274001294    1671.97    3.60054
     6751.5176755282    1705.82    3.62946
     6752.2080215081    1681.41    3.61426
     6752.8984380762    1694.37    3.62421
     6753.5889252397    1717.16    3.63777
     6754.2794830059    1729.77    3.66338
     6754.9701113819    1719.82    3.65149
     6755.6608103751    1718.23    3.65078
     6756.3515799925    1734.82    3.66488
     6757.0424202415    1756.47    3.69012
     6757.7333311292    1782.96    3.71133
     6758.4243126629    1788.78    3.71799
     6759.1153648498    1757.11    3.71365
     6759.8064876971    1734.74    3.68204
     6760.4976812121    1733.76    3.66405
     6761.1889454019    1742.55    3.66724
     6761.8802802738    1759.10    3.68518
     6762.5716858351    1778.34    3.70376
     6763.2631620929    1758.26    3.68298
     6763.9547090546    1718.91    3.64617
     6764.6463267272    1704.66    3.63069
     6765.3380151181    1724.62    3.65231
     6766.0297742344    1752.26    3.67846
     6766.7216040835    1734.19    3.66255
     6767.4135046725    1692.30    3.62203
     6768.1054760086    1657.46    3.58244
     6768.7975180992    1643.11    3.56992
     6769.4896309514    1691.94    3.61419
     6770.1818145725    1739.43    3.66666
     6770.8740689697    1757.48    3.68425
     6771.5663941503    1756.27    3.68233
     6772.2587901214    1701.02    3.62767
     6772.9512568904    1693.38    3.63074
     6773.6437944645    1706.58    3.66032
     6774.3364028508    1760.26    3.68687
     6775.0290820567    1797.86    3.72281
     6775.7218320894    1792.82    3.72120
     6776.4146529561    1768.49    3.69785
     6777.1075446640    1736.95    3.66332
     6777.8005072205    1723.72    3.64932
     6778.4935406328    1729.21    3.65643
     6779.1866449080    1746.49    3.67369
     6779.8798200536    1753.96    3.68027
     6780.5730660766    1759.77    3.68549
     6781.2663829843    1726.65    3.65528
     6781.9597707840    1709.71    3.62940
     6782.6532294830    1687.22    3.61007
     6783.3467590885    1663.04    3.59047
     6784.0403596077    1664.62    3.58911
     6784.7340310479    1672.57    3.59683
     6785.4277734164    1689.80    3.61157
     6786.1215867203    1699.58    3.62504
     6786.8154709670    1701.48    3.62589
     6787.5094261637    1707.37    3.62922
     6788.2034523177    1705.87    3.62712
     6788.8975494362    1722.11    3.64663
     6789.5917175264    1704.54    3.63752
     6790.2859565957    1716.11    3.64222
     6790.9802666512    1730.92    3.65728
     6791.6746477003    1734.36    3.66224
     6792.3690997502    1725.80    3.64826
     6793.0636228081    1698.00    3.62553
     6793.7582168814    1693.54    3.62096
     6794.4528819773    1709.18    3.64120
     6795.1476181030    1723.25    3.68289
     6795.8424252658    1705.38    3.62913
     6796.5373034730    1695.17    3.61936
     6797.2322527318    1701.09    3.61830
     6797.9272730495    1674.93    3.60102
     6798.6223644334    1683.52    3.60845
     6799.3175268907    1711.56    3.63394
     6800.0127604288    1743.95    3.66688
     6800.7080650548    1737.53    3.66168
     6801.4034407760    1744.09    3.66759
     6802.0988875997    1727.68    3.65201
     6802.7944055332    1725.48    3.64889
     6803.4899945838    1722.29    3.66553
     6804.1856547587    1729.24    3.68238
     6804.8813860652    1738.46    3.65881
     6805.5771885105    1708.98    3.63205
     6806.2730621020    1682.53    3.60282
     6806.9690068469    1663.65    3.58642
     6807.6650227525    1685.37    3.61225
     6808.3611098260    1711.61    3.63166
     6809.0572680748    1736.78    3.66053
     6809.7534975061    1705.76    3.63064
     6810.4497981272    1682.05    3.60885
     6811.1461699454    1690.67    3.61205
     6811.8426129680    1700.11    3.62315
     6812.5391272022    1722.25    3.65234
     6813.2357126553    1767.63    3.68995
     6813.9323693346    1756.10    3.67422
     6814.6290972474    1705.00    3.62706
     6815.3258964010    1666.02    3.58403
     6816.0227668026    1665.59    3.58860
     6816.7197084596    1696.61    3.61921
     6817.4167213792    1711.00    3.63432
     6818.1138055687    1734.81    3.65683
     6818.8109610354    1698.71    3.62963
     6819.5081877865    1649.11    3.57931
     6820.2054858295    1676.60    3.60189
     6820.9028551715    1731.81    3.65214
     6821.6002958199    1740.97    3.66528
     6822.2978077819    1747.90    3.67626
     6822.9953910649    1687.74    3.61063
     6823.6930456761    1659.27    3.58053
     6824.3907716228    1678.07    3.60251
     6825.0885689124    1737.43    3.65645
     6825.7864375520    1765.81    3.69118
     6826.4843775491    1733.43    3.65790
     6827.1823889109    1676.27    3.60117
     6827.8804716447    1653.79    3.58024
     6828.5786257577    1677.60    3.64273
     6829.2768512574    1718.05    3.65019
     6829.9751481510    1741.82    3.66836
     6830.6735164457    1731.67    3.65410
     6831.3719561490    1679.32    3.60656
     6832.0704672681    1660.90    3.58390
     6832.7690498103    1689.87    3.61426
     6833.4677037828    1724.78    3.65126
     6834.1664291931    1755.89    3.67889
     6834.8652260484    1735.74    3.66041
     6835.5640943561    1706.29    3.62505
     6836.2630341233    1668.22    3.58719
     6836.9620453575    1690.94    3.61294
     6837.6611280659    1711.01    3.63290
     6838.3602822559    1719.53    3.63258
     6839.0595079347    1688.60    3.61140
     6839.7588051097    1686.91    3.59930
     6840.4581737882    1674.63    3.58797
     6841.1576139775    1650.34    3.56570
     6841.8571256848    1641.73    3.55957
     6842.5567089176    1678.87    3.59531
     6843.2563636831    1673.95    3.59194
     6843.9560899886    1688.22    3.60971
     6844.6558878415    1679.29    3.60008
     6845.3557572491    1698.80    3.61301
     6846.0556982187    1690.81    3.61309
     6846.7557107576    1681.52    3.59586
     6847.4557948730    1664.53    3.58665
     6848.1559505725    1703.05    3.62021
     6848.8561778632    1722.78    3.64423
     6849.5564767525    1707.88    3.62625
     6850.2568472476    1672.09    3.59307
     6850.9572893561    1663.46    3.58594
     6851.6578030850    1661.88    3.58180
     6852.3583884418    1683.91    3.59898
     6853.0590454339    1668.20    3.58986
     6853.7597740684    1665.57    3.58017
     6854.4605743528    1646.71    3.56434
     6855.1614462944    1641.41    3.55629
     6855.8623899004    1634.21    3.54987
     6856.5634051783    1637.09    3.55283
     6857.2644921353    1650.58    3.57397
     6857.9656507789    1644.87    3.55853
     6858.6668811162    1648.46    3.55894
     6859.3681831547    1640.87    3.56353
     6860.0695569016    1659.25    3.57500
     6860.7710023644    1625.34    3.54253
     6861.4725195503    1592.76    3.50670
     6862.1741084667    1593.61    3.50518
     6862.8757691209    1636.27    3.55831
     6863.5775015202    1688.40    3.60012
     6864.2793056720    1735.49    3.64778
     6864.9811815836    1715.81    3.65092
     6865.6831292624    1626.41    3.77724
     6866.3851487157    1562.68    4.18631
     6867.0872399508    1570.21    4.40330
     6867.7894029751    1645.43    4.34097
     6868.4916377959    1679.41    4.22662
     6869.1939444206    1653.20    4.08743
     6869.8963228564    1620.73    4.04778
     6870.5987731108    1589.63    3.95400
     6871.3012951910    1583.92    3.94742
     6872.0038891045    1599.22    3.98453
     6872.7065548586    1649.39    4.03310
     6873.4092924606    1662.98    3.96019
     6874.1121019178    1678.05    3.94339
     6874.8149832377    1628.49    3.85338
     6875.5179364275    1676.46    3.90010
     6876.2209614946    1711.28    3.91446
     6876.9240584464    1710.18    3.85655
     6877.6272272901    1686.66    3.80461
     6878.3304680333    1709.63    3.82818
     6879.0337806831    1748.46    3.97276
     6879.7371652470    1718.93    3.85311
     6880.4406217324    1658.80    3.60435
     6881.1441501465    1607.33    3.52708
     6881.8477504967    1579.98    3.51615
     6882.5514227904    1594.57    3.60738
     6883.2551670349    1567.64    3.58360
     6883.9589832376    1613.23    3.62753
     6884.6628714059    1667.46    3.75300
     6885.3668315471    1670.53    3.81947
     6886.0708636685    1636.81    3.75613
     6886.7749677776    1636.46    3.69000
     6887.4791438817    1703.05    3.77327
     6888.1833919881    1749.87    3.92144
     6888.8877121042    1726.19    3.92640
     6889.5921042375    1682.27    3.75904
     6890.2965683951    1697.61    3.72985
     6891.0011045845    1728.83    3.82992
     6891.7057128132    1735.06    3.93829
     6892.4103930883    1737.11    3.90794
     6893.1151454174    1707.74    3.77929
     6893.8199698077    1744.39    3.74882
     6894.5248662667    1712.82    3.76544
     6895.2298348017    1676.22    3.84068
     6895.9348754200    1684.92    3.87227
     6896.6399881291    1706.86    3.78046
     6897.3451729363    1701.82    3.67558
     6898.0504298490    1696.12    3.67766
     6898.7557588746    1682.50    3.75989
     6899.4611600204    1686.13    3.85505
     6900.1666332938    1651.63    3.76824
     6900.8721787023    1647.57    3.65388
     6901.5777962530    1617.59    3.55727
     6902.2834859535    1609.42    3.59275
     6902.9892478112    1665.28    3.73489
     6903.6950818333    1716.42    3.84836
     6904.4009880273    1751.45    3.82985
     6905.1069664005    1758.27    3.75909
     6905.8130169604    1697.54    3.63293
     6906.5191397143    1703.55    3.64185
     6907.2253346696    1758.72    3.80447
     6907.9316018337    1775.34    3.86856
     6908.6379412139    1779.28    3.85535
     6909.3443528177    1773.44    3.78700
     6910.0508366524    1778.13    3.71087
     6910.7573927254    1738.59    3.66713
     6911.4640210442    1692.30    3.65148
     6912.1707216160    1699.32    3.71258
     6912.8774944483    1765.12    3.82422
     6913.5843395485    1758.26    3.76240
     6914.2912569239    1722.31    3.67432
     6914.9982465820    1751.69    3.65627
     6915.7053085301    1707.85    3.61784
     6916.4124427756    1647.17    3.59309
     6917.1196493260    1665.38    3.65001
     6917.8269281886    1663.82    3.67327
     6918.5342793708    1642.92    3.61728
     6919.2417028800    1609.76    3.53877
     6919.9491987236    1648.57    3.56442
     6920.6567669089    1728.21    3.63806
     6921.3644074435    1778.50    3.70437
     6922.0721203347    1777.90    3.75462
     6922.7799055898    1794.55    3.79769
     6923.4877632164    1759.09    3.74922
     6924.1956932217    1733.99    3.68827
     6924.9036956133    1701.79    3.62809
     6925.6117703984    1694.76    3.62137
     6926.3199175845    1752.46    3.66651
     6927.0281371790    1794.51    3.72395
     6927.7364291893    1818.92    3.78612
     6928.4447936228    1823.84    3.81344
     6929.1532304869    1852.70    3.83406
     6929.8617397890    1852.52    3.80223
     6930.5703215366    1839.33    3.77591
     6931.2789757370    1853.91    3.78047
     6931.9877023976    1853.47    3.78844
     6932.6965015258    1822.73    3.77641
     6933.4053731292    1806.62    3.76272
     6934.1143172150    1814.76    3.75502
     6934.8233337906    1846.34    3.77843
     6935.5324228636    1819.38    3.73918
     6936.2415844413    1804.03    3.73392
     6936.9508185310    1837.52    3.77915
     6937.6601251404    1837.70    3.77554
     6938.3695042766    1808.10    3.79823
     6939.0789559472    1793.14    3.80110
     6939.7884801597    1814.87    3.78369
     6940.4980769213    1842.32    3.80958
     6941.2077462395    1872.59    3.83885
     6941.9174881217    1880.98    3.82932
     6942.6273025754    1892.89    3.84000
     6943.3371896080    1890.07    3.83886
     6944.0471492269    1827.68    3.75949
     6944.7571814395    1776.14    3.68372
     6945.4672862532    1778.39   -3.68111
     6946.1774636755  0.   -1.00000
