0.00608863335205
0.00609955833038
0.00611036367542
0.00612102580888
0.00613152090749
0.00614182508303
0.0061519145817
0.00616176600237
0.00617135653254
0.00618066420064
0.0061896681428
0.00619834888127
0.00620668861171
0.00621467149546
0.00622228395262
0.00622951495116
0.00623635628658
0.00624280284663
0.0062488528546
0.00625450808508
0.00625977404542
0.00626466011648
0.00626917964637
0.00627334999108
0.0062771924968
0.00628073241918
0.00628399877609
0.00628702413134
0.00628984430844
0.00629249803485
0.00629502651898
0.0062974729638
0.00629988202294
0.00630229920673
0.00630477024742
0.00630734043459
0.00631005393278
0.0063129530949
0.00631607778549
0.00631946472865
0.00632314689514
0.00632715294336
0.00633150672751
0.00633622688547
0.00634132651713
0.00634681296182
0.0063526876813
0.00635894625217
0.00636557846861
0.0063725685537
0.00637989547467
0.00638753335453
0.00639545197017
0.00640361732458
0.00641199227884
0.00642053722839
0.00642921080648
0.00643797059773
0.00644677384431
0.00645557812805
0.00646434201256
0.00647302563102
0.00648159120716
0.00649000349905
0.00649823015768
0.00650624199527
0.00651401316034
0.00652152121988
0.00652874715114
0.00653567524809
0.00654229295015
0.00654859060225
0.00655456115738
0.00656019983385
0.00656550374043
0.00657047148319
0.00657510276785
0.0065793980114
0.00658335797604
0.00658698343766
0.00659027489984
0.00659323236291
0.00659585515593
0.00659814183763
0.00660009017027
0.00660169716859
0.00660295922367
0.00660387229979
0.00660443220021
0.00660463489606
0.00660447691097
0.00660395575238
0.00660307037934
0.00660182169577
0.006600213057
0.00659825077753
0.00659594462701
0.00659330830244
0.00659035986395
0.00658712212297
0.00658362297188
0.00657989564543
0.00657597890543
0.00657191714166
0.00656776038308
0.00656356421552
0.00655938960311
0.00655530261274
0.00655137404249
0.00654767895628
0.00654429612919
0.00654130740883
0.00653879700002
0.00653685068137
0.00653555496332
0.00653499619868
0.00653525965744
0.00653642857843
0.00653858321129
0.00654179986225
0.00654614995785
0.00655169914048
0.00655850640981
0.00656662332327
0.00657609326868
0.00658695082099
0.00659922119416
0.00661291979788
0.00662805190762
0.00664461245465
0.00666258594096
0.00668194648228
0.00670265798021
0.00672467442243
0.00674794030796
0.00677239119216
0.0067979543443
0.00682454950838
0.00685208975607
0.00688048241909
0.00690963008654
0.00693943165193
0.00696978339327
0.00700058006909
0.00703171601292
0.0070630862089
0.0070945873311
0.00712611873034
0.00715758335284
0.00718888857678
0.00721994695395
0.00725067684606
0.00728100294683
0.0073108566836
0.00734017649425
0.00736890797782
0.00739700391946
0.00742442419276
0.00745113554482
0.00747711127145
0.00750233079183
0.00752677913372
0.0075504463418
0.00757332682269
0.0075954186414
0.00761672278435
0.00763724240441
0.00765698206352
0.0076759469881
0.00769414235183
0.00771157259981
0.00772824082685
0.00774414822155
0.00775929358636
0.00777367294232
0.00778727922553
0.0078001020805
0.00781212775383
0.00782333908989
0.00783371562803
0.00784323379929
0.00785186721864
0.00785958706712
0.00786636255656
0.00787216146826
0.00787695075549
0.00788069719869
0.00788336810133
0.00788493201363
0.00788535947102
0.00788462373382
0.00788270151513
0.00787957368367
0.00787522592956
0.00786964938136
0.00786284116403
0.00785480488868
0.00784555106638
0.00783509743985
0.00782346922854
0.00781069928411
0.00779682815525
0.00778190406212
0.00776598278242
0.00774912745233
0.00773140828699
0.0077129022261
0.00769369251116
0.00767386820144
0.00765352363649
0.0076327578528
0.00761167396261
0.00759037850272
0.00756898076055
0.00754759208466
0.00752632518611
0.00750529343657
0.00748461016831
0.00746438798078
0.00744473805731
0.00742576949548
0.00740758865346
0.0073902985148
0.00737399807307
0.00735878173806
0.0073447387646
0.0073319527054
0.00732050088902
0.00731045392451
0.00730187523436
0.0072948206179
0.00728933784745
0.00728546630036
0.00728323663011
0.00728267048046
0.00728378024686
0.00728656888957
0.00729102980358
0.00729714675004
0.00730489385428
0.00731423567493
0.00732512734879
0.00733751481482
0.00735133512055
0.00736651681278
0.00738298041353
0.00740063898085
0.00741939875274
0.00743915987078
0.00745981717875
0.00748126108982
0.00750337851414
0.00752605383777
0.00754916994183
0.00757260925032
0.00759625479346
0.00761999127327
0.00764370611723
0.00766729050603
0.0076906403614
0.00771365728057
0.00773624940465
0.00775833220915
0.00777982920624
0.00780067254983
0.00782080353594
0.00784017299299
0.00785874155823
0.00787647983822
0.00789336845365
0.00790939797002
0.00792456871773
0.00793889050656
0.007952382241
0.00796507144386
0.00797699369707
0.0079881920089
0.00799871611772
0.00800862174284
0.00801796979303
0.00802682554351
0.00803525779201
0.00804333800425
0.00805113945879
0.00805873640072
0.00806620321311
0.00807361361428
0.00808103988866
0.00808855215769
0.00809621769697
0.00810410030468
0.00811225972568
0.00812075113484
0.00812962468232
0.00813892510272
0.0081486913894
0.0081589565342
0.00816974733244
0.00818108425211
0.00819298136565
0.0082054463421
0.0082184804968
0.00823207889542
0.00824623050861
0.00826091841314
0.00827612003534
0.00829180743208
0.00830794760484
0.00832450284192
0.00834143108417
0.00835868630962
0.00837621893241
0.00839397621198
0.00841190266836
0.00842994049992
0.00844803000047
0.00846610997253
0.00848411813453
0.0085019915196
0.00851966686443
0.00853708098689
0.0085541711513
0.00857087542099
0.00858713299768
0.00860288454778
0.00861807251558
0.00863264142391
0.00864653816242
0.00865971226415
0.00867211617058
0.00868370548567
0.00869443921885
0.00870428001693
0.0087131943845
0.00872115289209
0.00872813037075
0.00873410609153
0.00873906392759
0.00874299249626
0.00874588527781
0.00874774070725
0.00874856223502
0.00874835835185
0.00874714257338
0.00874493337923
0.00874175410205
0.00873763276183
0.0087326018415
0.00872669800051
0.00871996172397
0.00871243690646
0.00870417037059
0.0086952113224
0.00868561074717
0.00867542075123
0.00866469385701
0.00865348226048
0.00864183706175
0.00862980748095
0.00861744007297
0.00860477795523
0.00859186006352
0.00857872045106
0.008565387646
0.00855188408212
0.0085382256169
0.00852442115045
0.00851047235761
0.00849637354456
0.00848211164017
0.00846766633076
0.00845301034608
0.00843810990256
0.00842292530857
0.0084074117345
0.00839152014872
0.00837519841781
0.00835839256661
0.00834104819025
0.00832311200602
0.00830453352814
0.00828526684319
0.00826527245756
0.00824451918235
0.0082229860143
0.00820066396535
0.00817755778801
0.00815368753933
0.00812908992418
0.00810381935809
0.008077948693
0.0080515695547
0.00802479224996
0.00799774521347
0.00797057397961
0.00794343968119
0.0079165170956
0.00788999227759
0.00786405983518
0.00783891992109
0.0078147750241
0.00779182665322
0.00777027201098
0.00775030075139
0.0077320919119
0.00771581109949
0.00770160799718
0.00768961424259
0.00767994171311
0.00767268123579
0.00766790172442
0.00766564973193
0.00766594939485
0.00766880273728
0.00767419029526
0.00768207201921
0.00769238841027
0.00770506184733
0.00771999806394
0.00773708773726
0.00775620815587
0.00777722493715
0.00779999376978
0.0078243621604
0.0078501711677
0.00787725710974
0.00790545323298
0.00793459133297
0.00796450331847
0.00799502271059
0.00802598606996
0.00805723434416
0.00808861412823
0.00811997883066
0.00815118973765
0.0081821169681
0.00821264031279
0.00824264995138
0.00827204704199
0.00830074417925
0.00832866571829
0.00835574796342
0.00838193922236
0.00840719972875
0.00843150143703
0.00845482769641
0.00847717281164
0.00849854150013
0.00851894825631
0.008538416635
0.00855697846646
0.00857467301604
0.00859154610183
0.00860764918331
0.00862303843376
0.00863777380862
0.00865191812118
0.00866553613603
0.00867869368975
0.00869145684712
0.00870389110016
0.00871606061599
0.0087280275387
0.00873985134904
0.00875158828519
0.00876329082673
0.00877500724329
0.00878678120869
0.00879865148092
0.00881065164759
0.00882280993638
0.00883514908954
0.00884768630108
0.00886043321544
0.00887339598568
0.00888657538939
0.00889996699997
0.00891356141093
0.00892734451013
0.00894129780097
0.0089553987666
0.00896962127329
0.00898393600813
0.00899831094611
0.00901271184094
0.00902710273345
0.00904144647144
0.00905570523389
0.00906984105282
0.00908381632583
0.00909759431221
0.00911113960615
0.00912441858064
0.00913739979643
0.0091500543709
0.00916235630273
0.00917428274892
0.00918581425184
0.00919693491491
0.00920763252637
0.00921789863182
0.00922772855653
0.00923712137989
0.00924607986439
0.00925461034246
0.00926272256444
0.00927042951161
0.00927774717782
0.00928469432365
0.00929129220668
0.00929756429156
0.00930353594299
0.00930923410514
0.00931468697031
0.0093199236399
0.00932497378053
0.00932986727824
0.00933463389358
0.00933930292086
0.00934390285452
0.00934846106605
0.00935300349515
0.00935755435852
0.00936213588031
0.00936676804788
0.0093714683967
0.00937625182791
0.0093811304618
0.00938611353011
0.00939120730948
0.00939641509764
0.0094017372334
0.00940717116044
0.00941271153431
0.00941835037091
0.00942407723416
0.0094298794596
0.00943574240997
0.00944164975824
0.00944758379328
0.00945352574249
0.00945945610615
0.00946535499785
0.0094712024853
0.00947697892656
0.00948266529641
0.00948824349868
0.00949369666022
0.00949900940322
0.00950416809313
0.00950916105962
0.00951397878939
0.00951861408941
0.00952306222043
0.00952732100058
0.00953139087978
0.00953527498572
0.00953897914285
0.00954251186575
0.00954588432875
0.00954911031368
0.00955220613773
0.00955519056331
0.00955808469213
0.00956091184505
0.00956369742971
0.00956646879742
0.00956925509065
0.00957208708248
0.00957499700874
0.00957801839373
0.00958118586997
0.00958453499229
0.0095881020463
0.00959192385126
0.00959603755709
0.00960048043518
0.00960528966277
0.00961050210039
0.00961615406204
0.00962228107789
0.00962891764938
0.00963609699655
0.00964385079816
0.00965220892475
0.00966119916573
0.00967084695141
0.00968117507158
0.00969220339252
0.00970394857466
0.00971642379364
0.00972963846803
0.00974359799701
0.00975830351227
0.0097737516482
0.00978993433519
0.00980683862085
0.00982444652425
0.00984273492825
0.00986167551516
0.00988123475046
0.00990137391942
0.0099220492205
0.00994321191914
0.00996480856467
0.0099867812719
0.0100090680681
0.0100316033046
0.0100543181311
0.0100771410291
0.0100999983995
0.0101228151979
0.0101455156102
0.0101680237582
0.0101902644265
0.0102121637981
0.0102336501871
0.0102546547569
0.0102751122097
0.0102949614376
0.0103141461214
0.0103326152672
0.0103503236725
0.0103672323119
0.0103833086377
0.0103985267903
0.0104128677172
0.010426319199
0.0104388757859
0.0104505386474
0.0104613153419
0.0104712195131
0.0104802705219
0.0104884930245
0.0104959165064
0.0105025747846
0.0105085054874
0.0105137495259
0.0105183505646
0.0105223545037
0.0105258089797
0.0105287628936
0.0105312659726
0.0105333683693
0.0105351203024
0.0105365717412
0.0105377721321
0.0105387701684
0.0105396135991
0.0105403490732
0.0105410220155
0.0105416765279
0.0105423553107
0.0105430995965
0.010543949092
0.0105449419205
0.0105461145597
0.0105475017696
0.0105491365073
0.0105510498244
0.0105532707454
0.0105558261272
0.0105587404984
0.0105620358828
0.010565731607
0.0105698440992
0.010574386682
0.0105793693668
0.0105847986551
0.0105906773545
0.0105970044159
0.010603774799
0.0106109793735
0.0106186048604
0.0106266338205
0.0106350446936
0.010643811891
0.0106529059448
0.0106622937137
0.010671938644
0.0106818010858
0.010691838659
0.0107020066662
0.0107122585457
0.0107225463593
0.0107328213065
0.0107430342574
0.0107531362969
0.0107630792703
0.0107728163227
0.0107823024234
0.0107914948671
0.0108003537448
0.010808842377
0.0108169277037
0.0108245806249
0.0108317762879
0.0108384943189
0.0108447189941
0.0108504393516
0.0108556492417
0.0108603473178
0.0108645369669
0.0108682261852
0.0108714273982
0.0108741572318
0.0108764362364
0.0108782885689
0.0108797416395
0.0108808257243
0.0108815735538
0.0108820198789
0.0108822010218
0.0108821544174
0.0108819181499
0.0108815304899
0.0108810294382
0.0108804522814
0.0108798351622
0.0108792126728
0.0108786174718
0.0108780799327
0.0108776278251
0.0108772860335
0.0108770763167
0.0108770171112
0.0108771233791
0.0108774065052
0.0108778742415
0.0108785307023
0.0108793764079
0.010880408378
0.0108816202722
0.0108830025756
0.0108845428275
0.0108862258891
0.0108880342458
0.0108899483406
0.0108919469318
0.0108940074701
0.0108961064887
0.0108982200006
0.0109003238958
0.0109023943319
0.010904408113
0.0109063430487
0.0109081782892
0.01090989463
0.0109114747824
0.0109129036052
0.0109141682943
0.010915258529
0.0109161665717
0.0109168873214
0.0109174183221
0.0109177597251
0.0109179142092
0.0109178868601
0.0109176850132
0.0109173180627
0.0109167972425
0.0109161353824
0.010915346644
0.0109144462432
0.0109134501612
0.0109123748502
0.010911236938
0.0109100529342
0.0109088389424
0.0109076103807
0.0109063817127
0.0109051661915
0.0109039756161
0.0109028201038
0.0109017078753
0.0109006450565
0.0108996354923
0.0108986805768
0.0108977790947
0.0108969270781
0.0108961176755
0.0108953410352
0.0108945842032
0.0108938310375
0.010893062141
0.0108922548154
0.0108913830389
0.0108904174738
0.0108893255057
0.0108880713207
0.0108866160256
0.0108849178152
0.0108829321929
0.0108806122478
0.0108779089928
0.0108747717662
0.0108711487004
0.0108669872556
0.0108622348202
0.010856839375
0.0108507502165
0.0108439187343
0.0108362992351
0.0108278498044
0.0108185331931
0.0108083177196
0.0107971781699
0.0107850966826
0.0107720636014
0.0107580782778
0.0107431498054
0.0107272976692
0.0107105522896
0.0106929554458
0.0106745605601
0.0106554328293
0.0106356491893
0.0106152981016
0.0105944791543
0.0105733024724
0.0105518879351
0.0105303642046
0.0105088675708
0.0104875406252
0.0104665307769
0.0104459886332
0.0104260662657
0.0104069153906
0.0103886854933
0.0103715219303
0.0103555640427
0.0103409433165
0.0103277816271
0.0103161895998
0.0103062651223
0.0102980920369
0.0102917390405
0.0102872588148
0.0102846874036
0.0102840438506
0.0102853301046
0.0102885311921
0.0102936156549
0.0103005362421
0.0103092308405
0.0103196236267
0.0103316264145
0.0103451401721
0.0103600566789
0.0103762602897
0.0103936297726
0.010412040187
0.0104313647667
0.0104514767752
0.0104722512999
0.0104935669556
0.0105153074681
0.0105373631118
0.0105596319814
0.0105820210752
0.010604447178
0.0106268375307
0.0106491302814
0.0106712747136
0.0106932312554
0.0107149712742
0.0107364766691
0.010757739273
0.0107787600847
0.0107995483499
0.0108201205179
0.0108404990965
0.0108607114368
0.0108807884743
0.0109007634564
0.0109206706854
0.0109405443046
0.0109604171536
0.0109803197176
0.0110002791903
0.0110203186699
0.0110404565009
0.0110607057722
0.0110810739776
0.011101562841
0.0111221683023
0.0111428806595
0.0111636848564
0.0111845609022
0.0112054844082
0.0112264272219
0.0112473581402
0.0112682436787
0.0112890488773
0.0113097381189
0.0113302759407
0.011350627819
0.0113707609071
0.0113906447117
0.0114102516921
0.0114295577709
0.0114485427466
0.0114671906025
0.0114854897054
0.0115034328966
0.0115210174721
0.0115382450595
0.0115551213944
0.0115716560051
0.011587861815
0.0116037546729
0.0116193528231
0.0116346763286
0.0116497464602
0.0116645850655
0.0116792139316
0.0116936541569
0.0117079255432
0.0117220460234
0.0117360311363
0.0117498935602
0.0117636427153
0.0117772844433
0.0117908207718
0.0118042497674
0.0118175654809
0.011830757984
0.0118438134959
0.0118567145936
0.011869440501
0.0118819674436
0.0118942690596
0.0119063168538
0.0119180806776
0.0119295292219
0.0119406305069
0.0119513523531
0.0119616628211
0.011971530607
0.0119809253844
0.0119898180851
0.0119981811135
0.0120059884935
0.0120132159478
0.0120198409132
0.0120258424981
0.0120312013891
0.0120358997155
0.0120399208839
0.0120432493913
0.0120458706306
0.0120477706984
0.0120489362165
0.0120493541769
0.0120490118211
0.0120478965594
0.0120459959397
0.0120432976688
0.0120397896915
0.0120354603294
0.0120302984785
0.0120242938662
0.012017437363
0.0120097213449
0.0120011400997
0.01199169027
0.0119813713227
0.011970186035
0.0119581409867
0.0119452470451
0.0119315198321
0.0119169801607
0.0119016544301
0.0118855749676
0.0118687803086
0.0118513154057
0.0118332317605
0.0118145874728
0.0117954472035
0.0117758820493
0.011755969331
0.0117357922943
0.0117154397287
0.0116950055066
0.0116745880503
0.0116542897311
0.0116342162077
0.0116144757127
0.0115951782925
0.0115764350092
0.0115583571132
0.011541055192
0.0115246383047
0.0115092131081
0.0114948829835
0.0114817471692
0.0114698999075
0.0114594296128
0.0114504180675
0.0114429396534
0.0114370606244
0.01143283843
0.0114303210939
0.0114295466577
0.0114305426951
0.0114333259061
0.0114379017973
0.0114442644573
0.0114523964347
0.0114622687262
0.0114738408832
0.0114870612435
0.0115018672952
0.0115181861776
0.0115359353241
0.0115550232486
0.0115753504752
0.0115968106078
0.0116192915327
0.0116426767428
0.0116668467671
0.0116916806855
0.0117170577027
0.0117428587507
0.0117689680856
0.0117952748419
0.0118216745026
0.011848070248
0.0118743741418
0.0119005081223
0.0119264047663
0.0119520078036
0.0119772723687
0.0120021649817
0.0120266632656
0.0120507554119
0.0120744394187
0.0120977221308
0.0121206181194
0.0121431484409
0.012165339317
0.0121872207793
0.012208825318
0.012230186571
0.0122513380853
0.0122723121774
0.0122931389117
0.0123138452119
0.0123344541138
0.0123549841613
0.012375448947
0.01239585679
0.0124162105453
0.0124365075354
0.0124567395922
0.0124768932003
0.0124969497289
0.0125168857428
0.0125366733818
0.0125562807994
0.0125756726512
0.0125948106263
0.0126136540123
0.0126321602876
0.0126502857342
0.0126679860623
0.0126852170412
0.012701935128
0.0127180980864
0.0127336655883
0.0127485997891
0.0127628658695
0.0127764325352
0.0127892724667
0.0128013627125
0.0128126850195
0.0128232260942
0.0128329777928
0.012841937236
0.0128501068485
0.0128574943238
0.0128641125161
0.0128699792651
0.0128751171557
0.0128795532228
0.0128833186061
0.0128864481638
0.0128889800547
0.0128909552954
0.0128924173039
0.0128934114361
0.0128939845232
0.0128941844191
0.0128940595624
0.0128936585597
0.0128930297965
0.0128922210781
0.0128912793057
0.0128902501908
0.0128891780095
0.0128881053995
0.0128870732014
0.0128861203437
0.0128852837744
0.012884598437
0.0128840972913
0.0128838113774
0.0128837699215
0.0128840004798
0.0128845291179
0.0128853806205
0.0128865787262
0.0128881463813
0.0128901060043
0.0128924797541
0.012895289792
0.0128985585284
0.0129023088445
0.0129065642793
0.0129113491725
0.0129166887545
0.0129226091767
0.0129291374749
0.0129363014622
0.0129441295489
0.0129526504886
0.012961893053
0.0129718856388
0.012982655813
0.0129942298049
0.0130066319537
0.0130198841227
0.013034005092
0.0130490099415
0.0130649094373
0.0130817094337
0.0130994103029
0.0131180064044
0.0131374856052
0.0131578288616
0.0131790098709
0.0132009948044
0.0132237421274
0.0132472025152
0.0132713188713
0.0132960264522
0.013321253106
0.0133469196249
0.013372940217
0.0133992230941
0.013425671178
0.013452182918
0.0134786532152
0.0135049744453
0.0135310375669
0.0135567333017
0.013581953369
0.0136065917554
0.0136305459957
0.0136537184426
0.0136760174977
0.0136973587796
0.0137176662014
0.0137368729325
0.0137549222227
0.0137717680668
0.0137873756927
0.0138017218611
0.0138147949683
0.0138265949482
0.0138371329783
0.0138464309949
0.0138545210317
0.0138614443991
0.0138672507249
0.0138719968826
0.0138757458321
0.0138785654042
0.0138805270562
0.0138817046289
0.0138821731322
0.013882007587
0.013881281945
0.013880068109
0.0138784350703
0.0138764481764
0.01387416854
0.0138716525932
0.0138689517917
0.0138661124643
0.013863175805
0.0138601779979
0.0138571504648
0.0138541202211
0.0138511103245
0.0138481404004
0.0138452272236
0.0138423853398
0.0138396277052
0.0138369663273
0.0138344128874
0.0138319793282
0.013829678391
0.0138275240875
0.013825532097
0.0138237200771
0.013822107883
0.0138207176907
0.0138195740231
0.0138187036802
0.0138181355771
0.013817900497
0.0138180307662
0.0138185598622
0.0138195219666
0.013820951474
0.0138228824712
0.0138253482009
0.0138283805199
0.0138320093687
0.0138362622602
0.0138411638015
0.013846735255
0.0138529941493
0.0138599539441
0.0138676237541
0.0138760081356
0.013885106936
0.0138949152071
0.0139054231806
0.0139166163033
0.0139284753296
0.013940976466
0.0139540915648
0.0139677883608
0.0139820307473
0.0139967790853
0.0140119905414
0.0140276194492
0.0140436176903
0.014059935089
0.0140765198177
0.014093318808
0.0141102781649
0.0141273435787
0.0141444607331
0.014161575705
0.0141786353538
0.0141955876973
0.0142123822708
0.0142289704677
0.0142453058599
0.0142613444945
0.0142770451658
0.0142923696614
0.0143072829803
0.0143217535229
0.0143357532515
0.014349257821
0.0143622466803
0.0143747031448
0.0143866144392
0.0143979717138
0.0144087700328
0.0144190083392
0.014428689394
0.0144378196945
0.0144464093722
0.014454472071
0.0144620248091
0.0144690878243
0.0144756844043
0.0144818407043
0.0144875855502
0.0144929502294
0.0144979682695
0.014502675203
0.0145071083204
0.0145113064085
0.0145153094756
0.0145191584624
0.0145228949387
0.0145265607855
0.0145301978647
0.0145338476756
0.0145375510023
0.0145413475522
0.0145452755904
0.0145493715734
0.0145536697865
0.014558201989
0.0145629970745
0.0145680807493
0.0145734752361
0.0145791990073
0.0145852665532
0.01459168819
0.0145984699096
0.0146056132771
0.0146131153755
0.0146209688008
0.0146291617088
0.0146376779117
0.014646497027
0.0146555946756
0.014664942729
0.0146745096053
0.0146842606104
0.0146941583249
0.0147041630346
0.0147142332032
0.0147243259855
0.0147343977805
0.0147444048215
0.0147543038025
0.0147640525377
0.0147736106508
0.0147829402913
0.0147920068714
0.0148007798185
0.0148092333354
0.014817347158
0.014825107302
0.0148325067838
0.0148395463039
0.0148462348758
0.0148525903849
0.0148586400608
0.0148644208442
0.0148699796341
0.0148753733962
0.0148806691227
0.0148859436292
0.0148912831834
0.014896782961
0.0149025463322
0.0149086839835
0.0149153128898
0.0149225551535
0.0149305367343
0.0149393860974
0.0149492328124
0.0149602061366
0.014972433618
0.0149860397554
0.0150011447464
0.0150178633578
0.015036303944
0.0150565676348
0.0150787477103
0.0151029291716
0.015129188511
0.0151575936785
0.0151882042355
0.0152210716811
0.0152562399319
0.0152937459318
0.0153336203672
0.0153758884578
0.0154205707963
0.0154676842059
0.015517242589
0.0155692577373
0.0156237400797
0.0156806993423
0.0157401450997
0.0158020871982
0.0158665360358
0.0159335026835
0.0160029988408
0.0160750366151
0.0161496281249
0.0162267849236
0.01630651725
0.0163888331105
0.0164737372058
0.0165612297151
0.0166513049581
0.0167439499544
0.0168391429083
0.0169368516464
0.0170370320394
0.0171396264435
0.017244562196
0.0173517502031
0.0174610836581
0.0175724369266
0.0176856646368
0.0178006010086
0.017917059455
0.0180348324845
0.0181536919279
0.0182733895122
0.0183936577936
0.0185142114594
0.0186347490008
0.0187549547519
0.0188745012831
0.0189930521311
0.0191102648392
0.0192257942762
0.0193392961937
0.0194504309774
0.0195588675396
0.0196642872977
0.0197663881749
0.0198648885591
0.0199595311508
0.0200500866288
0.0201363570639
0.020218179008
0.0202954261922
0.0203680117668
0.0204358900264
0.0204990575654
0.0205575538212
0.0206114609713
0.0206609031616
0.0207060450565
0.0207470897139
0.0207842758017
0.0208178741881
0.0208481839473
0.0208755278401
0.0209002473347
0.0209226972474
0.0209432400888
0.0209622402071
0.0209800578254
0.0209970430718
0.0210135300989
0.0210298313908
0.0210462323496
0.0210629862488
0.0210803096348
0.0210983782512
0.0211173235514
0.0211372298571
0.0211581322118
0.0211800149694
0.0212028111482
0.0212264025715
0.0212506208077
0.0212752489093
0.0213000239443
0.021324640298
0.0213487537151
0.0213719860358
0.0213939305708
0.0214141580432
0.0214322230132
0.0214476706889
0.0214600440123
0.0214688909013
0.0214737715162
0.0214742654152
0.0214699784606
0.0214605493354
0.0214456555386
0.0214250187332
0.0213984093376
0.0213656502655
0.0213266197431
0.0212812531545
0.0212295438934
0.0211715432221
0.0211073591708
0.0210371545287
0.0209611440036
0.0208795906462
0.0207928016482
0.0207011236342
0.0206049375738
0.0205046534404
0.020400704741
0.0202935430335
0.0201836325376
0.020071444934
0.0199574544312
0.019842133163
0.0197259469674
0.0196093515785
0.0194927892518
0.0193766858297
0.019261448242
0.0191474624272
0.019035091655
0.0189246752208
0.018816527483
0.0187109372103
0.018608167204
0.0185084541639
0.0184120087646
0.0183190159129
0.0182296351591
0.018144001239
0.0180622247229
0.0179843927562
0.0179105698742
0.0178407988789
0.0177751017677
0.0177134807045
0.0176559190268
0.0176023822822
0.0175528192912
0.0175071632295
0.0174653327278
0.0174272329855
0.0173927568938
0.0173617861652
0.0173341924668
0.017309838552
0.0172885793898
0.0172702632851
0.01725473299
0.0172418267993
0.0172313796309
0.0172232240846
0.0172171914796
0.0172131128662
0.0172108200097
0.0172101463455
0.0172109279016
0.0172130041864
0.0172162190411
0.0172204214522
0.0172254663221
0.0172312151958
0.017237536938
0.0172443083597
0.0172514147877
0.0172587505745
0.0172662195429
0.017273735361
0.0172812218425
0.0172886131677
0.0172958540212
0.0173028996411
0.0173097157781
0.0173162785597
0.0173225742602
0.0173285989745
0.0173343581971
0.0173398663089
0.0173451459744
0.0173502274556
0.0173551478492
0.0173599502532
0.017364682875
0.0173693980889
0.0173741514546
0.01737900071
0.0173840047489
0.0173892225962
0.0173947123952
0.0174005304165
0.0174067301017
0.0174133611542
0.0174204686854
0.0174280924275
0.0174362660214
0.0174450163866
0.0174543631812
0.0174643183557
0.0174748858069
0.0174860611341
0.0174978315006
0.0175101756028
0.0175230637457
0.0175364580259
0.0175503126205
0.0175645741788
0.0175791823151
0.0175940701973
0.0176091652274
0.0176243898064
0.0176396621787
0.0176548973463
0.0176700080453
0.0176849057734
0.0176995018598
0.0177137085633
0.0177274401881
0.0177406142034
0.0177531523519
0.0177649817351
0.017776035859
0.0177862556251
0.0177955902537
0.0178039981235
0.0178114475143
0.0178179172392
0.0178233971549
0.0178278885386
0.0178314043235
0.0178339691836
0.0178356194644
0.0178364029561
0.0178363785067
0.0178356154793
0.0178341930566
0.017832199399
0.0178297306667
0.0178268899173
0.0178237858924
0.0178205317097
0.017817243479
0.0178140388606
0.0178110355876
0.0178083499729
0.0178060954231
0.0178043809818
0.0178033099225
0.0178029784141
0.017803474277
0.0178048758502
0.0178072509847
0.017810656179
0.0178151358698
0.0178207218876
0.0178274330853
0.0178352751458
0.01784424057
0.0178543088463
0.0178654467978
0.0178776091024
0.017890738977
0.0179047690149
0.0179196221652
0.0179352128359
0.017951448106
0.0179682290266
0.0179854519903
0.0180030101473
0.0180207948465
0.0180386970773
0.0180566088904
0.0180744247734
0.018092042961
0.0181093666569
0.0181263051504
0.0181427748078
0.0181586999266
0.0181740134369
0.0181886574437
0.0182025836012
0.0182157533179
0.0182281377916
0.0182397178789
0.0182504838056
0.0182604347281
0.0182695781592
0.0182779292731
0.0182855101084
0.0182923486873
0.0182984780735
0.0183039353891
0.0183087608143
0.01831299659
0.0183166860461
0.018319872676
0.0183225992741
0.0183249071553
0.0183268354693
0.0183284206216
0.0183296958113
0.0183306906892
0.0183314311419
0.0183319391983
0.0183322330583
0.0183323272351
0.0183322328033
0.0183319577422
0.0183315073597
0.0183308847837
0.0183300915046
0.0183291279521
0.0183279940904
0.0183266900148
0.0183252165336
0.0183235757221
0.0183217714323
0.0183198097503
0.0183176993872
0.0183154519997
0.0183130824306
0.0183106088689
0.0183080529248
0.0183054396221
0.0183027973092
0.0183001574923
0.0182975545973
0.0182950256653
0.0182926099921
0.0182903487174
0.0182882843747
0.0182864604117
0.0182849206891
0.0182837089701
0.0182828684073
0.0182824410383
0.0182824672973
0.01828298555
0.0182840316605
0.0182856385935
0.0182878360591
0.0182906502031
0.0182941033443
0.0182982137635
0.0183029955407
0.0183084584438
0.0183146078646
0.018321444801
0.0183289658816
0.0183371634294
0.0183460255601
0.0183555363094
0.0183656757866
0.0183764203473
0.018387742782
0.0183996125168
0.0184119958201
0.0184248560152
0.0184381536948
0.0184518469351
0.0184658915115
0.0184802411129
0.0184948475591
0.0185096610203
0.0185246302433
0.0185397027865
0.0185548252687
0.0185699436339
0.018585003437
0.0185999501539
0.0186147295188
0.0186292878914
0.0186435726556
0.0186575326495
0.0186711186269
0.0186842837468
0.0186969840876
0.0187091791807
0.0187208325566
0.0187319122943
0.0187423915658
0.0187522491637
0.0187614699999
0.0187700455645
0.0187779743307
0.0187852620944
0.0187919222352
0.0187979758892
0.0188034520212
0.0188083873906
0.0188128264019
0.0188168208374
0.0188204294685
0.0188237175477
0.0188267561833
0.0188296216032
0.0188323943175
0.0188351581889
0.0188379994263
0.0188410055164
0.0188442641105
0.0188478618853
0.0188518833974
0.0188564099509
0.0188615185
0.0188672806031
0.018873761451
0.0188810189832
0.0188891031102
0.018898055054
0.0189079068189
0.0189186807999
0.0189303895352
0.0189430356051
0.0189566116761
0.0189711006878
0.0189864761758
0.0190027027218
0.0190197365197
0.0190375260436
0.0190560128046
0.0190751321774
0.019094814282
0.0191149849018
0.0191355664214
0.0191564787658
0.0191776403274
0.0191989688642
0.0192203823569
0.0192417998138
0.0192631420144
0.0192843321836
0.0193052965934
0.0193259650879
0.0193462715306
0.0193661541765
0.01938555597
0.0194044247735
0.0194227135312
0.0194403803741
0.0194573886723
0.0194737070405
0.0194893093046
0.0195041744323
0.0195182864367
0.0195316342544
0.0195442116046
0.0195560168301
0.0195670527254
0.0195773263499
0.0195868488309
0.0195956351538
0.0196037039414
0.0196110772207
0.0196177801772
0.019623840897
0.019629290094
0.0196341608249
0.0196384881897
0.0196423090193
0.0196456615505
0.0196485850905
0.0196511196711
0.019653305696
0.0196551835818
0.0196567933979
0.0196581745054
0.0196593652005
0.0196604023636
0.0196613211204
0.0196621545163
0.0196629332092
0.0196636851855
0.0196644355026
0.0196652060634
0.0196660154268
0.0196668786605
0.0196678072392
0.0196688089952
0.0196698881241
0.0196710452521
0.0196722775657
0.0196735790094
0.0196749405497
0.0196763505073
0.0196777949536
0.0196792581676
0.0196807231455
0.0196821721544
0.0196835873172
0.0196849512152
0.0196862474927
0.0196874614469
0.0196885805857
0.0196895951365
0.0196904984914
0.0196912875759
0.0196919631288
0.01969252989
0.01969299669
0.0196933764444
0.0196936860574
0.0196939462423
0.0196941812715
0.0196944186673
0.0196946888491
0.0196950247525
0.0196954614334
0.0196960356719
0.0196967855871
0.0196977502741
0.0196989694686
0.0197004832477
0.0197023317669
0.0197045550359
0.0197071927321
0.019710284048
0.0197138675698
0.0197179811797
0.0197226619781
0.0197279462169
0.0197338692372
0.0197404654047
0.0197477680341
0.0197558092961
0.0197646200997
0.0197742299437
0.0197846667307
0.0197959565403
0.0198081233558
0.0198211887433
0.0198351714817
0.0198500871444
0.019865947636
0.0198827606899
0.019900529334
0.0199192513364
0.0199389186446
0.0199595168361
0.0199810245991
0.0200034132653
0.0200266464206
0.020050679616
0.0200754602056
0.020100927333
0.0201270120895
0.020153637857
0.0201807208488
0.0202081708509
0.020235892159
0.0202637846993
0.0202917453095
0.0203196691522
0.0203474512215
0.0203749879007
0.0204021785256
0.020428926903
0.0204551427412
0.0204807429467
0.0205056527517
0.0205298066421
0.0205531490646
0.0205756349017
0.0205972297121
0.0206179097418
0.0206376617197
0.020656482459
0.0206743782864
0.0206913643288
0.0207074636853
0.0207227065142
0.0207371290618
0.0207507726603
0.0207636827162
0.0207759077112
0.0207874982303
0.0207985060336
0.0208089831795
0.0208189812105
0.0208285504055
0.020837739104
0.0208465931041
0.0208551551355
0.0208634644082
0.0208715562373
0.0208794617414
0.020887207614
0.0208948159677
0.0209023042458
0.0209096852027
0.0209169669468
0.020924153046
0.020931242689
0.0209382309014
0.0209451088099
0.0209518639514
0.0209584806212
0.0209649402552
0.0209712218404
0.0209773023484
0.0209831571863
0.0209887606589
0.0209940864377
0.020999108031
0.0210037992502
0.0210081346676
0.0210120900625
0.0210156428499
0.0210187724894
0.0210214608706
0.0210236926709
0.0210254556834
0.0210267411114
0.0210275438265
0.0210278625863
0.0210277002103
0.0210270637089
0.0210259643638
0.0210244177563
0.0210224437406
0.0210200663611
0.0210173137098
0.0210142177255
0.0210108139323
0.0210071411206
0.0210032409709
0.0209991576257
0.0209949372135
0.0209906273312
0.0209862764931
0.0209819335546
0.0209776471221
0.0209734649569
0.0209694333871
0.0209655967376
0.0209619967879
0.0209586722707
0.0209556584191
0.0209529865707
0.0209506838365
0.0209487728392
0.0209472715236
0.0209461930424
0.0209455457152
0.0209453330595
0.020945553891
0.020946202486
0.020947268802
0.020948738748
0.0209505944966
0.0209528148319
0.0209553755219
0.0209582497099
0.0209614083161
0.0209648204419
0.0209684537713
0.0209722749619
0.0209762500222
0.0209803446692
0.020984524664
0.0209887561218
0.0209930057952
0.020997241328
0.0210014314807
0.0210055463262
0.0210095574167
0.021013437922
0.0210171627413
0.0210207085883
0.0210240540531
0.0210271796414
0.0210300677925
0.0210327028791
0.0210350711905
0.0210371609004
0.021038962022
