0.00580000134521
0.00579961677773
0.00579952286374
0.00579973648433
0.00580027429874
0.0058011526382
0.00580238739568
0.00580399391272
0.00580598686432
0.00580838014343
0.00581118674634
0.00581441866077
0.00581808675822
0.00582220069246
0.00582676880591
0.00583179804588
0.00583729389229
0.00584326029865
0.00584969964791
0.00585661272438
0.00586399870296
0.0058718551563
0.00588017808043
0.00588896193881
0.00589819972435
0.00590788303851
0.00591800218611
0.00592854628392
0.00593950338089
0.00595086058704
0.00596260420826
0.0059747198833
0.00598719271977
0.00600000742522
0.00601314842988
0.00602659999756
0.00604034632151
0.00605437160252
0.006068660107
0.00608319620333
0.00609796437571
0.00611294921519
0.0061281353886
0.00614350758694
0.00615905045536
0.00617474850788
0.0061905860306
0.00620654697761
0.00622261486448
0.0062387726644
0.00625500271208
0.00627128662083
0.00628760521763
0.00630393850099
0.00632026562563
0.00633656491737
0.00635281392095
0.00636898948236
0.00638506786635
0.00640102490869
0.00641683620174
0.00643247731064
0.00644792401654
0.00646315258223
0.0064781400347
0.00649286445842
0.00650730529242
0.0065214436242
0.00653526247267
0.00654874705306
0.00656188501618
0.00657466665546
0.0065870850753
0.00659913631539
0.00661081942648
0.00662213649416
0.00663309260867
0.00664369577982
0.00665395679763
0.00666388904076
0.00667350823609
0.00668283217403
0.00669188038569
0.00670067378866
0.00670923430938
0.00671758449066
0.00672574709321
0.00673374470066
0.00674159933701
0.00674933210559
0.00675696285778
0.00676450989929
0.00677198974049
0.00677941689642
0.0067868037408
0.00679416041675
0.00680149480582
0.00680881255511
0.00681611716121
0.00682341010775
0.00683069105267
0.00683795805948
0.00684520786638
0.00685243618568
0.00685963802568
0.00686680802654
0.00687394080139
0.00688103127398
0.00688807500415
0.00689506849294
0.00690200945952
0.00690889708287
0.00691573220199
0.0069225174694
0.00692925745355
0.00693595868728
0.00694262966033
0.00694928075526
0.00695592412744
0.00696257353091
0.00696924409321
0.00697595204321
0.00698271439735
0.00698954861037
0.00699647219759
0.00700350233644
0.00701065545561
0.00701794682045
0.00702539012343
0.00703299708878
0.00704077709993
0.00704873685822
0.00705688008082
0.00706520724519
0.00707371538617
0.0070823979514
0.00709124471911
0.00710024178121
0.00710937159354
0.00711861309349
0.00712794188372
0.00713733047976
0.00714674861748
0.00715616361521
0.00716554078443
0.00717484388146
0.00718403559195
0.00719307803919
0.0072019333067
0.00721056396523
0.00721893359432
0.00722700728837
0.00723475213804
0.00724213767762
0.00724913629052
0.00725572356529
0.007261878596
0.00726758422201
0.00727282720316
0.00727759832814
0.00728189245482
0.00728570848298
0.00728904926091
0.00729192142889
0.00729433520344
0.00729630410746
0.00729784465208
0.00729897597696
0.00729971945591
0.00730009827578
0.0073001369959
0.00729986109618
0.00729929652138
0.00729846922895
0.00729740474772
0.00729612775383
0.00729466167024
0.00729302829523
0.00729124746499
0.00728933675449
0.00728731122032
0.00728518318872
0.00728296209107
0.00728065434866
0.00727826330817
0.00727578922824
0.00727322931748
0.00727057782324
0.00726782617035
0.00726496314802
0.00726197514305
0.00725884641658
0.00725555942119
0.00725209515475
0.0072484335468
0.00724455387268
0.00724043519048
0.00723605679507
0.00723139868357
0.00722644202603
0.00722116963507
0.00721556642818
0.00720961987636
0.00720332043284
0.00719666193609
0.00718964198147
0.00718226225629
0.00717452883393
0.00716645242277
0.00715804856672
0.00714933779464
0.00714034571676
0.00713110306672
0.0071216456888
0.00711201447026
0.00710225521942
0.00709241849075
0.00708255935843
0.00707273714041
0.00706301507534
0.00705345995486
0.00704414171409
0.00703513298328
0.00702650860382
0.00701834511185
0.00701072019296
0.00700371211171
0.0069973991197
0.00699185884656
0.00698716767792
0.00698340012549
0.006980628194
0.00697892075068
0.00697834290289
0.00697895539033
0.00698081399806
0.00698396899727
0.00698846462065
0.00699433857943
0.00700162162896
0.00701033718986
0.00702050103084
0.00703212101955
0.00704519694643
0.00705972042616
0.00707567488018
0.00709303560252
0.00711176991014
0.00713183737733
0.00715319015263
0.00717577335497
0.00719952554453
0.00722437926235
0.00725026163132
0.00727709501012
0.00730479769079
0.00733328462932
0.00736246819872
0.00739225895311
0.00742256639153
0.00745329971026
0.0074843685328
0.00751568360739
0.0075471574626
0.00757870501287
0.00761024410664
0.00764169601164
0.00767298583264
0.007704042859
0.00773480084057
0.00776519819186
0.007795178126
0.00782468872117
0.00785368292331
0.00788211849001
0.00790995788132
0.00793716810389
0.00796372051544
0.00798959059671
0.00801475769845
0.0080392047709
0.00806291808299
0.00808588693839
0.00810810339502
0.00812956199409
0.00815025950429
0.00817019468602
0.00818936807959
0.00820778182112
0.00822543948838
0.00824234597852
0.0082585074186
0.00827393110903
0.0082886254992
0.00830260019406
0.00831586598918
0.00832843493178
0.00834032040405
0.00835153722483
0.00836210176524
0.00837203207332
0.00838134800277
0.00839007134033
0.00839822592673
0.00840583776588
0.00841293511753
0.00841954856851
0.00842571107876
0.00843145799824
0.00843682705207
0.00844185829166
0.00844659401051
0.00845107862426
0.00845535851538
0.00845948184378
0.00846349832537
0.00846745898152
0.00847141586285
0.00847542175132
0.00847952984521
0.00848379343161
0.00848826555125
0.00849299866043
0.00849804429468
0.00850345273829
0.00850927270336
0.00851555102174
0.00852233235195
0.00852965890307
0.00853757017623
0.00854610272401
0.0085552899269
0.00856516178567
0.00857574472748
0.00858706142338
0.00859913061436
0.00861196694299
0.00862558078745
0.00863997809527
0.00865516021399
0.0086711237168
0.00868786022169
0.00870535620334
0.00872359279816
0.00874254560347
0.0087621844731
0.00878247331243
0.0088033698771
0.00882482557994
0.00884678531194
0.00886918728296
0.00889196288862
0.00891503660945
0.00893832594844
0.00896174141255
0.00898518654313
0.00900855799955
0.0090317456992
0.00905463301657
0.00907709704288
0.00909900890736
0.00912023416087
0.00914063322215
0.00916006188749
0.00917837190503
0.00919541161568
0.00921102666415
0.00922506078469
0.00923735666798
0.00924775691681
0.00925610509992
0.00926224691401
0.00926603146441
0.00926731267453
0.00926595083273
0.00926181428279
0.00925478125994
0.00924474186954
0.00923160019843
0.00921527654075
0.00919570971096
0.00917285940611
0.00914670856878
0.00911726569099
0.00908456698941
0.00904867837321
0.00900969711955
0.00896775316826
0.00892300994786
0.00887566465023
0.00882594788152
0.0087741226321
0.00872048252872
0.00866534935656
0.00860906986665
0.00855201191305
0.00849455999443
0.00843711030116
0.00838006539358
0.00832382865453
0.00826879867126
0.00821536370505
0.00816389640288
0.00811474889373
0.0080682483934
0.00802469341832
0.00798435068123
0.00794745271276
0.00791419622387
0.00788474119732
0.00785921067214
0.00783769116554
0.00782023366177
0.00780685508736
0.0077975401871
0.00779224371412
0.00779089285051
0.00779338978029
0.00779961434482
0.0078094267194
0.00782267006001
0.0078391730786
0.00785875251463
0.00788121547925
0.00790636165556
0.00793398534497
0.00796387735447
0.00799582672366
0.00802962229349
0.00806505412018
0.00810191473957
0.0081400002877
0.00817911148363
0.00821905448085
0.0082596415934
0.00830069190294
0.00834203175302
0.00838349513702
0.00842492398649
0.00846616836722
0.00850708659099
0.00854754525162
0.00858741919487
0.00862659143233
0.00866495301009
0.00870240284375
0.00873884753128
0.00877420115538
0.00880838508677
0.00884132779895
0.00887296470427
0.00890323801954
0.00893209666799
0.00895949622241
0.00898539889235
0.0090097735558
0.009032595834
0.00905384820536
0.00907352015275
0.00909160833631
0.00910811678246
0.00912305707831
0.00913644855982
0.00914831848127
0.0091587021535
0.0091676430385
0.0091751927883
0.00918141121706
0.0091863661964
0.00919013346542
0.00919279634848
0.00919444537564
0.00919517780285
0.00919509703081
0.00919431192382
0.00919293603205
0.00919108672295
0.00918888422952
0.00918645062552
0.00918390873933
0.00918138102019
0.00917898837196
0.00917684897103
0.0091750770857
0.00917378191538
0.00917306646795
0.00917302649355
0.00917374949255
0.00917531381443
0.00917778786281
0.0091812294201
0.00918568510312
0.00919118995848
0.00919776720377
0.00920542811811
0.00921417208232
0.00922398676649
0.0092348484598
0.00924672253531
0.00925956403981
0.00927331839736
0.0092879222136
0.00930330416666
0.00931938596999
0.00933608339223
0.00935330731882
0.00937096484093
0.00938896035737
0.00940719667616
0.00942557610299
0.00944400150508
0.0094623773394
0.00948061063555
0.00949861192412
0.00951629610238
0.00953358322969
0.00955039924603
0.00956667660747
0.00958235483324
0.00959738095996
0.00961170989904
0.00962530469479
0.00963813668109
0.00965018553642
0.00966143923776
0.00967189391548
0.00968155361295
0.0096904299558
0.00969854173764
0.00970591442997
0.00971257962576
0.00971857442711
0.00972394078807
0.00972872482466
0.00973297610412
0.00973674692556
0.00974009160377
0.00974306576741
0.00974572568178
0.00974812760532
0.00975032718767
0.00975237891584
0.00975433561313
0.00975624799459
0.00975816428063
0.00976012986968
0.00976218706899
0.009764374882
0.00976672884938
0.00976928094047
0.00977205949092
0.00977508918219
0.00977839105822
0.0097819825745
0.00978587767492
0.00979008689173
0.00979461746461
0.00979947347464
0.00980465598987
0.00981016321937
0.009815990673
0.00982213132485
0.00982857577864
0.00983531243362
0.0098423276503
0.00984960591536
0.00985713000556
0.00986488115074
0.00987283919631
0.00988098276552
0.00988928942231
0.00989773583512
0.00990629794256
0.00991495112112
0.00992367035569
0.00993243041273
0.00994120601625
0.00994997202632
0.00995870361916
0.00996737646815
0.00997596692416
0.00998445219362
0.00999281051211
0.0100010213112
0.010009065376
0.0100169249898
0.0100245840645
0.0100320282511
0.0100392450298
0.0100462237752
0.0100529557948
0.0100594343372
0.0100656545704
0.0100716135268
0.0100773100153
0.0100827445015
0.0100879189557
0.0100928366715
0.0100975020581
0.0101019204098
0.0101060976572
0.0101100401069
0.0101137541736
0.0101172461142
0.0101205217687
0.0101235863171
0.0101264440585
0.0101290982207
0.0101315508058
0.0101338024805
0.0101358525129
0.0101376987637
0.0101393377324
0.0101407646618
0.0101419736995
0.0101429581171
0.0101437105831
0.0101442234841
0.010144489292
0.0101445009652
0.0101442523804
0.0101437387811
0.0101429572367
0.0101419070981
0.0101405904416
0.0101390124879
0.0101371819876
0.0101351115617
0.0101328179879
0.0101303224256
0.0101276505709
0.0101248327375
0.0101219038586
0.0101189034069
0.0101158752329
0.0101128673219
0.010109931471
0.0101071228923
0.0101044997447
0.010102122604
0.010100053876
0.010098357164
0.0100970965971
0.0100963361323
0.0100961388375
0.0100965661678
0.0100976772447
0.0100995281475
0.0101021712273
0.0101056544527
0.0101100207948
0.01011530766
0.0101215463772
0.0101287617457
0.010136971649
0.0101461867378
0.0101564101877
0.0101676375319
0.0101798565722
0.0101930473685
0.0102071823058
0.0102222262404
0.0102381367202
0.0102548642797
0.0102723528053
0.0102905399665
0.0103093577094
0.0103287328074
0.0103485874622
0.0103688399498
0.010389405305
0.0104101960351
0.0104311228583
0.0104520954561
0.0104730232336
0.0104938160782
0.0105143851108
0.0105346434187
0.0105545067659
0.0105738942714
0.0105927290498
0.0106109388082
0.0106284563941
0.0106452202893
0.0106611750468
0.0106762716668
0.0106904679097
0.0107037285455
0.0107160255378
0.0107273381627
0.0107376530637
0.0107469642426
0.0107552729899
0.0107625877543
0.0107689239562
0.0107743037463
0.0107787557135
0.0107823145438
0.0107850206354
0.0107869196728
0.0107880621631
0.0107885029399
0.0107883006373
0.0107875171395
0.0107862170103
0.0107844669063
0.0107823349798
0.0107798902763
0.0107772021307
0.0107743395695
0.0107713707226
0.0107683622521
0.0107653788019
0.0107624824749
0.0107597323428
0.0107571839937
0.010754889121
0.0107528951607
0.0107512449772
0.0107499766046
0.0107491230421
0.0107487121088
0.0107487663555
0.0107493030364
0.0107503341375
0.0107518664615
0.0107539017664
0.0107564369545
0.010759464308
0.0107629717665
0.0107669432425
0.0107713589687
0.0107761958717
0.0107814279669
0.0107870267694
0.0107929617139
0.01079920058
0.0108057099163
0.0108124554599
0.0108194025457
0.0108265165026
0.0108337630324
0.0108411085676
0.0108485206076
0.0108559680285
0.0108634213658
0.0108708530681
0.0108782377209
0.0108855522384
0.0108927760229
0.0108998910919
0.0109068821704
0.01091373675
0.0109204451133
0.010927000323
0.0109333981764
0.0109396371254
0.0109457181606
0.0109516446612
0.01095742221
0.0109630583755
0.0109685624593
0.0109739452132
0.0109792185243
0.0109843950728
0.0109894879623
0.0109945103275
0.0109994749212
0.0110043936859
0.0110092773139
0.0110141348017
0.0110189730043
0.0110237961975
0.0110286056535
0.0110333992396
0.0110381710479
0.0110429110637
0.0110476048829
0.0110522334861
0.0110567730779
0.0110611949998
0.0110654657231
0.0110695469277
0.0110733956723
0.0110769646575
0.0110802025844
0.0110830546069
0.0110854628767
0.0110873671737
0.0110887056181
0.0110894154536
0.0110894338917
0.0110886990072
0.0110871506687
0.0110847314935
0.0110813878103
0.0110770706155
0.0110717365094
0.0110653485961
0.0110578773351
0.0110493013306
0.0110396080471
0.0110287944403
0.0110168674943
0.0110038446558
0.010989754159
0.0109746352364
0.0109585382086
0.010941524452
0.0109236662413
0.0109050464654
0.010885758218
0.0108659042618
0.0108455963709
0.0108249545535
0.0108041061591
0.010783184878
0.0107623296387
0.010741683413
0.0107213919397
0.0107016023787
0.0106824619096
0.0106641162901
0.010646708392
0.0106303767326
0.0106152540217
0.0106014657432
0.0105891287945
0.0105783502019
0.0105692259334
0.0105618398285
0.0105562626616
0.0105525513549
0.0105507483552
0.0105508811821
0.0105529621578
0.01055698832
0.0105629415187
0.010570788695
0.0105804823331
0.0105919610781
0.0106051505063
0.0106199640338
0.010636303947
0.0106540625368
0.0106731233191
0.0106933623207
0.0107146494142
0.0107368496808
0.0107598247856
0.0107834343473
0.0108075372884
0.0108319931506
0.010856663364
0.010881412459
0.0109061092108
0.0109306277088
0.0109548483437
0.0109786587062
0.0110019543922
0.0110246397115
0.0110466282944
0.0110678435963
0.0110882192964
0.0111076995905
0.011126239377
0.0111438043369
0.0111603709084
0.0111759261597
0.0111904675618
0.0112040026668
0.0112165486964
0.0112281320485
0.011238787727
0.0112485587072
0.0112574952423
0.0112656541245
0.0112730979084
0.0112798941106
0.0112861143929
0.0112918337424
0.0112971296571
0.0113020813456
0.0113067689504
0.011311272801
0.0113156727018
0.0113200472608
0.0113244732604
0.0113290250731
0.0113337741218
0.0113387883853
0.0113441319452
0.0113498645746
0.0113560413638
0.0113627123799
0.011369922359
0.0113777104249
0.0113861098338
0.0113951477412
0.0114048449894
0.0114152159153
0.0114262681773
0.0114380026017
0.011450413052
0.0114634863219
0.0114772020562
0.0114915327052
0.0115064435165
0.0115218925721
0.0115378308769
0.0115542025059
0.0115709448191
0.0115879887504
0.0116052591787
0.0116226753876
0.0116401516195
0.0116575977273
0.0116749199265
0.0116920216458
0.0117088044733
0.0117251691902
0.0117410168826
0.0117562501137
0.0117707741405
0.0117844981503
0.0117973364917
0.0118092098719
0.0118200464884
0.0118297830647
0.0118383657596
0.0118457509192
0.0118519056478
0.0118568081749
0.0118604480038
0.0118628258321
0.0118639532423
0.0118638521696
0.0118625541591
0.011860099433
0.0118565357947
0.0118519174009
0.0118463034373
0.0118397567338
0.0118323423592
0.0118241262312
0.0118151737771
0.0118055486781
0.011795311725
0.0117845198089
0.0117732250671
0.0117614741976
0.0117493079517
0.0117367608109
0.0117238608475
0.0117106297671
0.0116970831269
0.0116832307192
0.0116690771099
0.0116546223158
0.011639862607
0.0116247914121
0.0116094003105
0.011593680087
0.0115776218273
0.0115612180312
0.0115444637183
0.0115273575023
0.0115099026101
0.0114921078226
0.0114739883149
0.0114555663787
0.0114368720065
0.0114179433287
0.0113988268896
0.0113795777597
0.01136025948
0.0113409438424
0.0113217105121
0.011302646501
0.011283845506
0.0112654071266
0.0112474359808
0.0112300407352
0.0112133330709
0.011197426602
0.0111824357656
0.0111684747005
0.011155656129
0.0111440902565
0.0111338836994
0.0111251384521
0.0111179509008
0.0111124108901
0.0111086008477
0.0111065949701
0.0111064584738
0.0111082469125
0.0111120055623
0.0111177688781
0.0111255600215
0.0111353904632
0.0111472596621
0.0111611548259
0.0111770507546
0.0111949097746
0.0112146817669
0.0112363042954
0.0112597028443
0.0112847911681
0.011311471764
0.0113396364722
0.0113691672101
0.0113999368463
0.0114318102153
0.0114646452769
0.0114982944145
0.0115326058689
0.0115674252951
0.0116025974282
0.0116379678361
0.0116733847341
0.0117087008278
0.0117437751488
0.0117784748406
0.0118126768522
0.0118462694908
0.0118791537907
0.0119112446539
0.0119424717239
0.0119727799617
0.0120021299009
0.0120304975689
0.0120578740736
0.0120842648667
0.0121096887046
0.012134176341
0.0121577689921
0.0121805166243
0.0122024761172
0.0122237093577
0.0122442813205
0.0122642581866
0.012283705549
0.012302686744
0.0123212613455
0.0123394838456
0.0123574025417
0.0123750586397
0.0123924855793
0.012409708577
0.0124267443832
0.0124436012412
0.0124602790359
0.0124767696165
0.0124930572784
0.0125091193856
0.0125249271181
0.0125404463262
0.0125556384747
0.0125704616601
0.012584871683
0.012598823158
0.0126122706441
0.0126251697756
0.012637478376
0.0126491575345
0.0126601726263
0.0126704942573
0.0126800991131
0.0126889706966
0.0126970999355
0.0127044856476
0.0127111348504
0.012717062909
0.0127222935154
0.0127268585004
0.0127307974801
0.0127341573466
0.0127369916115
0.0127393596199
0.0127413256512
0.0127429579286
0.0127443275573
0.0127455074178
0.0127465710344
0.0127475914436
0.012748640085
0.012749785733
0.0127510934893
0.0127526238523
0.0127544318765
0.0127565664343
0.0127590695889
0.0127619760862
0.0127653129702
0.0127690993258
0.0127733461523
0.0127780563661
0.0127832249354
0.012788839143
0.0127948789773
0.0128013176469
0.0128081222148
0.012815254347
0.0128226711677
0.0128303262124
0.012838170468
0.0128461534851
0.012854224549
0.0128623338885
0.0128704339018
0.0128784803778
0.0128864336836
0.0128942598944
0.0129019318343
0.0129094300023
0.0129167433532
0.0129238699106
0.0129308171864
0.0129376023905
0.0129442524172
0.0129508035995
0.0129573012325
0.0129637988707
0.0129703574143
0.0129770440016
0.0129839307365
0.0129910932792
0.0129986093364
0.0130065570881
0.0130150135878
0.0130240531754
0.0130337459385
0.0130441562549
0.0130553414458
0.0130673505655
0.0130802233467
0.0130939893176
0.0131086670995
0.0131242638924
0.0131407751492
0.0131581844355
0.0131764634723
0.0131955723523
0.0132154599211
0.0132360643139
0.0132573136353
0.0132791267704
0.0133014143153
0.0133240796146
0.0133470198916
0.0133701274587
0.0133932909942
0.0134163968693
0.0134393305113
0.0134619777858
0.0134842263811
0.0135059671756
0.013527095572
0.0135475127762
0.0135671270046
0.0135858546002
0.0136036210396
0.013620361816
0.0136360231832
0.0136505627487
0.0136639499094
0.0136761661212
0.0136872050031
0.0136970722769
0.0137057855456
0.013713373922
0.0137198775159
0.0137253467946
0.0137298418328
0.0137334314682
0.0137361923808
0.0137382081139
0.0137395680539
0.0137403663865
0.0137407010429
0.0137406726512
0.0137403835045
0.0137399365547
0.013739434441
0.0137389785587
0.0137386681723
0.0137385995769
0.0137388653087
0.0137395534059
0.01374074672
0.0137425222781
0.0137449506957
0.0137480956403
0.013752013347
0.0137567521862
0.0137623522872
0.013768845218
0.0137762537262
0.0137845915443
0.013793863262
0.0138040642723
0.013815180792
0.0138271899636
0.0138400600381
0.0138537506435
0.0138682131373
0.0138833910438
0.0138992205724
0.0139156312143
0.0139325464106
0.0139498842842
0.0139675584281
0.0139854787377
0.014003552277
0.0140216841672
0.0140397784832
0.0140577391485
0.0140754708139
0.0140928797097
0.0141098744625
0.0141263668646
0.0141422725905
0.0141575118543
0.014172010002
0.0141856980368
0.0141985130754
0.0142103987344
0.0142213054486
0.0142311907213
0.0142400193106
0.0142477633529
0.0142544024284
0.0142599235706
0.0142643212232
0.0142675971493
0.0142697602934
0.0142708266018
0.0142708188018
0.0142697661448
0.0142677041135
0.0142646740977
0.0142607230399
0.0142559030544
0.0142502710228
0.0142438881684
0.0142368196139
0.0142291339256
0.0142209026482
0.0142121998355
0.0142031015805
0.0141936855493
0.014184030525
0.0141742159648
0.0141643215746
0.0141544269062
0.0141446109783
0.0141349519261
0.0141255266801
0.0141164106751
0.0141076775897
0.0140993991152
0.0140916447513
0.0140844816263
0.0140779743367
0.0140721848025
0.0140671721311
0.014062992485
0.0140596989457
0.0140573413688
0.0140559662216
0.0140556164005
0.0140563310206
0.0140581451761
0.0140610896677
0.0140651906977
0.0140704695345
0.0140769421494
0.014084618834
0.0140935038043
0.0141035948042
0.0141148827203
0.0141273512218
0.0141409764425
0.0141557267181
0.0141715623974
0.0141884357395
0.014206290912
0.0142250640999
0.0142446837331
0.0142650708371
0.0142861395073
0.0143077975032
0.0143299469561
0.014352485178
0.0143753055602
0.0143982985423
0.0144213526364
0.0144443554848
0.0144671949337
0.0144897601044
0.0145119424425
0.0145336367325
0.0145547420628
0.0145751627305
0.0145948090791
0.0146135982622
0.0146314549311
0.0146483118449
0.0146641104049
0.0146788011131
0.0146923439609
0.0147047087494
0.0147158753451
0.0147258338756
0.0147345848663
0.0147421393207
0.0147485187458
0.0147537551196
0.0147578908029
0.0147609783885
0.0147630804876
0.0147642694467
0.0147646269907
0.0147642437876
0.0147632189289
0.0147616593227
0.0147596789961
0.0147573983069
0.0147549430642
0.0147524435642
0.014750033547
0.0147478490859
0.0147460274227
0.0147447057679
0.0147440200859
0.0147441038898
0.0147450870712
0.014747094794
0.0147502464778
0.0147546549011
0.0147604254471
0.0147676555159
0.0147764341222
0.0147868416902
0.0147989500551
0.0148128226723
0.0148285150303
0.0148460752551
0.0148655448916
0.0148869598374
0.0149103514048
0.0149357474784
0.0149631737382
0.0149926549115
0.0150242160195
0.0150578835843
0.015093686763
0.0151316583757
0.0151718358011
0.0152142617106
0.0152589846202
0.0153060592383
0.0153555465963
0.0154075139461
0.0154620344191
0.0155191864393
0.0155790528909
0.0156417200434
0.0157072762395
0.0157758103589
0.0158474100719
0.0159221599028
0.0160001391269
0.0160814195301
0.016166063063
0.0162541194264
0.0163456236309
0.0164405935716
0.0165390276698
0.0166409026272
0.0167461713477
0.0168547610763
0.0169665718084
0.0170814750183
0.0171993127544
0.0173198971438
0.0174430103438
0.0175684049701
0.0176958050248
0.0178249073378
0.0179553835251
0.0180868824568
0.0182190332184
0.0183514485355
0.0184837286231
0.0186154654097
0.0187462470754
0.0188756628367
0.0190033079011
0.0191287885087
0.0192517269752
0.019371766643
0.0194885766524
0.019601856439
0.0197113398706
0.0198167989387
0.0199180469251
0.0200149409758
0.0201073840174
0.0201953259685
0.0202787642045
0.0203577432525
0.0204323537028
0.0205027303384
0.0205690495021
0.0206315257282
0.0206904076879
0.0207459735039
0.0207985255073
0.0208483845175
0.0208958837385
0.0209413623703
0.0209851590426
0.0210276051808
0.0210690184171
0.0211096961605
0.0211499094356
0.021189897099
0.0212298605369
0.0212699589367
0.0213103052235
0.0213509627377
0.0213919427211
0.0214332026683
0.0214746455866
0.0215161201942
0.021557422073
0.0215982957792
0.0216384378943
0.0216775009915
0.0217150984672
0.0217508101781
0.0217841888012
0.0218147668233
0.0218420640453
0.021865595475
0.0218848794671
0.0218994459585
0.0219088446385
0.0219126528889
0.0219104833285
0.0219019907999
0.0218868786462
0.0218649041384
0.0218358829324
0.0217996924599
0.0217562741815
0.0217056346612
0.021647845455
0.0215830418344
0.0215114204007
0.0214332356733
0.0213487957596
0.0212584572414
0.0211626194201
0.0210617180825
0.020956218949
0.0208466109653
0.0207333995944
0.0206171002532
0.0204982320232
0.0203773117466
0.0202548485996
0.0201313392132
0.0200072633898
0.0198830804451
0.0197592261841
0.0196361105026
0.0195141155938
0.0193935947227
0.0192748715251
0.0191582397789
0.0190439635929
0.0189322779528
0.0188233895671
0.0187174779546
0.0186146967201
0.0185151749665
0.0184190187973
0.0183263128702
0.0182371219644
0.0181514925339
0.0180694542216
0.0179910213161
0.0179161941366
0.0178449603378
0.0177772961286
0.017713167404
0.0176525307888
0.0175953346006
0.017541519733
0.0174910204684
0.0174437652254
0.0173996772499
0.017358675255
0.017320674018
0.0172855849389
0.0172533165672
0.0172237750988
0.0171968648482
0.0171724886959
0.0171505485137
0.0171309455672
0.017113580895
0.017098355664
0.0170851714993
0.0170739307872
0.0170645369487
0.0170568946846
0.0170509101877
0.017046491324
0.0170435477811
0.0170419911848
0.0170417351837
0.0170426955044
0.0170447899785
0.0170479385439
0.0170520632245
0.0170570880909
0.0170629392068
0.017069544566
0.0170768340232
0.0170847392251
0.0170931935459
0.0171021320315
0.0171114913579
0.0171212098062
0.0171312272592
0.017141485221
0.0171519268629
0.0171624970946
0.0171731426631
0.0171838122765
0.0171944567518
0.0172050291832
0.0172154851277
0.017225782803
0.0172358832932
0.0172457507557
0.0172553526244
0.0172646598023
0.0172736468383
0.0172822920824
0.017290577814
0.0172984903382
0.0173060200475
0.0173131614454
0.0173199131284
0.017326277728
0.0173322618098
0.0173378757323
0.017343133465
0.017348052371
0.0173526529539
0.0173569585757
0.0173609951475
0.0173647908
0.0173683755377
0.0173717808819
0.0173750395098
0.0173781848938
0.0173812509477
0.0173842716852
0.0173872808965
0.0173903118487
0.0173933970138
0.0173965678304
0.017399854502
0.0174032858359
0.017406889125
0.0174106900738
0.0174147127704
0.0174189797031
0.0174235118207
0.0174283286339
0.0174334483537
0.0174388880628
0.0174446639129
0.0174507913426
0.0174572853072
0.017464160512
0.0174714316425
0.0174791135798
0.0174872215951
0.0174957715135
0.0175047798401
0.0175142638407
0.0175242415719
0.0175347318563
0.0175457541975
0.0175573286361
0.0175694755441
0.0175822153606
0.0175955682709
0.0176095538346
0.0176241905678
0.017639495488
0.0176554836288
0.0176721675358
0.0176895567519
0.0177076573052
0.0177264712089
0.0177459959848
0.0177662242221
0.0177871431819
0.0178087344564
0.0178309736931
0.0178538303916
0.0178772677793
0.0179012427724
0.0179257060244
0.0179506020661
0.0179758695368
0.0180014415051
0.0180272458766
0.0180532058848
0.0180792406576
0.0181052658521
0.018131194349
0.0181569369955
0.018182403386
0.0182075026683
0.0182321443618
0.0182562391771
0.0182796998211
0.0183024417782
0.0183243840536
0.0183454498693
0.0183655673023
0.0183846698569
0.0184026969647
0.0184195944076
0.0184353146603
0.0184498171512
0.0184630684428
0.0184750423342
0.0184857198896
0.0184950893982
0.0185031462733
0.0185098928974
0.018515338422
0.0185194985313
0.0185223951774
0.0185240562964
0.0185245155111
0.0185238118293
0.018521989341
0.0185190969192
0.0185151879269
0.018510319932
0.0185045544283
0.0184979565624
0.0184905948629
0.0184825409681
0.0184738693481
0.0184646570163
0.0184549832251
0.0184449291415
0.0184345774978
0.0184240122146
0.0184133179932
0.0184025798768
0.0183918827795
0.0183813109865
0.0183709476268
0.0183608741241
0.0183511696313
0.0183419104551
0.0183331694805
0.0183250156011
0.0183175131674
0.0183107214603
0.0183046942011
0.0182994791055
0.0182951174912
0.0182916439474
0.0182890860708
0.0182874642769
0.0182867916875
0.0182870741005
0.0182883100404
0.0182904908922
0.018293601115
0.0182976185332
0.0183025147016
0.0183082553376
0.0183148008144
0.0183221067082
0.0183301243897
0.0183388016526
0.0183480833681
0.0183579121565
0.0183682290673
0.0183789742557
0.0183900876493
0.0184015095947
0.0184131814759
0.0184250462985
0.0184370492319
0.0184491381061
0.018461263856
0.0184733809136
0.0184854475422
0.018497426114
0.0185092833302
0.0185209903839
0.0185325230674
0.0185438618268
0.0185549917657
0.018565902602
0.01857658858
0.0185870483441
0.0185972847738
0.0186073047881
0.0186171191197
0.0186267420635
0.0186361912031
0.0186454871174
0.0186546530702
0.0186637146852
0.0186726996091
0.0186816371635
0.0186905579885
0.0186994936797
0.0187084764193
0.0187175386037
0.0187267124694
0.0187360297187
0.0187455211468
0.0187552162734
0.01876514298
0.0187753271565
0.0187857923583
0.0187965594784
0.018807646436
0.0188190678859
0.0188308349505
0.0188429549792
0.0188554313366
0.0188682632242
0.0188814455373
0.0188949687604
0.018908818904
0.018922977484
0.0189374215473
0.0189521237436
0.0189670524454
0.0189821719179
0.0189974425371
0.0190128210583
0.0190282609328
0.0190437126727
0.0190591242614
0.0190744416087
0.019089609046
0.0191045698603
0.0191192668607
0.019133642975
0.0191476418692
0.019161208585
0.019174290188
0.0191868364208
0.0191988003509
0.019210139008
0.0192208139998
0.0192307920986
0.0192400457899
0.0192485537726
0.0192563014037
0.0192632810773
0.0192694925316
0.0192749430741
0.0192796477215
0.0192836292469
0.0192869181306
0.0192895524123
0.0192915774435
0.0192930455403
0.0192940155385
0.0192945522565
0.019294725869
0.0192946112014
0.0192942869524
0.0192938348545
0.0192933387852
0.0192928838406
0.0192925553839
0.0192924380842
0.0192926149583
0.0192931664297
0.0192941694192
0.0192956964793
0.0192978149852
0.0193005863945
0.0193040655838
0.0193083002728
0.019313330542
0.019319188449
0.0193258977479
0.0193334737129
0.0193419230664
0.0193512440097
0.019361426352
0.0193724517345
0.0193842939405
0.0193969192858
0.01941028708
0.0194243501478
0.0194390554021
0.0194543444567
0.0194701542691
0.0194864178019
0.0195030646932
0.0195200219275
0.0195372144962
0.0195545660426
0.0195719994828
0.019589437598
0.019606803594
0.0196240216252
0.0196410172796
0.0196577180277
0.0196740536316
0.0196899565193
0.019705362124
0.0197202091922
0.0197344400638
0.0197480009259
0.0197608420464
0.0197729179865
0.0197841877973
0.0197946152006
0.0198041687546
0.0198128220036
0.0198205536111
0.0198273474714
0.0198331927974
0.0198380841788
0.0198420216041
0.019845010442
0.019847061374
0.0198481902743
0.0198484180315
0.0198477703083
0.0198462772407
0.0198439730749
0.0198408957483
0.0198370864202
0.019832588962
0.0198274494181
0.0198217154506
0.0198154357834
0.0198086596585
0.0198014363208
0.0197938145421
0.0197858421977
0.0197775659023
0.0197690307114
0.0197602798919
0.0197513547601
0.0197422945855
0.0197331365551
0.0197239157905
0.0197146654103
0.0197054166289
0.0196961988821
0.0196870399705
0.0196779662137
0.0196690026063
0.0196601729705
0.0196515001009
0.0196430058958
0.0196347114745
0.019626637278
0.0196188031532
0.0196112284201
0.0196039319239
0.0195969320729
0.0195902468643
0.0195838938994
0.0195778903911
0.0195722531652
0.0195669986569
0.0195621429056
0.019557701548
0.0195536898118
0.0195501225092
0.019547014033
0.0195443783528
0.0195422290136
0.0195405791337
0.0195394414039
0.0195388280853
0.0195387510045
0.0195392215473
0.0195402506478
0.0195418487729
0.0195440259026
0.0195467915046
0.0195501545044
0.019554123251
0.0195587054803
0.0195639082764
0.0195697380336
0.0195762004214
0.0195833003536
0.0195910419656
0.0195994286001
0.0196084628046
0.0196181463402
0.0196284802048
0.0196394646684
0.0196510993211
0.0196633831326
0.0196763145195
0.0196898914204
0.0197041113726
0.0197189715895
0.0197344690334
0.0197506004804
0.0197673625734
0.019784751861
0.019802764817
0.0198213978403
0.0198406472305
0.0198605091405
0.019880979502
0.0199020539269
0.019923727582
0.0199459950404
0.0199688501095
0.0199922856397
0.0200162933148
0.0200408634296
0.0200659846574
0.0200916438122
0.0201178256114
0.0201445124424
0.0201716841409
0.0201993177842
0.0202273875062
0.0202558643392
0.0202847160878
0.0203139072387
0.0203433989112
0.0203731488521
0.0204031114768
0.0204332379586
0.0204634763686
0.020493771864
0.0205240669256
0.0205543016419
0.020584414038
0.0206143404449
0.0206440159057
0.020673374614
0.0207023503797
0.0207308771152
0.0207588893391
0.0207863226879
0.0208131144335
0.0208392039974
0.0208645334579
0.0208890480443
0.0209126966113
0.0209354320903
0.0209572119115
0.0209779983914
0.0209977590826
0.02101646708
0.0210341012797
0.0210506465879
0.0210660940735
0.021080441064
0.0210936911805
0.0211058543092
0.0211169465096
0.0211269898564
0.0211360122178
0.0211440469689
0.0211511326449
0.021157312536
0.0211626342292
0.0211671491039
0.0211709117867
0.0211739795754
0.0211764118392
0.0211782694073
0.0211796139525
0.0211805073837
0.0211810112542
0.021181186197
0.0211810913949
0.021180784094
0.0211803191661
0.0211797487261
0.0211791218071
0.0211784840964
0.0211778777325
0.0211773411615
0.021176909053
0.0211766122704
0.0211764778916
0.0211765292767
0.0211767861753
0.0211772648691
0.0211779783429
0.0211789364786
0.021180146267
0.0211816120304
0.0211833356536
0.0211853168156
0.0211875532217
0.0211900408295
0.0211927740683
0.0211957460479
0.0211989487565
0.0212023732456
0.0212060098016
0.0212098481028
0.0212138773628
0.0212180864598
0.021222464052
0.0212269986804
0.0212316788586
0.0212364931515
0.0212414302429
0.0212464789934
0.0212516284888
0.0212568680807
