0.00698182824354
0.0069686825058
0.0069556955204
0.00694288191373
0.00693025610516
0.00691783221625
0.0069056239769
0.00689364462907
0.0068819068292
0.0068704225503
0.00685920298492
0.00684825845026
0.00683759829692
0.00682723082257
0.00681716319211
0.0068074013658
0.00679795003696
0.00678881258048
0.00677999101371
0.00677148597093
0.00676329669246
0.00675542102937
0.00674785546445
0.00674059514996
0.0067336339622
0.00672696457285
0.0067205785366
0.00671446639432
0.00670861779061
0.0067030216045
0.00669766609152
0.00669253903528
0.00668762790653
0.0066829200273
0.00667840273795
0.00667406356445
0.00666989038372
0.00666587158441
0.00666199622092
0.00665825415846
0.00665463620708
0.00665113424281
0.0066477413143
0.00664445173341
0.0066412611485
0.00663816659931
0.00663516655262
0.00663226091771
0.00662945104131
0.00662673968136
0.00662413095933
0.00662163029102
0.00661924429575
0.00661698068417
0.00661484812511
0.00661285609215
0.00661101469094
0.00660933446854
0.00660782620674
0.00660650070144
0.00660536853099
0.00660443981666
0.00660372397925
0.00660322949607
0.00660296366324
0.00660293236869
0.00660313988134
0.00660358866261
0.00660427920602
0.0066052099109
0.00660637699584
0.00660777445692
0.00660939407532
0.00661122547766
0.00661325625172
0.00661547211856
0.00661785716067
0.00662039410449
0.00662306465346
0.00662584986665
0.00662873057603
0.00663168783387
0.00663470338072
0.00663776012278
0.00664084260692
0.00664393748083
0.00664703392573
0.00665012404884
0.00665320322392
0.00665627036854
0.00665932814842
0.00666238310064
0.00666544566951
0.006668530151
0.00667165454398
0.00667484030886
0.00667811203691
0.00668149703541
0.00668502483664
0.00668872664013
0.00669263469998
0.00669678166993
0.00670119992044
0.00670592084262
0.0067109741541
0.0067163872222
0.00672218441902
0.00672838652274
0.0067350101779
0.00674206742647
0.00674956531971
0.00675750561903
0.00676588459224
0.0067746929092
0.00678391563925
0.00679353235011
0.0068035173062
0.00681383976222
0.00682446434583
0.00683535152158
0.00684645812667
0.00685773796776
0.0068691424669
0.00688062134404
0.0068921233225
0.00690359684431
0.00691499078154
0.0069262551307
0.00693734167752
0.00694820462042
0.00695880114223
0.00696909192069
0.00697904157009
0.00698861900791
0.00699779774193
0.0070065560753
0.00701487722839
0.00702274937852
0.00703016561964
0.00703712384608
0.00704362656546
0.00704968064701
0.00705529701275
0.00706049027933
0.00706527835894
0.00706968202818
0.00707372447341
0.00707743082131
0.00708082766294
0.00708394257893
0.00708680367327
0.00708943912194
0.00709187674231
0.00709414358813
0.00709626557435
0.00709826713495
0.00710017091647
0.00710199750884
0.00710376521485
0.00710548985863
0.00710718463311
0.00710885998608
0.00711052354387
0.0071121800715
0.00711383146787
0.00711547679433
0.0071171123349
0.00711873168627
0.00712032587561
0.00712188350429
0.00712339091553
0.00712483238399
0.00712619032534
0.00712744552386
0.007128577376
0.00712956414814
0.00713038324632
0.00713101149609
0.00713142543041
0.00713160158356
0.00713151678883
0.00713114847812
0.00713047498097
0.00712947582113
0.00712813200819
0.00712642632227
0.00712434358935
0.00712187094528
0.00711899808596
0.00711571750195
0.00711202469517
0.0071079183758
0.00710340063764
0.00709847710993
0.00709315708435
0.00708745361538
0.00708138359309
0.007074967787
0.00706823086029
0.00706120135359
0.00705391163793
0.00704639783667
0.00703869971637
0.00703086054711
0.00702292693251
0.0070149486107
0.00700697822702
0.00699907108007
0.00699128484277
0.00698367926028
0.00697631582707
0.00696925744552
0.0069625680687
0.00695631233013
0.00695055516345
0.00694536141506
0.00694079545283
0.00693692077392
0.00693379961491
0.00693149256708
0.00693005819966
0.00692955269381
0.00693002948963
0.00693153894841
0.00693412803191
0.00693784000028
0.00694271412982
0.00694878545155
0.00695608451109
0.00696463715043
0.00697446431156
0.00698558186201
0.00699800044226
0.00701172533473
0.00702675635437
0.00704308776083
0.00706070819237
0.00707960062199
0.00709974233659
0.00712110494019
0.00714365438274
0.00716735101637
0.0071921496811
0.00721799982272
0.00724484564523
0.00727262630072
0.00730127611924
0.00733072488131
0.00736089813502
0.00739171755938
0.00742310137478
0.00745496480047
0.00748722055807
0.00751977941891
0.00755255079168
0.00758544334575
0.00761836566403
0.00765122691824
0.00768393755803
0.00771641000468
0.0077485593392
0.00778030397395
0.00781156629698
0.00784227327783
0.00787235702429
0.00790175527993
0.00793041185323
0.00795827697036
0.00798530754503
0.00801146736045
0.0080367271604
0.00806106464793
0.00808446439269
0.00810691764931
0.00812842209152
0.00814898146821
0.00816860518955
0.00818730785231
0.00820510871525
0.00822203113571
0.00823810197989
0.008253351019
0.00826781032405
0.00828151367128
0.0082944959701
0.00830679272416
0.00831843953549
0.00832947165973
0.00833992361965
0.00834982888166
0.00835921959895
0.00836812642239
0.00837657837891
0.00838460281491
0.00839222540063
0.00839947018979
0.00840635972729
0.00841291519666
0.00841915659792
0.00842510294602
0.00843077247943
0.00843618286879
0.00844135141564
0.00844629523187
0.00845103139178
0.00845557704932
0.00845994951508
0.00846416628886
0.00846824504535
0.00847220357262
0.00847605966445
0.00847983096963
0.00848353480282
0.00848718792322
0.0084908062882
0.00849440479057
0.00849799698834
0.00850159483673
0.0085052084318
0.00850884577541
0.00851251257003
0.00851621205178
0.00851994486839
0.00852370900784
0.00852749978188
0.00853130986675
0.00853512940203
0.00853894614649
0.00854274568829
0.00854651170481
0.00855022626629
0.0085538701755
0.00855742333468
0.00856086512981
0.00856417482148
0.00856733193101
0.00857031661027
0.00857310998357
0.00857569445028
0.00857805393755
0.00858017409324
0.00858204241042
0.00858364827626
0.00858498293969
0.00858603939441
0.00858681217548
0.00858729707053
0.00858749074846
0.00858739031141
0.00858699277761
0.00858629450568
0.0085852905724
0.00858397411861
0.00858233567888
0.00858036251236
0.0085780379528
0.00857534079643
0.00857224474602
0.00856871792944
0.00856472250988
0.00856021440358
0.0085551431198
0.00854945173548
0.00854307701542
0.00853594968671
0.00852799487415
0.00851913270136
0.00850927906048
0.00849834655147
0.00848624559027
0.00847288568331
0.00845817686392
0.00844203128407
0.00842436495246
0.00840509960693
0.00838416470556
0.0083614995167
0.00833705528289
0.008310797428
0.0082827077702
0.0082527866968
0.00822105524941
0.00818755706127
0.00815236008248
0.00811555802398
0.00807727144855
0.00803764843719
0.00799686476291
0.00795512351095
0.00791265409675
0.0078697106486
0.00782656974196
0.0077835274959
0.0077408960677
0.00769899960806
0.00765816976529
0.00761874084964
0.00758104478842
0.007545406015
0.00751213644125
0.00748153066133
0.00745386152554
0.0074293762066
0.00740829285865
0.00739079794227
0.0073770442601
0.00736714971776
0.00736119679636
0.00735923269793
0.00736127010394
0.00736728847114
0.00737723577889
0.0073910306368
0.00740856466181
0.00742970503785
0.00745429717895
0.00748216742657
0.00751312572337
0.00754696821738
0.00758347976254
0.00762243629236
0.00766360705296
0.00770675669031
0.00775164719245
0.00779803969276
0.00784569614305
0.00789438086732
0.00794386200704
0.00799391286836
0.00804431318003
0.00809485026862
0.00814532015504
0.00819552857411
0.00824529191546
0.00829443808251
0.00834280726351
0.00839025260734
0.00843664079564
0.00848185250216
0.00852578273077
0.00856834102392
0.00860945153502
0.0086490529599
0.00868709832487
0.0087235546318
0.00875840236301
0.00879163485241
0.00882325753187
0.00885328706485
0.00888175038192
0.00890868363507
0.00893413108965
0.00895814397394
0.00898077930744
0.00900209872901
0.00902216734581
0.0090410526231
0.00905882333358
0.00907554858319
0.00909129692786
0.00910613559362
0.00912012980909
0.009133342257
0.00914583264811
0.00915765741804
0.00916886954477
0.00917951848161
0.00918965019843
0.00919930732146
0.00920852936019
0.00921735300861
0.00922581250674
0.00923394004771
0.00924176621526
0.00924932043668
0.0092566314363
0.00926372767549
0.00927063776602
0.0092773908448
0.00928401689974
0.00929054703763
0.00929701368737
0.00930345073329
0.00930989357567
0.00931637911738
0.00932294567768
0.00932963283615
0.0093364812114
0.00934353218103
0.00935082755039
0.0093584091793
0.00936631857612
0.00937459646966
0.00938328236912
0.00939241412249
0.00940202748318
0.00941215569387
0.00942282909593
0.00943407477107
0.00944591622109
0.00945837308983
0.00947146093007
0.00948519101691
0.00949957020751
0.00951460084622
0.00953028071267
0.00954660301006
0.00956355638969
0.00958112500776
0.00959928861
0.00961802263973
0.00963729836526
0.00965708302255
0.00967733996984
0.00969802885135
0.00971910576792
0.009740523453
0.00976223145335
0.00978417631434
0.00980630177047
0.00982854894236
0.00985085654198
0.00987316108817
0.00989539713506
0.00991749751575
0.00993939360402
0.00996101559631
0.0099822928162
0.010003154043
0.0100235278655
0.0100433430613
0.0100625290012
0.0100810160778
0.010098736155
0.0101156230369
0.010131612951
0.0101466450406
0.0101606618621
0.0101736098797
0.0101854399518
0.0101961078008
0.0102055744605
0.0102138066932
0.0102207773694
0.0102264658036
0.0102308580414
0.0102339470904
0.0102357330926
0.0102362234338
0.0102354327879
0.0102333830943
0.0102301034691
0.0102256300501
0.0102200057776
0.0102132801141
0.0102055087063
0.0101967529939
0.0101870797711
0.0101765607044
0.0101652718161
0.0101532929363
0.0101407071328
0.0101276001248
0.0101140596861
0.0101001750464
0.0100860362948
0.0100717337945
0.0100573576118
0.0100429969667
0.0100287397096
0.0100146718285
0.010000876991
0.00998743612354
0.00997442703287
0.00996192406868
0.00994999783146
0.0099387149247
0.00992813775195
0.00991832435766
0.00990932831042
0.00990119862625
0.00989397972914
0.00988771144538
0.00988242902769
0.00987816320481
0.00987494025194
0.009872782077
0.00987170631791
0.00987172644599
0.00987285187074
0.00987508804162
0.00987843654298
0.00988289517879
0.00988845804441
0.00989511558351
0.00990285462918
0.00991165842889
0.00992150665409
0.00993237539607
0.0099442371507
0.0099570607952
0.00997081156121
0.00998545100886
0.0100009370069
0.010017223725
0.0100342616428
0.0100519975828
0.0100703747721
0.0100893329369
0.0101088084366
0.0101287344383
0.0101490411371
0.0101696560221
0.0101905041885
0.010211508697
0.0102325909747
0.0102536712588
0.0102746690739
0.010295503741
0.0103160949096
0.0103363631056
0.0103562302884
0.0103756204078
0.0103944599527
0.0104126784837
0.0104302091418
0.0104469891252
0.010462960129
0.0104780687418
0.0104922667934
0.0105055116527
0.0105177664715
0.0105290003734
0.0105391885891
0.0105483125372
0.010556359854
0.0105633243738
0.0105692060638
0.0105740109169
0.0105777508071
0.0105804433103
0.0105821114969
0.010582783698
0.0105824932506
0.0105812782242
0.0105791811323
0.0105762486312
0.0105725312073
0.0105680828556
0.0105629607491
0.0105572248995
0.0105509378113
0.0105441641256
0.0105369702573
0.0105294240217
0.0105215942533
0.0105135504149
0.0105053621974
0.0104970991128
0.0104888300799
0.0104806230054
0.010472544364
0.0104646587789
0.0104570286093
0.0104497135474
0.0104427702313
0.0104362518802
0.0104302079555
0.0104246838569
0.0104197206571
0.0104153548823
0.0104116183426
0.0104085380175
0.0104061360002
0.0104044295015
0.0104034309167
0.0104031479532
0.0104035838178
0.010404737461
0.0104066038716
0.0104091744178
0.0104124372249
0.0104163775824
0.0104209783698
0.0104262204918
0.0104320833111
0.0104385450679
0.0104455832766
0.0104531750881
0.0104612976089
0.0104699281692
0.0104790445323
0.0104886250406
0.0104986486951
0.0105090951652
0.0105199447323
0.0105311781658
0.0105427765402
0.0105547209955
0.0105669924526
0.0105795712909
0.0105924370008
0.0106055678209
0.010618940375
0.0106325293201
0.0106463070183
0.0106602432463
0.0106743049528
0.0106884560755
0.010702657426
0.0107168666505
0.010731038272
0.0107451238168
0.0107590720273
0.0107728291588
0.010786339358
0.0107995451166
0.0108123877923
0.0108248081884
0.0108367471793
0.0108481463701
0.0108589487769
0.0108690995126
0.0108785464656
0.0108872409551
0.0108951383519
0.0109021986503
0.0109083869816
0.0109136740584
0.0109180365431
0.0109214573341
0.0109239257674
0.0109254377306
0.0109259956912
0.0109256086409
0.0109242919607
0.0109220672128
0.0109189618652
0.0109150089591
0.010910246726
0.0109047181647
0.0108984705878
0.0108915551461
0.0108840263405
0.0108759415292
0.0108673604382
0.0108583446816
0.0108489572975
0.0108392623039
0.0108293242799
0.0108192079719
0.0108089779308
0.0107986981763
0.0107884318928
0.010778241153
0.0107681866684
0.0107583275658
0.0107487211852
0.010739422898
0.01073048594
0.0107219612569
0.0107138973577
0.010706340172
0.0106993329074
0.0106929159026
0.0106871264728
0.0106819987446
0.0106775634763
0.0106738478626
0.010670875322
0.0106686652663
0.0106672328522
0.0106665887186
0.0106667387103
0.0106676835944
0.0106694187739
0.0106719340064
0.0106752131348
0.010679233842
0.0106839674367
0.0106893786839
0.0106954256905
0.0107020598568
0.0107092259072
0.0107168620075
0.0107248999811
0.01073326563
0.0107418791668
0.0107506557628
0.0107595062114
0.0107683377077
0.0107770547386
0.0107855600768
0.010793755871
0.0108015448168
0.0108088313969
0.0108155231722
0.0108215321061
0.010826775901
0.0108311793277
0.0108346755246
0.0108372072455
0.0108387280344
0.0108392033047
0.0108386113051
0.0108369439491
0.0108342074944
0.0108304230526
0.0108256269175
0.0108198706995
0.0108132212553
0.0108057604092
0.0107975844585
0.0107888034652
0.0107795403341
0.0107699296841
0.0107601165219
0.0107502547288
0.0107405053796
0.0107310349099
0.0107220131576
0.0107136113015
0.010705999729
0.0106993458609
0.0106938119687
0.0106895530174
0.010686714569
0.010685430782
0.0106858225402
0.0106879957421
0.0106920397825
0.0106980262497
0.0107060078632
0.0107160176667
0.0107280684909
0.0107421526928
0.0107582421726
0.0107762886659
0.0107962243009
0.0108179624095
0.010841398573
0.0108664118819
0.0108928663864
0.0109206127115
0.0109494898088
0.0109793268182
0.0110099450114
0.0110411597892
0.0110727827081
0.0111046235103
0.011136492135
0.0111682006895
0.0111995653614
0.0112304082535
0.0112605591274
0.0112898570391
0.0113181518559
0.0113453056408
0.0113711938944
0.0113957066437
0.0114187493679
0.011440243753
0.011460128266
0.0114783585432
0.0114949075846
0.0115097657517
0.0115229405652
0.0115344563015
0.0115443533918
0.011552687626
0.0115595291717
0.0115649614184
0.0115690796613
0.011571989643
0.0115738059747
0.0115746504596
0.0115746503474
0.0115739365454
0.0115726418195
0.0115708990123
0.0115688393111
0.0115665905944
0.0115642758837
0.011562011927
0.0115599079357
0.011558064493
0.0115565726488
0.0115555132096
0.0115549562306
0.0115549607096
0.0115555744785
0.0115568342855
0.0115587660549
0.01156138531
0.01156469774
0.0115686998895
0.01157337995
0.0115787186268
0.0115846900592
0.0115912627674
0.0115984006046
0.0116060636892
0.0116142092976
0.0116227926971
0.0116317679037
0.011641088349
0.0116507074458
0.0116605790445
0.0116706577754
0.0116808992751
0.0116912602991
0.0117016987266
0.011712173464
0.0117226442613
0.0117330714535
0.0117434156452
0.0117536373572
0.0117636966569
0.0117735527933
0.0117831638613
0.0117924865173
0.0118014757689
0.0118100848582
0.011818265259
0.0118259668009
0.0118331379312
0.0118397261207
0.0118456784137
0.0118509421142
0.0118554655985
0.0118591992329
0.0118620963737
0.0118641144192
0.0118652158806
0.0118653694336
0.0118645509159
0.0118627442311
0.0118599421243
0.0118561467998
0.0118513703516
0.0118456349895
0.0118389730457
0.0118314267577
0.0118230478273
0.0118138967666
0.0118040420443
0.0117935590533
0.0117825289248
0.0117710372174
0.0117591725099
0.0117470249314
0.0117346846593
0.0117222404158
0.0117097779947
0.0116973788453
0.0116851187411
0.0116730665575
0.0116612831818
0.0116498205753
0.0116387210052
0.0116280164633
0.0116177282831
0.0116078669659
0.0115984322226
0.0115894132348
0.0115807891337
0.0115725296921
0.01156459622
0.0115569426486
0.0115495167845
0.0115422617086
0.0115351172932
0.0115280218041
0.0115209135526
0.0115137325613
0.0115064222052
0.0114989307898
0.01149121303
0.011483231396
0.0114749572953
0.0114663720654
0.0114574677546
0.0114482476786
0.0114387267411
0.0114289315161
0.0114189000949
0.0114086817053
0.0113983361156
0.0113879328406
0.0113775501704
0.0113672740446
0.0113571967969
0.0113474157968
0.0113380320143
0.011329148534
0.0113208690452
0.0113132963318
0.0113065307852
0.0113006689631
0.0112958022122
0.0112920153743
0.011289385591
0.0112879812223
0.0112878608905
0.0112890726617
0.0112916533727
0.0112956281136
0.011301009871
0.011307799338
0.0113159848955
0.0113255427683
0.0113364373566
0.0113486217438
0.0113620383799
0.0113766199343
0.0113922903148
0.0114089658402
0.0114265565564
0.0114449676766
0.0114641011269
0.0114838571693
0.0115041360732
0.0115248398012
0.0115458736701
0.0115671479487
0.0115885793483
0.0116100923672
0.0116316204491
0.0116531069214
0.0116745056853
0.0116957816375
0.0117169108135
0.0117378802503
0.011758687581
0.011779340378
0.0117998552769
0.0118202569136
0.0118405767184
0.0118608516094
0.0118811226295
0.0119014335703
0.0119218296195
0.0119423560681
0.0119630571011
0.0119839746951
0.0120051476341
0.0120266106522
0.0120483937043
0.0120705213625
0.0120930123321
0.012115879079
0.0121391275584
0.0121627570364
0.0121867599946
0.01221112211
0.0122358223045
0.0122608328595
0.012286119592
0.012311642093
0.0123373540267
0.0123632034934
0.0123891334562
0.0124150822342
0.0124409840622
0.012466769717
0.0124923672078
0.0125177025269
0.0125427004533
0.0125672854009
0.012591382299
0.0126149174917
0.01263781964
0.0126600206088
0.0126814563219
0.0127020675651
0.0127218007206
0.0127406084165
0.0127584500766
0.0127752923598
0.0127911094802
0.0128058834043
0.0128196039236
0.0128322686061
0.0128438826329
0.0128544585297
0.0128640158057
0.0128725805137
0.0128801847477
0.0128868660953
0.0128926670599
0.0128976344711
0.0129018188971
0.0129052740733
0.012908056359
0.012910224233
0.0129118378333
0.0129129585486
0.0129136486621
0.0129139710501
0.0129139889308
0.0129137656618
0.0129133645786
0.0129128488672
0.0129122814617
0.0129117249568
0.0129112415238
0.0129108928198
0.0129107398787
0.0129108429726
0.0129112614349
0.012912053436
0.0129132757055
0.0129149831971
0.012917228694
0.0129200623568
0.0129235312189
0.0129276786372
0.012932543709
0.0129381606698
0.0129445582889
0.0129517592801
0.012959779749
0.0129686286948
0.0129783075884
0.0129888100415
0.0130001215845
0.0130122195636
0.0130250731652
0.0130386435725
0.0130528842518
0.0130677413655
0.0130831543012
0.0130990563066
0.0131153752134
0.013132034235
0.013148952819
0.0131660475384
0.0131832330024
0.0132004227714
0.0132175302634
0.0132344696369
0.0132511566425
0.0132675094345
0.0132834493363
0.0132989015567
0.0133137958533
0.0133280671431
0.0133416560575
0.0133545094437
0.0133665808105
0.0133778307181
0.0133882271111
0.013397745594
0.0134063696443
0.0134140907638
0.013420908562
0.0134268307707
0.0134318731841
0.013436059524
0.0134394212257
0.0134419971441
0.0134438331808
0.013444981831
0.0134455016568
0.0134454566872
0.0134449157555
0.0134439517787
0.0134426409907
0.013441062139
0.0134392956569
0.0134374228247
0.0134355249315
0.0134336824511
0.013431974245
0.0134304768032
0.0134292635338
0.0134284041117
0.0134279638924
0.0134280033995
0.0134285778882
0.0134297369893
0.0134315244346
0.0134339778624
0.013437128703
0.0134410021396
0.0134456171412
0.0134509865629
0.0134571173065
0.0134640105361
0.0134716619412
0.0134800620407
0.0134891965203
0.0134990465959
0.0135095893965
0.0135207983587
0.0135326436273
0.0135450924549
0.0135581095952
0.0135716576838
0.0135856976029
0.013600188825
0.0136150897319
0.0136303579066
0.013645950396
0.013661823943
0.0136779351866
0.0136942408322
0.0137106977912
0.0137272632923
0.0137438949674
0.0137605509151
0.0137771897446
0.013793770605
0.0138102532047
0.0138265978245
0.0138427653299
0.0138587171874
0.0138744154884
0.0138898229857
0.0139049031456
0.0139196202184
0.0139339393302
0.0139478265967
0.0139612492595
0.0139741758455
0.0139865763462
0.0139984224175
0.0140096875938
0.0140203475158
0.0140303801655
0.014039766104
0.0140484887079
0.0140565343972
0.0140638928499
0.0140705571983
0.0140765242
0.0140817943806
0.0140863721423
0.0140902658344
0.0140934877844
0.0140960542848
0.0140979855363
0.0140993055468
0.0141000419852
0.0141002259937
0.0140998919599
0.0140990772524
0.0140978219246
0.0140961683907
0.014094161081
0.0140918460817
0.0140892707655
0.0140864834199
0.0140835328805
0.0140804681737
0.0140773381774
0.0140741913026
0.0140710752031
0.0140680365157
0.0140651206345
0.0140623715212
0.0140598315535
0.0140575414095
0.0140555399886
0.0140538643649
0.014052549772
0.0140516296109
0.0140511354802
0.0140510972181
0.0140515429532
0.0140524991537
0.0140539906714
0.0140560407697
0.0140586711328
0.0140619018478
0.0140657513553
0.0140702363677
0.0140753717493
0.0140811703633
0.0140876428835
0.0140947975796
0.0141026400785
0.0141111731145
0.0141203962753
0.0141303057587
0.0141408941509
0.0141521502422
0.0141640588903
0.014176600947
0.0141897532567
0.0142034887365
0.0142177765448
0.0142325823392
0.0142478686266
0.0142635951992
0.0142797196515
0.0142961979679
0.0143129851687
0.014330036001
0.0143473056582
0.0143647505137
0.0143823288505
0.0144000015735
0.014417732888
0.0144354909337
0.0144532483611
0.0144709828411
0.0144886775018
0.014506321285
0.01452390922
0.0145414426112
0.0145589291389
0.0145763828726
0.0145938241988
0.0146112796622
0.0146287817249
0.0146463684424
0.0146640830615
0.0146819735408
0.014700091997
0.0147184940808
0.0147372382858
0.0147563851957
0.0147759966758
0.0147961350154
0.0148168620316
0.0148382381443
0.0148603214354
0.0148831667087
0.0149068245649
0.0149313405145
0.0149567541455
0.0149830983705
0.0150103987744
0.0150386730848
0.0150679307864
0.0150981728986
0.0151293919315
0.0151615720334
0.0151946893364
0.0152287125016
0.015263603461
0.015299318345
0.0153358085796
0.0153730221325
0.015410904881
0.0154494020716
0.0154884598389
0.0155280267495
0.0155680553361
0.0156085035884
0.0156493363705
0.0156905267359
0.0157320571164
0.0157739203646
0.0158161206349
0.0158586740908
0.0159016094325
0.0159449682404
0.0159888051338
0.016033187747
0.0160781965258
0.01612392435
0.0161704759857
0.0162179673752
0.0162665247668
0.0163162836935
0.0163673878015
0.0164199875366
0.0164742386906
0.0165303008141
0.0165883354997
0.0166485045438
0.0167109679925
0.0167758820836
0.0168433970941
0.01691365511
0.0169867877334
0.0170629137487
0.0171421367709
0.0172245429018
0.017310198425
0.0173991475706
0.0174914103852
0.0175869807428
0.017685824535
0.0177878780785
0.0178930467781
0.0180012040818
0.0181121907646
0.0182258145717
0.018341850253
0.0184600400108
0.0185800943832
0.0187016935759
0.0188244892517
0.0189481067774
0.0190721479235
0.0191961940026
0.0193198094243
0.0194425456388
0.0195639454298
0.0196835475126
0.019800891383
0.0199155223573
0.0200269967344
0.0201348870065
0.0202387870393
0.0203383171368
0.0204331289062
0.0205229098329
0.0206073874795
0.0206863332246
0.0207595654594
0.0208269521715
0.0208884128497
0.0209439196576
0.0209934978366
0.0210372253131
0.0210752314993
0.0211076952984
0.0211348423354
0.0211569414574
0.0211743005601
0.0211872618119
0.0211961963609
0.021201498619
0.0212035802271
0.0212028638072
0.0211997766124
0.0211947441845
0.0211881841235
0.0211805000709
0.0211720759988
0.0211632708893
0.0211544138772
0.0211457999189
0.0211376860395
0.0211302881984
0.0211237788031
0.0211182848907
0.0211138869879
0.0211106186496
0.0211084666713
0.0211073719585
0.0211072310342
0.0211078981558
0.0211091880066
0.0211108789226
0.0211127166069
0.0211144182792
0.0211156772
0.0211161675062
0.0211155492846
0.0211134738084
0.0211095888565
0.0211035440308
0.021094995987
0.0210836134946
0.0210690822422
0.0210511093109
0.0210294272433
0.0210037976461
0.0209740142729
0.0209399055472
0.0209013365001
0.0208582101074
0.0208104680301
0.0207580907719
0.0207010972823
0.020639544044
0.0205735236945
0.0205031632372
0.0204286219039
0.0203500887332
0.0202677799279
0.020181936057
0.0200928191595
0.0200007098057
0.0199059041641
0.0198087111158
0.0197094494493
0.0196084451643
0.019506028902
0.0194025335165
0.0192982917944
0.019193634324
0.0190888875144
0.0189843717596
0.0188803997409
0.0187772748639
0.0186752898208
0.0185747252742
0.0184758486587
0.0183789130971
0.0182841564319
0.0181918003737
0.0181020497697
0.0180150919978
0.0179310964912
0.0178502144005
0.0177725783981
0.0176983026291
0.0176274828132
0.0175601964946
0.0174965034417
0.0174364461871
0.0173800507021
0.0173273271919
0.0172782709983
0.01723286359
0.0171910736233
0.0171528580502
0.0171181632528
0.0170869261812
0.0170590754741
0.0170345325409
0.0170132125878
0.0169950255719
0.0169798770698
0.0169676690514
0.0169583005523
0.0169516682416
0.0169476668856
0.0169461897111
0.0169471286739
0.016950374643
0.0169558175104
0.0169633462398
0.0169728488689
0.0169842124803
0.0169973231553
0.0170120659267
0.0170283247439
0.0170459824644
0.0170649208821
0.0170850208027
0.0171061621739
0.0171282242746
0.0171510859669
0.0171746260108
0.0171987234389
0.0172232579888
0.0172481105846
0.0172731638616
0.0172983027239
0.0173234149254
0.0173483916634
0.0173731281732
0.0173975243145
0.0174214851372
0.0174449214194
0.0174677501675
0.0174898950721
0.0175112869126
0.017531863907
0.0175515720032
0.017570365109
0.0175882052599
0.0176050627259
0.0176209160562
0.0176357520643
0.0176495657562
0.0176623602013
0.0176741463518
0.0176849428107
0.0176947755518
0.0177036775936
0.017711688631
0.0177188546239
0.0177252273481
0.0177308639084
0.0177358262164
0.0177401804349
0.0177439963921
0.0177473469664
0.0177503074462
0.0177529548669
0.0177553673293
0.0177576233029
0.0177598009206
0.0177619772677
0.0177642276745
0.0177666250154
0.0177692390253
0.0177721356389
0.0177753763615
0.0177790176802
0.0177831105236
0.0177876997793
0.0177928238766
0.0177985144437
0.0178047960463
0.0178116860142
0.0178191943619
0.0178273238072
0.0178360698909
0.017845421199
0.017855359686
0.0178658610968
0.0178768954829
0.0178884278043
0.0179004186094
0.01791282478
0.0179256003293
0.0179386972362
0.0179520663008
0.0179656580024
0.017979423341
0.0179933146451
0.0180072863261
0.0180212955615
0.0180353028908
0.0180492727098
0.0180631736491
0.0180769788289
0.018090665981
0.0181042174369
0.0181176199782
0.0181308645555
0.0181439458814
0.0181568619059
0.0181696131901
0.0181822021917
0.0181946324821
0.0182069079138
0.0182190317619
0.0182310058609
0.0182428297595
0.0182544999189
0.0182660089731
0.0182773450755
0.0182884913488
0.0182994254566
0.0183101193103
0.0183205389237
0.0183306444231
0.0183403902189
0.0183497253394
0.018358593927
0.018366935889
0.0183746876975
0.0183817833244
0.0183881552978
0.0183937358628
0.0183984582255
0.0184022578598
0.0184050738517
0.0184068502573
0.018407537448
0.0184070934163
0.0184054850166
0.0184026891148
0.018398693622
0.0183934983893
0.0183871159425
0.0183795720386
0.0183709060265
0.0183611710018
0.0183504337454
0.0183387744407
0.0183262861697
0.0183130741906
0.0182992550049
0.0182849552263
0.0182703102677
0.0182554628665
0.0182405614715
0.01822575852
0.0182112086327
0.0181970667605
0.0181834863133
0.018170617308
0.018158604565
0.018147585989
0.0181376909615
0.0181290388758
0.0181217378349
0.0181158835373
0.0181115583625
0.0181088306701
0.0181077543186
0.0181083684032
0.0181106972117
0.0181147503885
0.0181205232949
0.0181279975498
0.0181371417315
0.0181479122192
0.0181602541513
0.0181741024761
0.018189383071
0.0182060139063
0.018223906231
0.0182429657592
0.0182630938373
0.0182841885768
0.0183061459364
0.0183288607417
0.0183522276352
0.0183761419469
0.0184005004843
0.0184252022374
0.0184501490003
0.0184752459107
0.0185004019106
0.0185255301325
0.0185505482165
0.0185753785655
0.018599948542
0.0186241906166
0.0186480424711
0.0186714470649
0.0186943526685
0.0187167128706
0.0187384865621
0.0187596379011
0.0187801362628
0.0187999561753
0.0188190772434
0.0188374840624
0.0188551661211
0.0188721176942
0.018888337725
0.0189038296959
0.0189186014871
0.0189326652228
0.0189460371029
0.0189587372206
0.0189707893648
0.0189822208075
0.0189930620753
0.019003346707
0.0190131109966
0.0190223937232
0.0190312358706
0.0190396803364
0.0190477716347
0.0190555555936
0.0190630790506
0.0190703895486
0.0190775350354
0.0190845635693
0.0190915230331
0.0190984608599
0.0191054237717
0.0191124575342
0.0191196067271
0.0191269145334
0.0191344225467
0.0191421705965
0.0191501965926
0.0191585363859
0.0191672236456
0.01917628975
0.0191857636897
0.0191956719798
0.0192060385797
0.019216884816
0.0192282293076
0.0192400878887
0.0192524735284
0.0192653962442
0.0192788630084
0.0192928776454
0.0193074407202
0.0193225494188
0.0193381974202
0.0193543747642
0.0193710677158
0.0193882586316
0.0194059258318
0.0194240434835
0.0194425815016
0.0194615054735
0.0194807766146
0.0195003517616
0.0195201834113
0.0195402198106
0.0195604051055
0.0195806795533
0.0196009798033
0.0196212392495
0.0196413884566
0.0196613556599
0.0196810673369
0.0197004488485
0.0197194251413
0.0197379215066
0.0197558643834
0.0197731821963
0.0197898062131
0.0198056714087
0.0198207173192
0.0198348888702
0.0198481371616
0.0198604201946
0.0198717035232
0.0198819608174
0.0198911743243
0.0198993352169
0.0199064438221
0.019912509722
0.0199175517256
0.019921597712
0.0199246843453
0.01992685667
0.0199281675925
0.0199286772607
0.0199284523531
0.0199275652915
0.0199260933923
0.0199241179719
0.0199217234212
0.0199189962655
0.0199160242238
0.0199128952816
0.0199096967893
0.0199065145971
0.0199034322366
0.0199005301545
0.0198978850067
0.019895569015
0.0198936493889
0.0198921878145
0.019891240009
0.0198908553395
0.0198910765046
0.0198919392743
0.0198934722872
0.0198956968994
0.019898627084
0.0199022693781
0.019906622875
0.0199116792621
0.0199174229032
0.0199238309682
0.0199308736115
0.0199385142048
0.0199467096271
0.0199554106202
0.019964562214
0.0199741042298
0.0199839718676
0.0199940963806
0.0200044058434
0.0200148260115
0.0200252812706
0.0200356956697
0.0200459940234
0.0200561030701
0.0200659526609
0.020075476954
0.0200846155815
0.0200933147554
0.0201015282751
0.0201092184008
0.0201163565586
0.0201229238471
0.0201289113238
0.0201343200548
0.0201391609244
0.0201434542076
0.020147228923
0.0201505219884
0.0201533772136
0.020155844168
0.0201579769664
0.0201598330149
0.0201614717616
0.0201629534904
0.0201643381911
0.0201656845359
0.0201670489817
0.0201684850118
0.0201700425254
0.0201717673734
0.0201737010368
0.0201758804375
0.0201783378693
0.0201811010336
0.0201841931634
0.0201876332195
0.0201914361412
0.0201956131366
0.0202001719979
0.0202051174276
0.0202104513648
0.0202161733014
0.0202222805792
0.0202287686618
0.0202356313745
0.0202428611101
0.0202504489959
0.0202583850218
0.0202666581282
0.0202752562559
0.0202841663586
0.0202933743833
0.0203028652214
0.0203126226372
0.0203226291804
0.0203328660913
0.0203433132064
0.0203539488745
0.020364749894
0.0203756914802
0.0203867472737
0.0203978893972
0.0204090885697
0.0204203142833
0.0204315350449
0.0204427186844
0.0204538327263
0.020464844819
0.0204757232124
0.0204864372716
0.0204969580136
0.0205072586486
0.02051731511
0.0205271065547
0.0205366158173
0.020545829801
0.0205547397947
0.0205633417025
0.0205716361813
0.0205796286807
0.0205873293853
0.0205947530632
0.0206019188244
0.0206088497997
0.0206155727476
0.0206221176025
0.0206285169752
0.0206348056187
0.020641019871
0.0206471970882
0.0206533750773
0.0206595915403
0.0206658835396
0.0206722869908
0.0206788361935
0.0206855634038
0.020692498456
0.0206996684367
0.0207070974162
0.0207148062388
0.0207228123747
0.0207311298351
0.0207397691482
0.0207487373988
0.0207580383259
0.0207676724785
0.0207776374242
0.0207879280063
0.0207985366436
0.0208094536668
0.0208206676843
0.0208321659691
0.0208439348595
0.0208559601654
0.0208682275707
0.0208807230248
0.0208934331146
0.0209063454108
0.0209194487798
0.0209327336577
0.0209461922798
0.0209598188627
0.0209736097356
0.0209875634184
0.0210016806477
0.0210159643486
0.0210304195548
0.0210450532787
0.0210598743341
0.0210748931152
0.0210901213359
0.0211055717339
0.0211212577455
0.0211371931553
0.0211533917285
0.0211698668297
0.0211866310373
0.021203695758
0.0212210708492
0.0212387642552
0.0212567816654
0.0212751261993
0.0212937981257
0.0213127946214
0.0213321095752
0.0213517334408
0.0213716531441
0.0213918520452
0.0214123099588
0.0214330032328
0.0214539048836
0.0214749847867
0.0214962099188
0.0215175446472
0.0215389510598
0.0215603893309
0.0215818181133
0.0216031949503
0.021624476699
0.0216456199569
0.0216665814834
0.0216873186102
0.0217077896313
0.0217279541688
0.0217477735092
0.0217672109039
0.0217862318345
0.0218048042374
0.0218228986891
0.0218404885507
0.0218575500738
0.0218740624679
0.0218900079318
0.0219053716527
0.0219201417744
0.0219343093383
0.0219478682014
0.0219608149335
0.0219731486968
0.0219848711126
0.0219959861163
0.0220064998045
0.0220164202765
0.0220257574726
0.0220345230112
0.022042730026
0.0220503930061
0.0220575276391
0.0220641506585
0.0220702796967
0.0220759331448
0.0220811300176
0.0220858898275
0.0220902324639
