0.00656644208313
0.0065697194922
0.00657259543025
0.00657508354314
0.00657720020841
0.00657896458932
0.00658039866393
0.0065815272261
0.00658237785565
0.00658298085466
0.00658336914762
0.00658357814318
0.0065836455558
0.00658361118627
0.00658351666045
0.00658340512651
0.00658332091173
0.00658330914069
0.00658341531773
0.00658368487746
0.00658416270798
0.00658489265279
0.00658591699772
0.0065872759506
0.00658900712184
0.00659114501462
0.00659372053428
0.006596760526
0.00660028735073
0.00660431850844
0.00660886631756
0.00661393765899
0.00661953379148
0.00662565024472
0.00663227679438
0.00663939752207
0.0066469909614
0.00665503032921
0.00666348383941
0.00667231509457
0.00668148354888
0.00669094503405
0.00670065233846
0.00671055582812
0.00672060409747
0.00673074463693
0.00674092450398
0.00675109098449
0.00676119223145
0.00677117786905
0.00678099955107
0.00679061146408
0.00679997076759
0.00680903796501
0.00681777720163
0.00682615648747
0.0068341478453
0.00684172738577
0.00684887531372
0.00685557587119
0.00686181722394
0.00686759129977
0.00687289358709
0.00687772290322
0.00688208114152
0.00688597300656
0.00688940574574
0.00689238888531
0.0068949339772
0.0068970543626
0.0068987649562
0.00690008205412
0.00690102316696
0.00690160687816
0.00690185272641
0.00690178111012
0.00690141321053
0.00690077092991
0.00689987684007
0.006898754137
0.00689742659655
0.00689591852706
0.00689425471467
0.00689246035806
0.00689056098994
0.00688858238356
0.00688655044356
0.00688449108132
0.0068824300762
0.00688039292494
0.00687840468215
0.006876489796
0.0068746719434
0.00687297386967
0.00687141723773
0.00687002249209
0.00686880874251
0.0068677936722
0.00686699347453
0.00686642282193
0.00686609486958
0.00686602129592
0.0068662123806
0.00686667712003
0.00686742337925
0.00686845807806
0.00686978740831
0.00687141707837
0.00687335257993
0.0068755994716
0.00687816367311
0.00688105176337
0.00688427127529
0.00688783097997
0.00689174115278
0.00689601381375
0.00690066293491
0.00690570460749
0.00691115716232
0.00691704123725
0.00692337978627
0.00693019802567
0.00693752331375
0.0069453849616
0.00695381397361
0.00696284271805
0.006972504529
0.00698283324293
0.0069938626744
0.00700562603717
0.00701815531843
0.00703148061544
0.00704562944531
0.00706062603973
0.00707649063798
0.0070932387918
0.00711088069689
0.00712942056572
0.00714885605636
0.00716917777164
0.00719036884216
0.00721240460546
0.00723525239193
0.00725887142647
0.00728321285234
0.00730821988127
0.00733382807131
0.00735996573082
0.00738655444445
0.00741350971378
0.00744074170288
0.00746815607636
0.00749565491537
0.00752313769511
0.00755050230602
0.00757764609987
0.00760446694144
0.00763086424661
0.00765673998804
0.0076819996509
0.00770655312221
0.00773031549943
0.00775320780592
0.00777515760326
0.00779609949309
0.00781597550366
0.00783473535884
0.00785233663033
0.00786874477572
0.0078839330679
0.00789788242318
0.00791058113721
0.00792202453956
0.00793221457896
0.00794115935203
0.00794887258901
0.00795537311037
0.0079606842678
0.0079648333832
0.00796785119813
0.00796977134591
0.00797062985682
0.00797046470603
0.00796931541204
0.00796722269199
0.00796422817838
0.0079603741997
0.00795570362603
0.00795025977835
0.00794408639873
0.00793722767684
0.00792972832643
0.00792163370416
0.00791298996193
0.00790384422274
0.00789424476961
0.0078842412364
0.00787388478974
0.00786322829102
0.00785232642834
0.00784123580892
0.007830015004
0.00781872453908
0.00780742682468
0.00779618602392
0.00778506785557
0.00777413933276
0.00776346843984
0.00775312375122
0.00774317399805
0.00773368759003
0.00772473210075
0.0077163737262
0.00770867672663
0.00770170286264
0.00769551083619
0.00769015574759
0.00768568857857
0.00768215571145
0.00767959849323
0.00767805285256
0.00767754897624
0.00767811105089
0.00767975707369
0.00768249873507
0.00768634137454
0.00769128400969
0.00769731943689
0.00770443440112
0.00771260983112
0.00772182113505
0.00773203855089
0.00774322754525
0.00775534925329
0.00776836095242
0.00778221656167
0.00779686715899
0.00781226150822
0.00782834658803
0.00784506811517
0.00786237105477
0.00788020011118
0.00789850019301
0.00791721684729
0.00793629665784
0.00795568760406
0.00797533937727
0.00799520365209
0.00801523431165
0.00803538762593
0.00805562238339
0.0080758999765
0.00809618444288
0.00811644246377
0.00813664332241
0.00815675882519
0.00817676318883
0.00819663289695
0.00821634652993
0.00823588457179
0.00825522919816
0.00827436404935
0.00829327399275
0.00831194487851
0.00833036329286
0.00834851631302
0.00836639126775
0.00838397550779
0.00840125618983
0.00841822007809
0.008434853367
0.00845114152872
0.00846706918857
0.00848262003162
0.00849777674296
0.00851252098402
0.00852683340688
0.00854069370776
0.00855408072045
0.00856697254995
0.00857934674549
0.00859118051174
0.00860245095609
0.00861313536907
0.00862321153435
0.00863265806374
0.00864145475232
0.00864958294757
0.00865702592654
0.00866376927386
0.00866980125366
0.00867511316788
0.00867969969339
0.00868355919071
0.0086866939768
0.00868911055539
0.00869081979833
0.00869183707247
0.00869218230716
0.00869187999867
0.0086909591486
0.00868945313459
0.00868739951296
0.00868483975389
0.00868181891106
0.00867838522906
0.0086745896926
0.00867048552315
0.00866612762908
0.0086615720166
0.00865687516933
0.00865209340489
0.0086472822172
0.00864249561359
0.00863778545552
0.0086332008119
0.00862878733334
0.00862458665545
0.00862063583871
0.00861696685138
0.00861360610158
0.00861057402358
0.00860788472232
0.00860554567965
0.00860355752452
0.00860191386883
0.0086006012097
0.00859959889845
0.00859887917575
0.00859840727237
0.00859814157416
0.00859803385015
0.00859802954214
0.00859806811447
0.00859808346244
0.00859800437807
0.00859775507207
0.00859725575057
0.00859642324557
0.00859517169775
0.00859341328984
0.00859105902875
0.00858801957347
0.00858420610554
0.00857953123724
0.00857390995191
0.00856726056923
0.00855950572679
0.00855057336799
0.00854039772448
0.00852892028049
0.00851609070493
0.00850186773647
0.00848622000675
0.00846912678651
0.00845057864064
0.00843057797911
0.00840913949272
0.00838629046492
0.00836207095365
0.00833653384039
0.0083097447466
0.00828178182108
0.00825273540457
0.00822270758071
0.00819181162425
0.00816017135903
0.00812792043843
0.00809520156137
0.0080621656352
0.00802897089569
0.00799578199146
0.00796276903755
0.0079301066396
0.0078979728867
0.00786654830805
0.00783601478547
0.00780655441219
0.0077783482863
0.00775157522779
0.00772641040841
0.00770302388632
0.00768157904113
0.00766223091016
0.00764512443343
0.00763039262289
0.00761815468002
0.00760851409564
0.00760155677512
0.00759734924139
0.00759593697575
0.00759734296246
0.00760156650621
0.00760858239113
0.00761834044623
0.00763076557345
0.00764575828216
0.00766319575758
0.00768293347074
0.00770480731608
0.00772863623981
0.00775422530024
0.00778136908099
0.0078098553616
0.00783946893796
0.00786999547871
0.00790122530308
0.00793295697109
0.00796500058716
0.00799718073375
0.00802933896887
0.00806133584192
0.00809305240225
0.00812439119438
0.00815527675186
0.00818565561647
0.00821549592171
0.008244786588
0.00827353618257
0.00830177149916
0.00832953591273
0.00835688756173
0.00838389740698
0.00841064721101
0.00843722747656
0.00846373537722
0.00849027270795
0.00851694387837
0.00854385396725
0.00857110685325
0.00859880343401
0.00862703994338
0.00865590637527
0.00868548502116
0.00871584912821
0.00874706168393
0.00877917433394
0.00881222643856
0.00884624427447
0.00888124038721
0.00891721309984
0.00895414618285
0.00899200868927
0.00903075495799
0.00907032478697
0.00911064377648
0.00915162384072
0.00919316388421
0.00923515063741
0.00927745964392
0.00931995638955
0.00936249756143
0.00940493242379
0.00944710429495
0.00948885210898
0.00953001204391
0.00957041919794
0.00960990929396
0.00964832039296
0.0096854945965
0.00972127971901
0.00975553091126
0.00978811221706
0.00981889804648
0.00984777454991
0.00987464087881
0.00989941032017
0.00992201129335
0.00994238819926
0.00996050211326
0.0099763313146
0.00998987164647
0.0100011367021
0.0100101578332
0.0100169839795
0.0100216813171
0.0100243327283
0.0100250370918
0.0100239084009
0.0100210747112
0.0100166769277
0.0100108674393
0.0100038086133
0.0099956711628
0.00998663240474
0.00997687442605
0.00996658218001
0.00995594153541
0.00994513730378
0.00993435127082
0.00992376025929
0.00991353425097
0.00990383459488
0.0098948123279
0.00988660663278
0.00987934345569
0.00987313430333
0.00986807523584
0.00986424606863
0.00986170979198
0.00986051221374
0.00986068182593
0.00986222989286
0.0098651507542
0.00986942233345
0.00987500683921
0.00988185164415
0.00988989032446
0.00989904384095
0.00990922184165
0.00992032406488
0.00993224182136
0.00994485953341
0.00995805630962
0.00997170753332
0.00998568644388
0.00999986569028
0.0100141188373
0.0100283218059
0.01004235423
0.0100561007139
0.0100694519766
0.0100823058694
0.0100945682582
0.010106153762
0.0101169863427
0.0101269997441
0.0101361377814
0.0101443544844
0.0101516141008
0.0101578909703
0.0101631692793
0.0101674427124
0.0101707140136
0.0101729944759
0.0101743033752
0.0101746673654
0.0101741198519
0.0101727003574
0.0101704538946
0.0101674303571
0.0101636839365
0.0101592725736
0.010154257448
0.0101487025058
0.0101426740264
0.0101362402248
0.0101294708837
0.0101224370109
0.0101152105128
0.0101078638779
0.0101004698609
0.0100931011608
0.0100858300864
0.0100787282025
0.010071865954
0.010065312265
0.0100591341123
0.0100533960763
0.0100481598716
0.0100434838642
0.0100394225833
0.0100360262359
0.010033340236
0.0100314047591
0.0100302543342
0.0100299174857
0.0100304164347
0.0100317668724
0.0100339778112
0.0100370515232
0.0100409835686
0.0100457629156
0.0100513721535
0.0100577877928
0.0100649806485
0.0100729162978
0.0100815556018
0.010090855281
0.0101007685296
0.0101112456572
0.0101222347439
0.0101336822943
0.0101455338799
0.0101577347571
0.0101702304512
0.0101829672986
0.0101958929397
0.0102089567593
0.0102221102693
0.0102353074348
0.0102485049424
0.0102616624125
0.0102747425583
0.0102877112956
0.0103005378061
0.0103131945599
0.0103256573004
0.0103379049971
0.0103499197701
0.0103616867888
0.0103731941502
0.0103844327382
0.0103953960658
0.0104060801039
0.0104164830957
0.0104266053603
0.0104364490846
0.0104460181055
0.0104553176827
0.0104643542637
0.0104731352427
0.0104816687146
0.0104899632267
0.0104980275306
0.0105058703385
0.0105135000865
0.0105209247091
0.0105281514299
0.0105351865728
0.0105420353977
0.0105487019656
0.0105551890369
0.0105614980068
0.0105676288797
0.0105735802864
0.0105793495429
0.010584932753
0.0105903249524
0.010595520293
0.0106005122632
0.0106052939408
0.0106098582726
0.0106141983753
0.0106183078493
0.0106221810999
0.0106258136563
0.0106292024816
0.0106323462649
0.0106352456884
0.0106379036623
0.0106403255193
0.0106425191651
0.0106444951787
0.0106462668584
0.0106478502129
0.0106492638943
0.0106505290746
0.0106516692676
0.0106527100986
0.0106536790269
0.0106546050269
0.0106555182347
0.0106564495675
0.0106574303251
0.0106584917813
0.0106596647762
0.0106609793158
0.0106624641912
0.010664146622
0.0106660519343
0.010668203278
0.0106706213891
0.0106733244013
0.0106763277083
0.0106796438784
0.0106832826215
0.0106872508045
0.0106915525139
0.01069618916
0.0107011596167
0.0107064603927
0.0107120858241
0.0107180282845
0.010724278403
0.0107308252849
0.010737656727
0.0107447594231
0.010752119154
0.0107597209575
0.0107675492765
0.0107755880821
0.0107838209717
0.0107922312421
0.010800801939
0.0108095158848
0.0108183556878
0.0108273037364
0.0108363421821
0.0108454529154
0.0108546175388
0.0108638173406
0.0108730332737
0.0108822459417
0.010891435596
0.0109005821442
0.0109096651724
0.0109186639805
0.01092755763
0.0109363250042
0.0109449448772
0.0109533959902
0.0109616571324
0.010969707222
0.0109775253861
0.0109850910344
0.0109923839266
0.0109993842275
0.011006072553
0.0110124300016
0.0110184381757
0.0110240791905
0.0110293356757
0.0110341907699
0.0110386281153
0.011042631854
0.0110461866334
0.0110492776257
0.0110518905665
0.0110540118189
0.011055628468
0.0110567284486
0.0110573007119
0.0110573354305
0.0110568242437
0.0110557605422
0.0110541397876
0.0110519598648
0.0110492214582
0.0110459284464
0.0110420883044
0.0110377125039
0.0110328168992
0.0110274220881
0.0110215537341
0.0110152428384
0.0110085259497
0.0110014453005
0.0109940488603
0.0109863902964
0.0109785288356
0.0109705290223
0.0109624603686
0.0109543968954
0.0109464165667
0.0109386006183
0.0109310327868
0.0109237984462
0.0109169836596
0.0109106741566
0.0109049542491
0.0108999056963
0.0108956065343
0.0108921298845
0.0108895427562
0.0108879048593
0.0108872674442
0.0108876721844
0.0108891501211
0.0108917206848
0.0108953908141
0.0109001541869
0.0109059905835
0.0109128653986
0.0109207293191
0.0109295181848
0.0109391530476
0.0109495404429
0.0109605728863
0.0109721296058
0.010984077515
0.0109962724326
0.0110085605453
0.0110207801079
0.01103276337
0.011044338709
0.0110553329464
0.011065573815
0.0110748925395
0.0110831264872
0.0110901218384
0.0110957362248
0.0110998412781
0.0111023250328
0.0111030941258
0.011102075739
0.0110992192343
0.0110944974397
0.0110879075494
0.011079471614
0.0110692366054
0.0110572740523
0.0110436792544
0.0110285700944
0.0110120854754
0.0109943834228
0.0109756388949
0.0109560413529
0.0109357921457
0.0109151017651
0.0108941870267
0.0108732682327
0.0108525663658
0.0108323003617
0.0108126845016
0.0107939259594
0.0107762225334
0.0107597605847
0.0107447132006
0.0107312385933
0.0107194787409
0.0107095582737
0.0107015836028
0.0106956422877
0.0106918026354
0.0106901135224
0.0106906044289
0.0106932856745
0.0106981488422
0.0107051673791
0.0107142973594
0.0107254783963
0.0107386346876
0.0107536761809
0.010770499842
0.0107889910091
0.0108090248173
0.0108304676736
0.0108531787644
0.0108770115771
0.0109018154142
0.010927436884
0.0109537213452
0.0109805142909
0.0110076626527
0.0110350160114
0.0110624277011
0.0110897557957
0.0111168639713
0.011143622239
0.011169907547
0.0111956042545
0.0112206044801
0.0112448083345
0.0112681240458
0.0112904679901
0.0113117646409
0.0113319464516
0.0113509536862
0.0113687342138
0.0113852432804
0.0114004432723
0.0114143034814
0.0114267998848
0.0114379149447
0.0114476374347
0.0114559622969
0.0114628905297
0.0114684291063
0.0114725909196
0.0114753947503
0.0114768652502
0.0114770329335
0.0114759341691
0.0114736111624
0.0114701119194
0.0114654901842
0.0114598053393
0.0114531222637
0.01144551114
0.0114370472059
0.011427810446
0.0114178852204
0.0114073598302
0.0113963260191
0.0113848784143
0.0113731139102
0.0113611309991
0.0113490290569
0.01133690759
0.0113248654536
0.0113130000498
0.0113014065171
0.0112901769207
0.011279399455
0.0112691576708
0.0112595297345
0.0112505877335
0.0112423970347
0.0112350157055
0.0112284940066
0.0112228739608
0.0112181890059
0.0112144637343
0.0112117137223
0.0112099454516
0.0112091563227
0.0112093347592
0.0112104604011
0.0112125043838
0.0112154296988
0.011219191632
0.0112237382726
0.0112290110889
0.0112349455629
0.0112414718793
0.0112485156614
0.0112559987488
0.0112638400101
0.0112719561859
0.011280262756
0.0112886748256
0.0112971080259
0.0113054794224
0.011313708427
0.0113217177064
0.0113294340817
0.0113367894093
0.0113437214378
0.0113501746279
0.0113561009264
0.0113614604809
0.0113662222833
0.0113703647254
0.0113738760544
0.0113767547117
0.0113790095413
0.0113806598552
0.0113817353445
0.0113822758273
0.0113823308304
0.0113819590021
0.0113812273618
0.0113802103932
0.0113789889963
0.0113776493141
0.0113762814568
0.0113749781475
0.0113738333166
0.0113729406727
0.011372392277
0.0113722771485
0.011372679925
0.0113736795989
0.0113753483491
0.0113777504801
0.0113809414807
0.0113849672081
0.0113898632012
0.0113956541247
0.0114023533413
0.0114099626128
0.0114184719248
0.0114278594346
0.0114380915389
0.0114491230628
0.0114608975676
0.0114733477809
0.0114863961507
0.0114999555252
0.0115139299618
0.0115282156664
0.0115427020635
0.0115572729941
0.0115718080372
0.011586183946
0.0116002761853
0.0116139605544
0.0116271148733
0.0116396207072
0.0116513651005
0.0116622422881
0.0116721553513
0.0116810177824
0.011688754926
0.011695305264
0.0117006215149
0.0117046715239
0.0117074389242
0.0117089235542
0.0117091416265
0.0117081256453
0.0117059240796
0.0117026008031
0.0116982343177
0.0116929167829
0.0116867528735
0.0116798584946
0.0116723593813
0.0116643896103
0.0116560900528
0.0116476067936
0.0116390895407
0.0116306900471
0.0116225605631
0.0116148523355
0.0116077141655
0.0116012910367
0.0115957228184
0.0115911430523
0.0115876778227
0.0115854447142
0.0115845518559
0.0115850970523
0.0115871670005
0.0115908365923
0.0115961683014
0.0116032116563
0.011612002799
0.0116225641333
0.0116349040657
0.0116490168452
0.0116648825062
0.0116824669262
0.0117017220039
0.01172258597
0.0117449838393
0.0117688280149
0.011794019052
0.0118204465883
0.0118479904436
0.0118765218894
0.0119059050801
0.0119359986364
0.0119666573619
0.0119977340678
0.0120290814749
0.0120605541547
0.0120920104681
0.0121233144541
0.012154337622
0.0121849605988
0.0122150745876
0.0122445825979
0.012273400414
0.0123014572798
0.0123286962857
0.0123550744553
0.0123805625407
0.012405144544
0.012428816993
0.0124515880044
0.0124734761752
0.0124945093429
0.0125147232596
0.0125341602193
0.0125528676799
0.012570896913
0.012588301711
0.012605137177
0.0126214586135
0.0126373205245
0.0126527757364
0.0126678746418
0.0126826645644
0.012697189242
0.012711488419
0.0127255975433
0.0127395475568
0.0127533647713
0.012767070821
0.0127806826822
0.0127942127539
0.0128076689908
0.0128210550831
0.0128343706781
0.0128476116386
0.0128607703328
0.0128738359545
0.012886794868
0.0128996309749
0.0129123261002
0.0129248603934
0.0129372127409
0.0129493611872
0.0129612833583
0.0129729568859
0.0129843598255
0.0129954710662
0.0130062707259
0.0130167405295
0.0130268641659
0.01303662762
0.0130460194778
0.0130550312015
0.0130636573738
0.0130718959097
0.0130797482349
0.0130872194307
0.0130943183458
0.0131010576737
0.0131074539968
0.0131135277972
0.0131193034327
0.0131248090786
0.0131300766341
0.0131351415911
0.0131400428643
0.0131448225812
0.0131495258279
0.0131542003501
0.0131588962063
0.0131636653707
0.0131685612856
0.0131736383623
0.0131789514298
0.0131845551355
0.0131905033003
0.0131968482325
0.0132036400108
0.0132109257434
0.0132187488171
0.0132271481484
0.0132361574549
0.0132458045619
0.0132561107644
0.0132670902618
0.0132787496856
0.0132910877359
0.0133040949437
0.0133177535708
0.0133320376584
0.0133469132291
0.0133623386437
0.013378265109
0.0133946373293
0.0134113942876
0.0134284701388
0.013445795197
0.0134632969897
0.013480901357
0.0134985335683
0.0135161194306
0.0135335863654
0.0135508644302
0.0135678872663
0.0135845929558
0.0136009247752
0.0136168318375
0.013632269616
0.0136472003492
0.0136615933272
0.013675425064
0.0136886793605
0.0137013472672
0.0137134269537
0.0137249234947
0.0137358485814
0.0137462201683
0.0137560620619
0.0137654034616
0.0137742784584
0.013782725498
0.0137907868148
0.0137985078413
0.0138059365968
0.0138131230617
0.0138201185389
0.0138269750085
0.0138337444782
0.0138404783357
0.013847226706
0.0138540378198
0.0138609573992
0.0138680280643
0.0138752887697
0.0138827742757
0.0138905146611
0.0138985348842
0.0139068543983
0.0139154868279
0.0139244397101
0.0139337143076
0.0139433054964
0.0139532017311
0.0139633850917
0.0139738314118
0.0139845104906
0.0139953863855
0.0140064177874
0.0140175584735
0.0140287578353
0.0140399614784
0.0140511118879
0.014062149153
0.0140730117449
0.0140836373397
0.0140939636769
0.0141039294436
0.0141134751745
0.0141225441558
0.0141310833198
0.014139044118
0.0141463833592
0.0141530639969
0.0141590558541
0.0141643362687
0.0141688906479
0.0141727129168
0.0141758058497
0.0141781812726
0.0141798601292
0.0141808724024
0.0141812568869
0.0141810608123
0.0141803393172
0.0141791547796
0.0141775760119
0.0141756773306
0.0141735375171
0.0141712386862
0.0141688650814
0.0141665018221
0.0141642336236
0.0141621435178
0.0141603115982
0.0141588138155
0.0141577208476
0.014157097068
0.0141569996313
0.0141574776964
0.0141585717998
0.0141603133921
0.0141627245443
0.0141658178295
0.0141695963784
0.0141740541061
0.0141791761037
0.0141849391838
0.014191312568
0.0141982587012
0.0142057341748
0.0142136907418
0.0142220764036
0.0142308365481
0.0142399151205
0.0142492558053
0.0142588032013
0.014268503972
0.0142783079521
0.0142881691974
0.0142980469606
0.0143079065838
0.0143177202947
0.0143274678976
0.0143371373532
0.01434672524
0.0143562370949
0.0143656876286
0.0143751008167
0.014384509865
0.0143939570515
0.0144034934463
0.0144131785126
0.014423079593
0.0144332712834
0.0144438347004
0.0144548566454
0.0144664286698
0.0144786460471
0.014491606654
0.0145054097683
0.0145201547848
0.0145359398587
0.0145528604783
0.0145710079781
0.0145904679977
0.014611318899
0.0146336301537
0.0146574607166
0.0146828574039
0.0147098532993
0.014738466214
0.0147686972318
0.0148005293742
0.0148339264242
0.0148688319501
0.0149051685754
0.0149428375378
0.0149817185836
0.0150216702386
0.0150625304929
0.0151041179275
0.015146233304
0.0151886616217
0.0152311746346
0.0152735338042
0.0153154936437
0.015356805396
0.0153972209666
0.0154364970219
0.0154743991496
0.0155107059704
0.0155452130884
0.0155777367695
0.0156081172426
0.0156362215355
0.0156619457676
0.0156852168471
0.0157059935384
0.0157242668899
0.0157400600337
0.0157534273902
0.0157644533252
0.0157732503247
0.0157799567596
0.0157847343192
0.0157877651936
0.0157892490851
0.015789400119
0.0157884437229
0.0157866135285
0.0157841483447
0.0157812892373
0.0157782767428
0.0157753482333
0.0157727354438
0.015770662164
0.0157693420956
0.0157689768699
0.0157697542217
0.015771846314
0.0157754082105
0.0157805764954
0.0157874680437
0.015796178949
0.01580678362
0.015819334064
0.0158338593751
0.0158503654523
0.015868834974
0.015889227654
0.0159114808071
0.0159355102458
0.0159612115292
0.0159884615741
0.0160171206328
0.0160470346311
0.0160780378475
0.0161099559026
0.0161426090173
0.0161758154816
0.0162093952717
0.0162431737379
0.0162769852852
0.0163106769613
0.0163441118712
0.0163771723365
0.0164097627306
0.0164418119253
0.0164732753003
0.0165041362801
0.0165344073775
0.0165641307372
0.0165933781871
0.0166222508196
0.0166508781315
0.0166794167639
0.0167080488855
0.0167369802691
0.0167664381093
0.0167966686296
0.016827934525
0.0168605122797
0.0168946893958
0.0169307615653
0.0169690298076
0.0170097975948
0.0170533679778
0.0171000407272
0.0171501094944
0.0172038590024
0.017261562271
0.0173234778811
0.0173898472878
0.0174608921885
0.0175368119579
0.0176177811647
0.0177039471859
0.0177954279394
0.0178923097592
0.0179946454385
0.0181024524706
0.0182157115177
0.0183343651409
0.0184583168217
0.0185874303098
0.0187215293249
0.0188603976421
0.0190037795854
0.0191513809478
0.0193028703556
0.0194578810828
0.0196160133205
0.0197768368943
0.0199398944197
0.020104704873
0.020270767552
0.0204375663906
0.0206045745843
0.0207712594781
0.0209370876602
0.0211015301995
0.021264067961
0.0214241969267
0.0215814334485
0.0217353193551
0.0218854268342
0.0220313630125
0.0221727741541
0.0223093494023
0.0224408239928
0.0225669818726
0.022687657662
0.0228027379107
0.0229121616036
0.0230159198866
0.0231140549932
0.0232066583658
0.0232938679829
0.0233758649138
0.0234528691421
0.0235251347107
0.0235929442562
0.0236566030173
0.023716432407
0.0237727632572
0.023825928845
0.0238762578221
0.0239240671693
0.0239696553014
0.0240132954451
0.0240552294121
0.0240956618812
0.0241347552985
0.0241726254922
0.0242093380918
0.0242449058248
0.0242792867543
0.0243123835026
0.0243440434934
0.0243740602268
0.0244021755856
0.0244280831535
0.0244514325065
0.0244718344238
0.0244888669429
0.0245020821678
0.0245110137216
0.0245151847173
0.024514116108
0.0245073352635
0.0244943846096
0.0244748301634
0.0244482697902
0.0244143410131
0.0243727282111
0.0243231690522
0.0242654600238
0.0241994609455
0.0241250983694
0.0240423678048
0.0239513347317
0.0238521343992
0.023744970437
0.023630112336
0.0235078918834
0.0233786986621
0.0232429747404
0.0231012086992
0.0229539291456
0.0228016978729
0.0226451028217
0.0224847509924
0.0223212614478
0.022155258534
0.0219873654269
0.0218181980987
0.0216483597758
0.0214784359425
0.0213089899277
0.021140559092
0.0209736516202
0.0208087439096
0.0206462785324
0.0204866627445
0.0203302675031
0.0201774269526
0.0200284383363
0.0198835622871
0.019743023454
0.0196070114201
0.0194756818706
0.0193491579708
0.019227531919
0.0191108666394
0.0189991975854
0.0188925346244
0.0187908639797
0.0186941502072
0.0186023381848
0.0185153550971
0.0184331123981
0.0183555077369
0.0182824268317
0.0182137452813
0.0181493303011
0.0180890423759
0.0180327368198
0.0179802652365
0.0179314768751
0.0178862198767
0.0178443424095
0.0178056936903
0.0177701248941
0.0177374899514
0.0177076462366
0.0176804551511
0.0176557826058
0.0176334994077
0.017613481558
0.0175956104665
0.0175797730918
0.017565862012
0.0175537754355
0.0175434171591
0.0175346964795
0.0175275280678
0.0175218318127
0.0175175326398
0.0175145603134
0.0175128492271
0.0175123381879
0.0175129702002
0.0175146922525
0.0175174551102
0.0175212131187
0.0175259240169
0.0175315487627
0.0175380513699
0.0175453987572
0.0175535606047
0.0175625092181
0.0175722193955
0.0175826682937
0.0175938352894
0.0176057018311
0.0176182512776
0.017631468718
0.0176453407698
0.0176598553524
0.0176750014331
0.0176907687444
0.0177071474727
0.0177241279187
0.0177417001325
0.0177598535264
0.0177785764704
0.0177978558751
0.01781767677
0.0178380218833
0.0178588712319
0.0178802017292
0.017901986819
0.0179241961441
0.0179467952567
0.0179697453777
0.0179930032121
0.0180165208252
0.0180402455841
0.0180641201682
0.0180880826501
0.0181120666482
0.0181360015509
0.0181598128095
0.0181834222981
0.0182067487365
0.01822970817
0.0182522145022
0.0182741800728
0.0182955162735
0.0183161341952
0.0183359452979
0.0183548620958
0.0183727988497
0.0183896722579
0.0184054021398
0.0184199121036
0.0184331301919
0.0184449894988
0.0184554287536
0.0184643928644
0.0184718334187
0.0184777091363
0.0184819862704
0.0184846389556
0.0184856494983
0.0184850086093
0.0184827155752
0.0184787783683
0.0184732136939
0.0184660469735
0.018457312265
0.0184470521181
0.0184353173669
0.0184221668604
0.0184076671307
0.0183918920033
0.0183749221499
0.0183568445884
0.0183377521325
0.0183177427966
0.0182969191605
0.0182753876996
0.0182532580864
0.018230642472
0.0182076547518
0.0181844098251
0.0181610228558
0.0181376085409
0.0181142803957
0.018091150062
0.0180683266473
0.0180459161008
0.0180240206331
0.0180027381841
0.0179821619456
0.0179623799396
0.0179434746589
0.0179255227699
0.0179085948793
0.0178927553667
0.0178780622803
0.0178645672967
0.0178523157412
0.0178413466663
0.0178316929842
0.0178233816491
0.017816433884
0.0178108654459
0.0178066869238
0.0178039040617
0.0178025180996
0.0178025261256
0.0178039214312
0.0178066938618
0.017810830155
0.0178163142605
0.0178231276335
0.0178312494962
0.0178406570621
0.0178513257184
0.0178632291633
0.0178763394963
0.0178906272596
0.0179060614335
0.0179226093846
0.0179402367738
0.0179589074259
0.0179785831695
0.017999223654
0.018020786152
0.0180432253579
0.0180664931917
0.018090538621
0.0181153075102
0.0181407425089
0.0181667829895
0.0181933650439
0.0182204215477
0.0182478822985
0.018275674234
0.0183037217326
0.0183319469985
0.0183602705294
0.0183886116634
0.0184168891988
0.0184450220795
0.0184729301346
0.0185005348601
0.0185277602287
0.0185545335119
0.0185807860981
0.0186064542899
0.0186314800624
0.0186558117663
0.0186794047596
0.0187022219525
0.0187242342511
0.0187454208909
0.0187657696469
0.0187852769175
0.0188039476741
0.0188217952779
0.0188388411632
0.0188551143927
0.018870651091
0.0188854937651
0.0188996905247
0.0189132942161
0.0189263614834
0.0189389517766
0.0189511263221
0.0189629470766
0.0189744756803
0.0189857724322
0.0189968953011
0.0190078989945
0.019018834097
0.0190297462972
0.019040675712
0.019051656323
0.0190627155303
0.0190738738324
0.0190851446353
0.0190965341924
0.0191080416733
0.0191196593604
0.0191313729651
0.0191431620572
0.0191550005973
0.0191668575617
0.0191786976446
0.0191904820264
0.0192021691905
0.0192137157745
0.0192250774402
0.0192362097452
0.0192470690023
0.0192576131111
0.0192678023483
0.0192776001047
0.0192869735558
0.0192958942594
0.0193043386696
0.019312288562
0.0193197313665
0.0193266604037
0.0193330750258
0.0193389806617
0.0193443887704
0.019349316705
0.0193537874955
0.0193578295542
0.0193614763136
0.019364765805
0.0193677401851
0.0193704452226
0.0193729297523
0.0193752451072
0.0193774445372
0.0193795826242
0.0193817147004
0.0193838962786
0.0193861825002
0.0193886276078
0.0193912844456
0.0193942039933
0.0193974349348
0.0194010232642
0.0194050119305
0.0194094405206
0.0194143449796
0.0194197573692
0.0194257056599
0.0194322135575
0.0194393003606
0.0194469808471
0.0194552651889
0.0194641588916
0.0194736627595
0.0194837728842
0.0194944806576
0.0195057728089
0.0195176314675
0.0195300342528
0.0195429543944
0.0195563608834
0.0195702186591
0.0195844888341
0.0195991289598
0.0196140933357
0.0196293333637
0.0196447979502
0.0196604339544
0.0196761866841
0.0196920004348
0.0197078190703
0.0197235866395
0.0197392480215
0.0197547495928
0.0197700399055
0.0197850703667
0.019799795907
0.0198141756243
0.0198281733915
0.0198417584132
0.0198549057182
0.0198675965761
0.0198798188253
0.0198915671019
0.0199028429623
0.0199136548905
0.0199240181883
0.019933954744
0.0199434926826
0.0199526658989
0.0199615134813
0.0199700790333
0.0199784099048
0.0199865563454
0.0199945705948
0.0200025059259
0.0200104156587
0.020018352161
0.0200263658546
0.0200345042445
0.0200428109861
0.0200513250078
0.0200600797012
0.0200691021921
0.0200784127026
0.0200880240131
0.0200979410291
0.0201081604602
0.020118670612
0.0201294512924
0.0201404738329
0.0201517012238
0.0201630883596
0.0201745823937
0.0201861231983
0.0201976439265
0.020209071674
0.0202203282359
0.0202313309576
0.0202419936755
0.0202522277436
0.0202619431449
0.0202710496798
0.0202794582268
0.0202870820668
0.0202938382592
0.0202996490553
0.02030444333
0.0203081580077
0.0203107394542
0.0203121448016
0.0203123431682
0.0203113167327
0.0203090616183
0.0203055885454
0.0203009232098
0.0202951063525
0.0202881934898
0.0202802542896
0.0202713715871
0.0202616400516
0.0202511645317
0.0202400581215
0.0202284400055
0.0202164331532
0.0202041619417
0.0201917497894
0.0201793168851
0.0201669780886
0.0201548410716
0.0201430047549
0.0201315580785
0.0201205791293
0.02011013463
0.0201002797787
0.0200910584147
0.0200825034749
0.0200746376973
0.0200674745236
0.0200610191519
0.02005526969
0.0200502183654
0.0200458527499
0.0200421569674
0.0200391128524
0.0200367010419
0.0200349019814
0.0200336968369
0.0200330683059
0.0200330013271
0.0200334836876
0.0200345065344
0.020036064791
0.020038157488
0.0200407880109
0.0200439642711
0.0200476988047
0.0200520088014
0.0200569160669
0.020062446918
0.0200686320117
0.0200755061043
0.0200831077404
0.0200914788656
0.0201006643617
0.0201107114985
0.020121669302
0.0201335878339
0.0201465173861
0.0201605075913
0.0201756064547
0.0201918593193
0.0202093077743
0.0202279885282
0.0202479322637
0.0202691625036
0.0202916945117
0.0203155342615
0.0203406775006
0.0203671089427
0.0203948016129
0.0204237163721
0.0204538016374
0.0204849933136
0.0205172149419
0.0205503780634
0.0205843827933
0.0206191185896
0.0206544651989
0.0206902937572
0.020726468018
0.020762845684
0.0207992798141
0.020835620281
0.0208717152568
0.0209074127055
0.0209425618662
0.0209770147122
0.0210106273739
0.0210432615176
0.0210747856701
0.0211050764846
0.0211340199399
0.0211615124655
0.0211874619861
0.0212117888766
0.0212344268164
0.0212553235336
0.0212744414267
0.0212917580516
0.0213072664622
0.0213209753923
0.0213329092704
0.021343108058
0.0213516269076
0.0213585356371
0.0213639180234
0.0213678709209
0.0213705032137
0.0213719346171
0.0213722943445
0.0213717196614
0.0213703543509
0.0213683471153
0.021365849942
0.0213630164609
0.0213600003203
0.0213569536069
0.0213540253342
0.0213513600194
0.0213490963671
0.0213473660738
0.0213462927625
0.0213459910558
0.0213465657876
0.021348111354
0.0213507111999
0.0213544374331
0.0213593505592
0.0213654993255
0.0213729206646
0.0213816397263
0.0213916699869
0.0214030134255
0.0214156607605
0.0214295917373
0.0214447754634
0.021461170786
0.0214787267115
0.0214973828658
0.0215170699973
0.0215377105241
0.0215592191277
0.0215815033973
0.0216044645252
0.0216279980558
0.021651994688
0.0216763411289
0.021700920995
0.0217256157554
0.0217503057083
0.0217748709798
0.0217991925341
0.0218231531794
0.0218466385554
0.0218695380864
0.0218917458839
0.0219131615846
0.0219336911086
0.0219532473265
0.0219717506257
0.0219891293672
0.0220053202301
0.0220202684396
0.0220339278826
0.0220462611109
0.0220572392413
0.0220668417585
0.0220750562311
0.0220818779525
0.022087309517
0.0220913603439
0.0220940461625
0.0220953884681
0.022095413961
0.0220941539795
0.0220916439343
0.0220879227539
0.0220830323473
0.0220770170895
0.0220699233345
0.0220617989588
0.0220526929386
0.0220426549613
0.0220317350716
0.0220199833535
0.022007449646
0.0219941832926
0.0219802329219
0.021965646259
0.021950469964
0.021934749497
0.021918529007
0.0219018512422
