0.00684668149273
0.00683314777818
0.00681994500617
0.00680708478181
0.00679457853919
0.00678243756824
0.00677067305302
0.00675929612223
0.00674831791229
0.00673774964317
0.00672760270677
0.00671788876731
0.00670861987279
0.00669980857596
0.00669146806304
0.00668361228746
0.0066762561058
0.00666941541208
0.00666310726662
0.00665735001448
0.00665216338875
0.00664756859312
0.00664358835822
0.00664024696598
0.00663757023634
0.00663558547097
0.00663432134898
0.0066338077702
0.00663407564266
0.00663515661166
0.00663708272927
0.00663988606445
0.00664359825546
0.00664825000824
0.00665387054565
0.00666048701491
0.00666812386182
0.00667680218238
0.00668653906373
0.00669734692781
0.00670923289236
0.00672219816414
0.00673623748042
0.00675133861405
0.00676748195748
0.00678464020018
0.00680277811244
0.0068218524469
0.00684181196728
0.00686259761078
0.00688414278853
0.0069063738248
0.00692921053308
0.00695256692343
0.00697635203279
0.00700047086623
0.00702482543482
0.00704931587258
0.00707384161323
0.00709830260511
0.00712260054157
0.00714664008319
0.00717033004788
0.00719358454507
0.00721632403124
0.00723847626527
0.00725997714396
0.00728077140055
0.00730081315172
0.00732006628189
0.00733850465678
0.00735611216201
0.00737288256626
0.00738881921202
0.00740393454098
0.00741824946444
0.00743179259249
0.0074445993387
0.0074567109198
0.00746817327192
0.00747903590669
0.00748935073171
0.00749917086064
0.00750854943788
0.00751753850278
0.00752618791689
0.00753454437628
0.007542650529
0.00755054421506
0.00755825784363
0.00756581791874
0.00757324472173
0.00758055215475
0.00758774774644
0.00759483281705
0.00760180279706
0.00760864769012
0.00761535266785
0.00762189878191
0.00762826377599
0.00763442297872
0.00764035025712
0.00764601900895
0.00765140317228
0.00765647822999
0.00766122218773
0.00766561650458
0.00766964695678
0.00767330441668
0.00767658553081
0.00767949328349
0.00768203743453
0.00768423482249
0.00768610952779
0.00768769289264
0.00768902339801
0.00769014640048
0.00769111373484
0.00769198319091
0.00769281787559
0.00769368547332
0.00769465742019
0.0076958080085
0.00769721343985
0.00769895084559
0.00770109729403
0.00770372880365
0.00770691938117
0.00771074010241
0.00771525825255
0.00772053654087
0.00772663240274
0.00773359739972
0.0077414767257
0.00775030882459
0.00776012512215
0.00777094987185
0.00778280011163
0.00779568572617
0.00780960960651
0.00782456789685
0.0078405503164
0.00785754054284
0.0078755166425
0.00789445153213
0.00791431345657
0.00793506646711
0.00795667088585
0.00797908374255
0.00800225917198
0.00802614876149
0.00805070184087
0.00807586570854
0.00810158579112
0.00812780573556
0.00815446743587
0.00818151099904
0.00820887465691
0.00823649463338
0.00826430497766
0.00829223737653
0.00832022095935
0.00834818211051
0.0083760443045
0.00840372797856
0.00843115045759
0.00845822594477
0.00848486559034
0.00851097764891
0.00853646773392
0.0085612391752
0.00858519348339
0.00860823092172
0.00863025118328
0.00865115416863
0.00867084085605
0.00868921425379
0.0087061804211
0.00872164954275
0.00873553703937
0.00874776469444
0.00875826177758
0.00876696614273
0.00877382527964
0.00877879729691
0.00878185181583
0.00878297075489
0.00878214898672
0.00877939485095
0.00877473050909
0.00876819213006
0.00875982989815
0.00874970783849
0.00873790345833
0.00872450720622
0.00870962175437
0.00869336111312
0.00867584958952
0.00865722060506
0.00863761539033
0.00861718157657
0.00859607170603
0.00857444168439
0.00855244919938
0.00853025213022
0.00850800697212
0.00848586729981
0.00846398229257
0.00844249534192
0.00842154276127
0.00840125261427
0.0083817436764
0.00836312454159
0.00834549288254
0.0083289348711
0.0083135247615
0.00829932463713
0.00828638431834
0.00827474142666
0.00826442159827
0.00825543883771
0.00824779600102
0.00824148539598
0.00823648948591
0.00823278168272
0.0082303272141
0.00822908404946
0.00822900386905
0.00823003306093
0.00823211373062
0.0082351847089
0.00823918254379
0.00824404246378
0.00824969930017
0.0082560883575
0.00826314622239
0.00827081150226
0.00827902548669
0.00828773272584
0.0082968815215
0.00830642432804
0.00831631806184
0.00832652431928
0.00833700950487
0.00834774487227
0.0083587064825
0.00836987508435
0.00838123592367
0.00839277848848
0.00840449619806
0.00841638604441
0.008428448195
0.00844068556594
0.00845310337447
0.00846570867969
0.00847850992001
0.00849151645515
0.00850473811997
0.00851818479664
0.00853186601056
0.00854579055486
0.00855996614703
0.0085743991204
0.00858909415235
0.00860405403007
0.00861927945406
0.00863476887873
0.00865051838897
0.00866652161107
0.00868276965589
0.00869925109216
0.00871595194755
0.00873285573507
0.00874994350265
0.0087671939038
0.00878458328743
0.0088020858054
0.00881967353647
0.00883731662577
0.00885498343928
0.00887264073292
0.0088902538364
0.00890778685176
0.00892520286732
0.00894246418701
0.00895953257582
0.00897636952145
0.00899293651248
0.00900919533265
0.00902510837101
0.00904063894697
0.00905575164883
0.00907041268394
0.00908459023806
0.00909825484089
0.00911137973405
0.00912394123748
0.00913591910937
0.00914729689442
0.00915806225479
0.00916820727765
0.00917772875297
0.00918662841537
0.00919491314317
0.00920259510865
0.00920969187319
0.00921622642172
0.00922222713116
0.0092277276685
0.0092327668147
0.00923738821176
0.00924164003104
0.00924557456236
0.00924924772433
0.00925271849759
0.00925604828411
0.00925930019656
0.00926253828325
0.00926582669508
0.00926922880214
0.00927280626848
0.00927661809446
0.00928071963694
0.00928516161817
0.00928998913474
0.0092952406787
0.00930094718298
0.009307131104
0.00931380555427
0.0093209734984
0.00932862702588
0.00933674671446
0.00934530109812
0.00935424625365
0.00936352552023
0.00937306936625
0.00938279541772
0.00939260866187
0.00940240183946
0.00941205603795
0.00942144149617
0.00943041862942
0.00943883928081
0.00944654820149
0.00945338475807
0.0094591848608
0.00946378309993
0.009467015072
0.00946871987043
0.00946874270827
0.00946693763364
0.00946317029209
0.0094573206842
0.00944928586209
0.00943898250553
0.00942634931689
0.00941134917533
0.00939397099376
0.00937423122758
0.00935217499215
0.00932787675558
0.00930144058483
0.00927299993537
0.00924271698749
0.00921078154462
0.00917740952081
0.00914284105428
0.00910733829192
0.00907118289503
0.00903467331944
0.00899812192297
0.00896185195102
0.00892619444586
0.00889148511902
0.00885806121798
0.00882625841009
0.00879640769806
0.00876883237365
0.00874384500966
0.00872174448564
0.00870281304053
0.00868731334561
0.00867548559429
0.00866754461138
0.00866367699299
0.00866403829963
0.00866875033785
0.00867789857984
0.00869152978488
0.00870964989938
0.00873222232354
0.00875916663983
0.00879035790102
0.00882562657221
0.00886475921083
0.00890749995161
0.00895355283918
0.0090025850208
0.00905423077688
0.00910809632998
0.00916376533534
0.00922080492172
0.00927877212208
0.0093372205124
0.00939570686481
0.0094537976206
0.00951107499743
0.0095671425648
0.00962163014962
0.00967419796692
0.00972453990807
0.00977238595702
0.0098175037405
0.0098596992508
0.0098988168063
0.00993473833463
0.00996738207745
0.00999670082169
0.0100226797631
0.0100453341038
0.0100647064767
0.0100808642782
0.0100938969799
0.0101039134737
0.0101110394943
0.0101154151499
0.0101171925813
0.0101165337602
0.0101136084329
0.0101085922048
0.0101016647647
0.0100930082383
0.010082805666
0.0100712395955
0.0100584907828
0.0100447369973
0.0100301519264
0.0100149041789
0.00999915638761
0.00998306441169
0.00996677664315
0.00995043341981
0.00993416654891
0.00991809894427
0.00990234437932
0.00988700735674
0.00987218309374
0.00985795761978
0.00984440798125
0.0098316025453
0.00981960139242
0.00980845678541
0.00979821370025
0.00978891040297
0.00978057905536
0.00977324633185
0.0097669340298
0.00976165965607
0.00975743697368
0.00975427649408
0.00975218590249
0.00975117040651
0.00975123300055
0.00975237464199
0.00975459433773
0.00975788914314
0.00976225407808
0.00976768196768
0.00977416321796
0.00978168553847
0.00979023362607
0.00979978882513
0.00981032878047
0.00982182709959
0.00983425304101
0.00984757124452
0.00986174151881
0.00987671869993
0.00989245259278
0.00990888800529
0.00992596488271
0.00994361854669
0.00996178004077
0.00998037658087
0.00999933210633
0.0100185679237
0.0100380034325
0.0100575569196
0.0100771464056
0.0100966905253
0.0101161094218
0.0101353256331
0.0101542649494
0.0101728572188
0.0101910370813
0.0102087446095
0.0102259258403
0.0102425331812
0.0102585256787
0.0102738691413
0.0102885361109
0.0103025056835
0.0103157631802
0.0103282996781
0.0103401114103
0.0103511990526
0.0103615669123
0.0103712220433
0.0103801733101
0.0103884304263
0.0103960029966
0.0104028995885
0.0104091268622
0.0104146887865
0.0104195859654
0.0104238150989
0.0104273685987
0.0104302343734
0.0104323957969
0.0104338318648
0.0104345175412
0.0104344242901
0.0104335207813
0.0104317737549
0.0104291490216
0.010425612574
0.0104211317773
0.0104156766083
0.0104092209059
0.0104017435993
0.0103932298799
0.0103836722833
0.0103730716539
0.0103614379654
0.0103487909784
0.0103351607192
0.0103205877704
0.0103051233712
0.0102888293254
0.0102717777279
0.0102540505167
0.0102357388675
0.0102169424458
0.0101977685381
0.0101783310811
0.0101587496103
0.0101391481499
0.0101196540629
0.0101003968828
0.0100815071421
0.0100631152169
0.0100453501994
0.0100283388133
0.0100122043816
0.00999706585613
0.00998303691736
0.00997022514946
0.00995873129576
0.00994864859792
0.00994006222113
0.00993304876649
0.00992767587095
0.00992400189419
0.00992207569132
0.00992193646915
0.0099236137237
0.00992712725541
0.00993248725854
0.00993969448047
0.0099487404462
0.00995960774323
0.00997227036144
0.00998669408282
0.0100028369153
0.0100206495652
0.0100400759435
0.0100610536991
0.0100835147756
0.0101073859861
0.0101325896001
0.0101590439402
0.0101866639828
0.0102153619592
0.0102450479534
0.010275630493
0.0103070171287
0.0103391150009
0.0103718313868
0.0104050742273
0.0104387526283
0.0104727773334
0.010507061164
0.0105415194239
0.0105760702634
0.0106106350017
0.0106451384022
0.0106795088998
0.0107136787772
0.0107475842886
0.0107811657305
0.0108143674593
0.0108471378568
0.0108794292449
0.0109111977543
0.0109424031487
0.0109730086116
0.0110029805007
0.0110322880766
0.0110609032139
0.0110888001015
0.0111159549417
0.0111423456552
0.0111679516004
0.0111927533156
0.0112167322894
0.0112398707672
0.011262151598
0.0112835581249
0.0113040741237
0.0113236837883
0.0113423717642
0.0113601232285
0.0113769240113
0.0113927607576
0.0114076211203
0.0114214939819
0.0114343696954
0.0114462403385
0.011457099973
0.0114669449035
0.0114757739265
0.011483588565
0.0114903932832
0.011496195675
0.011501006625
0.0115048404371
0.0115077149307
0.0115096515044
0.0115106751665
0.0115108145361
0.0115101018153
0.0115085727379
0.0115062664971
0.0115032256568
0.0114994960512
0.0114951266765
0.0114901695783
0.0114846797393
0.0114787149676
0.0114723357897
0.0114656053467
0.0114585892938
0.0114513557014
0.0114439749531
0.0114365196384
0.0114290644314
0.0114216859513
0.0114144625961
0.0114074743415
0.0114008024969
0.0113945294109
0.0113887381188
0.011383511925
0.0113789339163
0.0113750864021
0.0113720502806
0.011369904332
0.0113687244423
0.0113685827648
0.0113695468267
0.0113716785954
0.0113750335155
0.0113796595361
0.0113855961446
0.0113928734279
0.0114015111818
0.0114115180898
0.011422890992
0.0114356142652
0.0114496593328
0.011464984322
0.0114815338831
0.0114992391834
0.0115180180839
0.0115377755059
0.0115584039882
0.0115797844344
0.0116017870446
0.0116242724219
0.0116470928432
0.0116700936769
0.0116931149305
0.0117159929057
0.0117385619391
0.0117606562029
0.0117821115399
0.0118027673053
0.0118224681894
0.011841065993
0.0118584213304
0.0118744052349
0.0118889006425
0.0119018037353
0.0119130251215
0.0119224908398
0.0119301431723
0.0119359412563
0.011939861488
0.0119418977136
0.0119420612074
0.0119403804391
0.0119369006359
0.0119316831469
0.0119248046217
0.0119163560161
0.0119064414396
0.0118951768637
0.0118826887087
0.0118691123296
0.0118545904225
0.0118392713736
0.0118233075719
0.0118068537096
0.0117900650901
0.0117730959676
0.0117560979354
0.0117392183859
0.0117225990574
0.0117063746856
0.0116906717736
0.0116756074931
0.011661288726
0.0116478112557
0.0116352591116
0.0116237040703
0.0116132053134
0.0116038092395
0.0115955494247
0.0115884467256
0.0115825095137
0.0115777340316
0.011574104856
0.0115715954561
0.0115701688282
0.0115697781955
0.0115703677529
0.0115718734445
0.011574223757
0.011577340516
0.011581139673
0.0115855320722
0.0115904241879
0.0115957188286
0.0116013158002
0.0116071125306
0.0116130046543
0.0116188865605
0.0116246519126
0.011630194143
0.011635406936
0.0116401847073
0.0116444230915
0.0116480194507
0.0116508734143
0.0116528874615
0.0116539675552
0.0116540238363
0.0116529713815
0.0116507310274
0.0116472302594
0.0116424041598
0.0116361964052
0.0116285603
0.0116194598269
0.011608870694
0.0115967813503
0.0115831939446
0.0115681251936
0.0115516071297
0.0115336876956
0.0115144311561
0.0114939182976
0.011472246393
0.0114495289116
0.0114258949616
0.0114014884594
0.0113764670274
0.0113510006291
0.0113252699602
0.011299464619
0.0112737810878
0.0112484205615
0.0112235866653
0.0111994831034
0.0111763112839
0.0111542679647
0.0111335429623
0.0111143169615
0.0110967594632
0.0110810268987
0.0110672609345
0.0110555869883
0.0110461129662
0.0110389282311
0.0110341028033
0.0110316867915
0.0110317100491
0.0110341820482
0.0110390919586
0.0110464089233
0.0110560825161
0.0110680433693
0.0110822039606
0.0110984595466
0.0111166892332
0.011136757173
0.01115851388
0.0111817976545
0.0112064361082
0.0112322477822
0.0112590438479
0.011286629881
0.011314807697
0.0113433772344
0.0113721384714
0.0114008933571
0.0114294477393
0.0114576132656
0.0114852092364
0.011512064384
0.0115380185527
0.0115629242555
0.0115866480823
0.0116090719368
0.0116300940813
0.011649629974
0.0116676128819
0.0116839942636
0.0116987439152
0.0117118498808
0.0117233181331
0.0117331720328
0.0117414515827
0.0117482124924
0.0117535250759
0.011757473004
0.0117601519364
0.0117616680577
0.0117621365425
0.0117616799737
0.011760426736
0.0117585094053
0.0117560631539
0.0117532241871
0.011750128226
0.011746909049
0.0117436971032
0.0117406181933
0.0117377922572
0.0117353322334
0.0117333430282
0.0117319205856
0.011731151067
0.0117311101446
0.0117318624145
0.011733460933
0.011735946882
0.0117393493675
0.0117436853547
0.0117489597436
0.0117551655866
0.011762284448
0.0117702869062
0.0117791331929
0.0117887739658
0.0117991512052
0.0118101992255
0.011821845786
0.0118340132874
0.0118466200343
0.0118595815428
0.0118728118722
0.0118862249565
0.0118997359116
0.0119132622934
0.0119267252836
0.0119400507798
0.0119531703704
0.0119660221736
0.0119785515275
0.0119907115172
0.012002463332
0.0120137764474
0.0120246286322
0.012035005784
0.0120449016016
0.0120543171045
0.0120632600161
0.0120717440272
0.0120797879596
0.0120874148543
0.0120946510058
0.0121015249676
0.0121080665554
0.0121143058704
0.0121202723679
0.0121259939945
0.012131496414
0.0121368023422
0.0121419310072
0.0121468977498
0.0121517137759
0.012156386068
0.0121609174634
0.0121653068983
0.0121695498166
0.0121736387375
0.0121775639707
0.0121813144655
0.0121848787736
0.0121882461033
0.0121914074365
0.0121943566782
0.0121970918018
0.0121996159546
0.0122019384822
0.0122040758341
0.0122060523097
0.0122079006095
0.0122096621587
0.0122113871781
0.0122131344809
0.0122149709887
0.0122169709631
0.0122192149649
0.0122217885602
0.0122247808034
0.0122282825346
0.0122323845379
0.0122371756091
0.0122427405858
0.0122491583925
0.0122565001514
0.0122648274041
0.0122741904869
0.0122846270911
0.0122961610361
0.012308801273
0.0123225411308
0.0123373578086
0.0123532121145
0.0123700484441
0.0123877949931
0.0124063641904
0.0124256533437
0.0124455454837
0.0124659103979
0.0124866058417
0.0125074789182
0.0125283676162
0.0125491024955
0.0125695085094
0.01258940695
0.0126086175018
0.0126269603829
0.0126442585533
0.0126603399616
0.012675039801
0.0126882027399
0.0126996850889
0.0127093568666
0.0127171037223
0.0127228286774
0.0127264536476
0.0127279207119
0.0127271931013
0.0127242558846
0.0127191163374
0.0127118039897
0.0127023703536
0.0126908883437
0.012677451409
0.012662172403
0.0126451822226
0.0126266282535
0.0126066726594
0.0125854905555
0.0125632681039
0.0125402005705
0.0125164903743
0.0124923451628
0.0124679759359
0.0124435952416
0.0124194154589
0.0123956471776
0.0123724976848
0.0123501695583
0.0123288593682
0.0123087564821
0.0122900419707
0.0122728876041
0.0122574549335
0.0122438944487
0.012232344803
0.0122229320991
0.0122157692272
0.0122109552509
0.0122085748362
0.0122086977201
0.0122113782192
0.0122166547793
0.0122245495694
0.0122350681263
0.0122481990597
0.0122639138268
0.0122821665934
0.0123028941941
0.012326016213
0.0123514352017
0.0123790370566
0.012408691574
0.0124402532028
0.0124735620093
0.0125084448681
0.0125447168835
0.0125821830427
0.0126206400929
0.012659878626
0.0126996853441
0.0127398454738
0.0127801452842
0.0128203746598
0.012860329673
0.0128998150975
0.0129386468037
0.0129766539788
0.0130136811199
0.0130495897543
0.0130842598519
0.0131175909036
0.0131495026522
0.0131799354717
0.0132088504059
0.0132362288797
0.0132620721131
0.0132864002649
0.0133092513452
0.0133306799315
0.0133507557264
0.0133695619925
0.0133871938975
0.0134037567985
0.0134193644913
0.0134341374448
0.0134482010388
0.0134616838186
0.0134747157778
0.0134874266783
0.0134999444162
0.0135123934416
0.0135248932398
0.0135375568853
0.0135504896766
0.0135637878671
0.0135775375045
0.0135918133937
0.013606678201
0.0136221817149
0.0136383602801
0.0136552364195
0.0136728186567
0.0136911015485
0.0137100659327
0.0137296793928
0.0137498969341
0.0137706618638
0.0137919068572
0.0138135551927
0.0138355221296
0.0138577164001
0.0138800417847
0.0139023987382
0.0139246860308
0.0139468023736
0.0139686479939
0.0139901261338
0.0140111444444
0.0140316162551
0.0140514616988
0.0140706086824
0.014088993692
0.0141065624293
0.0141232702785
0.0141390826075
0.0141539749071
0.014167932778
0.0141809517744
0.0141930371139
0.0142042032661
0.0142144734303
0.0142238789139
0.0142324584213
0.0142402572658
0.0142473265119
0.0142537220591
0.0142595036772
0.0142647340001
0.0142694774915
0.0142737993892
0.0142777646417
0.0142814368483
0.0142848772149
0.0142881435426
0.0142912892609
0.0142943625255
0.0142974053952
0.0143004531068
0.014303533463
0.0143066663522
0.0143098634113
0.0143131278457
0.0143164544153
0.0143198295909
0.0143232318841
0.0143266323471
0.0143299952348
0.0143332788187
0.0143364363372
0.0143394170618
0.0143421674589
0.0143446324224
0.0143467565521
0.0143484854518
0.0143497670223
0.0143505527244
0.01435079879
0.0143504673606
0.0143495275358
0.0143479563153
0.0143457394235
0.0143428720058
0.0143393591879
0.0143352164934
0.0143304701153
0.0143251570379
0.014319325008
0.014313032355
0.0143063476594
0.0142993492712
0.0142921246811
0.0142847697464
0.0142773877768
0.0142700884878
0.0142629868285
0.0142562016954
0.0142498545462
0.0142440679293
0.0142389639485
0.0142346626857
0.0142312806057
0.0142289289706
0.0142277122933
0.0142277268594
0.0142290593485
0.0142317855847
0.0142359694431
0.0142416619391
0.0142489005214
0.0142577085855
0.0142680952204
0.0142800551941
0.0142935691776
0.0143086042027
0.0143251143403
0.014343041583
0.0143623169087
0.014382861501
0.0144045880948
0.0144274024186
0.0144512046987
0.0144758911961
0.0145013557422
0.0145274912458
0.0145541911434
0.0145813507696
0.0146088686262
0.0146366475334
0.0146645956491
0.0146926273474
0.0147206639479
0.0147486342945
0.0147764751817
0.0148041316309
0.0148315570204
0.0148587130765
0.014885569731
0.0149121048557
0.0149383038825
0.0149641593204
0.0149896701797
0.0150148413151
0.0150396826995
0.0150642086406
0.0150884369526
0.0151123880951
0.0151360842909
0.0151595486372
0.0151828042199
0.0152058732451
0.0152287761994
0.0152515310504
0.0152741524984
0.0152966512909
0.0153190336092
0.0153413005364
0.0153634476136
0.0153854644939
0.0154073346965
0.0154290354668
0.0154505377452
0.0154718062441
0.0154927996345
0.0155134708384
0.0155337674239
0.0155536320985
0.0155730032925
0.0155918158268
0.0156100016538
0.0156274906634
0.015644211542
0.0156600926738
0.0156750630709
0.0156890533207
0.015701996538
0.0157138293064
0.0157244925982
0.0157339326587
0.0157421018419
0.0157489593854
0.0157544721132
0.0157586150548
0.0157613719711
0.015762735778
0.0157627088606
0.0157613032721
0.0157585408127
0.0157544529867
0.015749080837
0.0157424746582
0.0157346935918
0.0157258051091
0.0157158843877
0.0157050135913
0.0156932810613
0.0156807804331
0.0156676096872
0.0156538701486
0.015639665447
0.0156251004509
0.0156102801871
0.0155953087585
0.0155802882713
0.0155653177816
0.0155504922714
0.0155359016629
0.0155216298782
0.0155077539536
0.0154943432134
0.0154814585119
0.0154691515497
0.0154574642719
0.0154464283568
0.0154360648034
0.0154263836289
0.0154173836859
0.015409052612
0.0154013669245
0.0153942922722
0.0153877838568
0.0153817870338
0.0153762381021
0.0153710652868
0.0153661899148
0.0153615277791
0.0153569906793
0.0153524881202
0.0153479291418
0.0153432242482
0.015338287395
0.0153330379913
0.0153274028657
0.0153213181468
0.0153147310076
0.0153076012263
0.0152999025214
0.0152916236253
0.0152827690717
0.0152733596788
0.0152634327244
0.0152530418164
0.0152422564741
0.0152311614424
0.0152198557693
0.0152084516798
0.0151970732846
0.0151858551599
0.0151749408352
0.0151644812234
0.0151546330214
0.0151455571083
0.0151374169583
0.0151303770857
0.0151246015281
0.0151202523749
0.0151174883411
0.0151164633828
0.0151173253517
0.0151202146814
0.0151252631002
0.0151325923643
0.0151423130095
0.0151545231179
0.0151693071047
0.0151867345292
0.0152068589419
0.0152297167833
0.0152553263547
0.0152836868878
0.0153147777412
0.0153485577608
0.0153849648389
0.0154239157123
0.0154653060377
0.0155090107811
0.0155548849558
0.0156027647329
0.0156524689453
0.0157038009912
0.0157565511315
0.015810499164
0.0158654174394
0.0159210741707
0.0159772369765
0.016033676582
0.0160901705964
0.0161465072769
0.0162024891885
0.0162579366692
0.0163126910176
0.0163666173272
0.0164196069061
0.0164715792354
0.0165224834352
0.0165722992243
0.0166210373777
0.0166687396987
0.016715478537
0.016761355895
0.0168065021694
0.0168510745829
0.0168952553602
0.0169392497009
0.0169832836002
0.0170276015618
0.0170724642407
0.0171181460465
0.0171649327318
0.01721311898
0.017263006003
0.0173148991518
0.0173691055383
0.0174259316646
0.0174856810506
0.0175486518537
0.017615134471
0.0176854091178
0.0177597433787
0.0178383897289
0.0179215830296
0.0180095380045
0.0181024467091
0.0182004760101
0.0183037650973
0.0184124230525
0.0185265265092
0.0186461174334
0.018771201066
0.0189017440627
0.0190376728745
0.0191788724058
0.0193251849921
0.0194764097325
0.0196323022133
0.0197925746522
0.0199568964913
0.0201248954582
0.0202961591129
0.0204702368885
0.0206466426292
0.0208248576219
0.0210043341092
0.0211844992653
0.02136475961
0.0215445058239
0.0217231179257
0.0218999707609
0.0220744397443
0.0222459067913
0.0224137663662
0.0225774315681
0.022736340169
0.0228899605139
0.0230377971882
0.0231793963562
0.0233143506738
0.0234423036772
0.0235629535605
0.0236760562514
0.023781427713
0.0238789454048
0.0239685488525
0.0240502392933
0.0241240783791
0.0241901859428
0.0242487368504
0.0242999569843
0.0243441184228
0.0243815338993
0.0244125506435
0.0244375437209
0.0244569089987
0.0244710558761
0.0244803999231
0.0244853555704
0.0244863289956
0.0244837113424
0.0244778724016
0.0244691548726
0.0244578693078
0.024444289829
0.0244286506838
0.0244111436956
0.0243919166365
0.0243710725375
0.0243486699266
0.0243247239704
0.0242992084735
0.0242720586752
0.0242431747665
0.024212426038
0.0241796555564
0.0241446852583
0.0241073213447
0.0240673598527
0.0240245922827
0.0239788111586
0.023929815405
0.0238774154309
0.0238214378222
0.0237617295562
0.0236981616659
0.0236306323006
0.0235590691439
0.0234834311702
0.0234037097385
0.0233199290386
0.0232321459207
0.0231404491549
0.0230449581758
0.0229458213805
0.02284321405
0.0227373359718
0.0226284088405
0.0225166735102
0.0224023871721
0.0222858205212
0.0221672549724
0.0220469799732
0.0219252904578
0.0218024844709
0.0216788609869
0.0215547179365
0.0214303504476
0.0213060493002
0.0211820995859
0.0210587795623
0.0209363596839
0.020815101792
0.0206952584421
0.020577072348
0.0204607759206
0.0203465908832
0.0202347279419
0.0201253864982
0.0200187543881
0.0199150076379
0.0198143102285
0.0197168138638
0.0196226577416
0.0195319683261
0.0194448591263
0.0193614304834
0.0192817693739
0.0192059492345
0.0191340298154
0.0190660570696
0.0190020630848
0.0189420660626
0.0188860703503
0.0188340665307
0.0187860315693
0.018741929023
0.0187017093104
0.0186653100418
0.0186326564091
0.0186036616336
0.0185782274692
0.0185562447593
0.0185375940446
0.0185221462201
0.0185097632394
0.0185002988634
0.0184935994542
0.0184895048102
0.0184878490428
0.0184884614926
0.0184911676832
0.0184957903114
0.0185021502703
0.0185100677016
0.0185193630741
0.0185298582819
0.0185413777558
0.0185537495814
0.0185668066132
0.0185803875767
0.0185943381464
0.018608511988
0.0186227717534
0.0186369900141
0.0186510501224
0.0186648469865
0.0186782877486
0.0186912923549
0.0187037940095
0.0187157395028
0.0187270894104
0.0187378181583
0.018747913953
0.0187573785776
0.0187662270566
0.0187744871943
0.0187821989944
0.0187894139673
0.0187961943356
0.0188026121479
0.018808748311
0.0188146915509
0.0188205373148
0.0188263866223
0.0188323448768
0.0188385206461
0.0188450244202
0.0188519673543
0.0188594600045
0.0188676110639
0.0188765261041
0.0188863063317
0.0188970473656
0.0189088380435
0.018921759267
0.0189358828951
0.0189512706961
0.018967973372
0.0189860296669
0.0190054655754
0.0190262936641
0.0190485125236
0.0190721063657
0.0190970447805
0.0191232826682
0.0191507603572
0.0191794039182
0.0192091256821
0.0192398249628
0.0192713889858
0.0193036940145
0.0193366066639
0.0193699853861
0.0194036821034
0.0194375439654
0.0194714151969
0.0195051390022
0.0195385594902
0.0195715235777
0.0196038828353
0.0196354952338
0.0196662267568
0.0196959528452
0.0197245596453
0.0197519450368
0.0197780194242
0.0198027062801
0.0198259424371
0.0198476781308
0.0198678768037
0.0198865146832
0.0199035801556
0.019919072959
0.0199330032224
0.0199453903807
0.0199562619957
0.0199656525154
0.0199736019992
0.0199801548406
0.0199853585128
0.0199892623622
0.0199919164714
0.0199933706103
0.0199936732914
0.0199928709412
0.0199910071969
0.0199881223358
0.0199842528399
0.0199794310974
0.0199736852393
0.0199670391087
0.0199595123553
0.019951120651
0.0199418760145
0.0199317872385
0.0199208604053
0.0199090994806
0.0198965069729
0.0198830846426
0.0198688342497
0.0198537583237
0.0198378609419
0.0198211485008
0.019803630467
0.0197853200928
0.0197662350822
0.0197463981961
0.0197258377824
0.0197045882214
0.0196826902761
0.0196601913398
0.0196371455729
0.0196136139257
0.0195896640429
0.0195653700496
0.0195408122195
0.0195160765285
0.0194912540996
0.0194664405455
0.0194417352195
0.0194172403842
0.0193930603131
0.0193693003375
0.0193460658548
0.0193234613154
0.0193015892047
0.0192805490372
0.019260436381
0.0192413419297
0.0192233506367
0.0192065409298
0.0191909840166
0.0191767432965
0.0191638738868
0.0191524222728
0.0191424260871
0.0191339140203
0.0191269058659
0.0191214126954
0.0191174371588
0.0191149739048
0.0191140101084
0.0191145260954
0.0191164960489
0.0191198887814
0.0191246685557
0.0191307959352
0.0191382286452
0.0191469224252
0.0191568318542
0.0191679111291
0.0191801147807
0.0191933983103
0.0192077187348
0.0192230350281
0.0192393084505
0.0192565027611
0.0192745843092
0.0192935220068
0.0193132871848
0.0193338533397
0.0193551957808
0.0193772911893
0.0194001171052
0.0194236513571
0.0194478714542
0.019472753959
0.0194982738604
0.0195244039683
0.0195511143467
0.019578371806
0.0196061394694
0.0196343764285
0.0196630375011
0.0196920730995
0.0197214292155
0.0197510475258
0.0197808656172
0.0198108173263
0.0198408331884
0.0198708409845
0.019900766372
0.0199305335861
0.0199600661921
0.0199892878709
0.020018123218
0.0200464985349
0.0200743425951
0.0201015873644
0.0201281686589
0.0201540267264
0.0201791067369
0.020203359174
0.0202267401191
0.0202492114254
0.020270740781
0.0202913016642
0.0203108731959
0.0203294398983
0.0203469913707
0.0203635218945
0.0203790299822
0.0203935178864
0.0204069910825
0.0204194577439
0.0204309282226
0.0204414145512
0.0204509299781
0.0204594885496
0.0204671047453
0.0204737931772
0.0204795683563
0.0204844445289
0.0204884355849
0.020491555035
0.0204938160542
0.0204952315857
0.0204958144984
0.0204955777907
0.0204945348302
0.0204926996207
0.0204900870871
0.0204867133673
0.0204825961023
0.0204777547162
0.0204722106771
0.0204659877333
0.0204591121172
0.0204516127143
0.0204435211923
0.0204348720882
0.0204257028541
0.0204160538588
0.0204059683487
0.020395492368
0.0203846746415
0.0203735664221
0.0203622213064
0.0203506950211
0.0203390451847
0.0203273310454
0.0203156131999
0.0203039532951
0.020292413715
0.0202810572536
0.0202699467782
0.0202591448813
0.0202487135244
0.0202387136744
0.0202292049325
0.0202202451583
0.0202118900895
0.0202041929584
0.020197204108
0.0201909706094
0.0201855358827
0.0201809393256
0.0201772159533
0.0201743960519
0.020172504853
0.0201715622311
0.0201715824316
0.0201725738321
0.0201745387447
0.0201774732615
0.0201813671514
0.0201862038089
0.0201919602612
0.0201986072361
0.0202061092909
0.0202144250066
0.0202235072448
0.0202333034669
0.0202437561152
0.02025480305
0.0202663780398
0.0202784112998
0.020290830071
0.0203035592342
0.0203165219503
0.02032964032
0.0203428360539
0.0203560311455
0.0203691485378
0.0203821127784
0.0203948506537
0.0204072917974
0.0204193692677
0.0204310200891
0.0204421857551
0.0204528126907
0.0204628526721
0.020472263205
0.0204810078613
0.0204890565759
0.0204963859056
0.0205029792519
0.0205088270506
0.0205139269282
0.020518283829
0.0205219101105
0.0205248256073
0.0205270576613
0.0205286411133
0.0205296182501
0.0205300386998
0.0205299592644
0.0205294436792
0.0205285622856
0.0205273916052
0.0205260138003
0.0205245160097
0.0205229895504
0.0205215289774
0.0205202310026
0.0205191932747
0.0205185130356
0.0205182856719
0.0205186031908
0.020519552659
0.0205212146487
0.0205236617424
0.0205269571496
0.0205311534911
0.0205362918021
0.0205424007988
0.0205494964443
0.0205575818354
0.0205666474196
0.0205766715332
0.0205876212389
0.0205994534259
0.020612116125
0.0206255499837
0.0206396898396
0.0206544663334
0.0206698075027
0.020685640304
0.0207018920212
0.0207184915229
0.0207353703466
0.0207524635948
0.0207697106363
0.0207870556174
0.0208044477908
0.0208218416784
0.0208391970844
0.0208564789796
0.0208736572794
0.0208907065353
0.0209076055606
0.0209243370116
0.02094088694
0.0209572443342
0.0209734006635
0.0209893494385
0.0210050857986
0.0210206061376
0.0210359077754
0.0210509886837
0.0210658472731
0.021080482246
0.0210948925211
0.0211090772323
0.0211230358036
0.0211367681009
0.0211502746584
0.0211635569771
0.0211766178862
0.0211894619617
0.0212020959867
0.0212145294407
0.0212267749976
0.0212388490135
0.0212507719804
0.0212625689215
0.0212742697053
0.0212859092525
0.0212975276175
0.0213091699238
0.0213208861423
0.0213327307047
0.0213447619509
0.0213570414172
0.0213696329785
0.0213826018638
0.0213960135698
0.0214099327024
0.0214244217773
0.0214395400116
0.0214553421405
0.0214718772855
0.021489187904
0.0215073088387
0.0215262664874
0.0215460781022
0.0215667512287
0.021588283286
0.0216106612891
0.0216338617107
0.0216578504767
0.0216825830912
0.0217080048838
0.0217340513735
0.0217606487443
0.0217877144266
0.0218151577807
0.0218428808783
0.0218707793777
0.0218987434901
0.0219266590295
0.0219544085424
0.0219818725086
0.0220089306021
0.0220354630021
0.022061351737
0.0220864820455
0.0221107437355
0.0221340325181
0.0221562512943
0.0221773113719
0.0221971335859
0.0222156493028
0.0222328012847
0.0222485443959
0.0222628461355
0.0222756869855
0.0222870605651
0.0222969735909
0.0223054456432
0.0223125087463
0.0223182067737
0.0223225946928
0.0223257376676
0.0223277100405
0.0223285942142
0.0223284794588
0.0223274606659
0.0223256370735
0.0223231109839
0.022319986493
0.022316368252
0.0223123602752
0.0223080648098
0.022303581278
0.0222990053029
0.0222944278237
0.0222899343087
0.0222856040681
0.0222815096722
0.0222777164751
0.0222742822448
0.0222712569016
0.0222686823615
0.022266592484
0.0222650131214
0.0222639622664
0.0222634502912
0.0222634802753
0.0222640484127
0.0222651444911
0.0222667524344
0.0222688508972
0.0222714139015
0.0222744115026
0.0222778104731
0.0222815749921
0.0222856673273
0.0222900484989
0.0222946789146
0.0222995189649
0.022304529572
0.0223096726838
0.0223149117089
0.0223202118889
0.022325540606
0.0223308676257
0.0223361652771
0.0223414085715
0.0223465752658
0.022351645873
0.0223566036272
0.022361434408
0.0223661266314
0.0223706711125
0.0223750609062
0.0223792911331
0.0223833587938
0.0223872625779
0.0223910026723
0.022394580571
0.0223979988912
0.0224012611977
0.0224043718366
0.0224073357816
0.0224101584927
0.022412845788
0.0224154037293
0.0224178385213
0.0224201564235
0.0224223636753
0.0224244664326
0.022426470716
0.0224283823684
0.0224302070235
