0.00700595691447
0.00700295738626
0.00699977088838
0.00699639806299
0.00699283986339
0.00698909758175
0.0069851728812
0.00698106783258
0.00697678495631
0.00697232726931
0.00696769833734
0.00696290233241
0.00695794409526
0.00695282920237
0.00694756403689
0.00694215586263
0.00693661289995
0.00693094440222
0.00692516073112
0.00691927342902
0.00691329528608
0.00690724039993
0.00690112422528
0.00689496361085
0.00688877682095
0.00688258353903
0.0068764048506
0.00687026320328
0.00686418234181
0.00685818721648
0.00685230386371
0.00684655925837
0.00684098113786
0.00683559779879
0.00683043786794
0.00682553004986
0.00682090285431
0.00681658430759
0.00681260165231
0.00680898104089
0.00680574722858
0.00680292327207
0.00680053023989
0.00679858694101
0.00679710967753
0.00679611202743
0.00679560466227
0.00679559520443
0.00679608812727
0.0067970847008
0.00679858298408
0.0068005778645
0.00680306114282
0.00680602166145
0.00680944547261
0.00681331604137
0.00681761447814
0.00682231979396
0.00682740917156
0.00683285824467
0.00683864137802
0.00684473194048
0.0068511025644
0.00685772538458
0.0068645722515
0.00687161491432
0.00687882517069
0.00688617498153
0.00689363655085
0.0069011823719
0.00690878524265
0.00691641825499
0.0069240547633
0.00693166833917
0.00693923271986
0.0069467217587
0.00695410938579
0.00696136958731
0.00696847641141
0.00697540400762
0.00698212670605
0.0069886191409
0.00699485642149
0.00700081435212
0.00700646970017
0.00701180051002
0.00701678645817
0.0070214092433
0.00702565300314
0.00702950474837
0.00703295480281
0.00703599723766
0.00703863028742
0.00704085673444
0.00704268424938
0.00704412567514
0.00704519924304
0.00704592871078
0.00704634341363
0.00704647822211
0.00704637340115
0.00704607436852
0.00704563135225
0.00704509894929
0.00704453559026
0.0070440029172
0.00704356508361
0.00704328798793
0.00704323845346
0.0070434833691
0.00704408880645
0.00704511912953
0.00704663611386
0.00704869809161
0.0070513591391
0.00705466832242
0.00705866901556
0.00706339830428
0.00706888648703
0.00707515668246
0.00708222455052
0.00709009813223
0.00709877781018
0.00710825638965
0.00711851929746
0.00712954489317
0.00714130488473
0.00715376483877
0.00716688477323
0.00718061981878
0.00719492093379
0.00720973565679
0.00722500887987
0.00724068362603
0.0072567018142
0.00727300499618
0.00728953505098
0.00730623482365
0.00732304869757
0.00733992309133
0.00735680687389
0.00737365169391
0.00739041222205
0.00740704630746
0.00742351505188
0.00743978280741
0.00745581710556
0.00747158852707
0.0074870705231
0.0075022391994
0.0075170730753
0.00753155282968
0.00754566104525
0.00755938196231
0.00757270125138
0.00758560581333
0.00759808361352
0.00761012355499
0.00762171539368
0.00763284969676
0.00764351784337
0.00765371206497
0.00766342552127
0.00767265240583
0.00768138807449
0.00768962918881
0.00769737386599
0.00770462182643
0.00771137453024
0.00771763529415
0.00772340938089
0.00772870405417
0.00773352859318
0.00773789426216
0.00774181423173
0.00774530345061
0.00774837846744
0.0077510572046
0.00775335868709
0.00775530273111
0.00775690959854
0.00775819962433
0.00775919282517
0.00775990849831
0.00776036482007
0.00776057845383
0.00776056417729
0.00776033453862
0.00775989955056
0.00775926643104
0.0077584393977
0.00775741952297
0.00775620465476
0.00775478940676
0.00775316522059
0.00775132050091
0.00774924082245
0.00774690920695
0.00774430646602
0.0077414116047
0.00773820227903
0.00773465529964
0.00773074717235
0.00772645466591
0.00772175539601
0.00771662841451
0.00771105479239
0.00770501818483
0.00769850536717
0.00769150673094
0.00768401672961
0.00767603426489
0.00766756300535
0.00765861163038
0.00764919399405
0.00763932920478
0.00762904161865
0.0076183607455
0.00760732106888
0.00759596178261
0.00758432644802
0.00757246257784
0.00756042115377
0.00754825608618
0.00753602362539
0.00752378173494
0.00751158943782
0.0074995061472
0.00748759099348
0.00747590215938
0.00746449623479
0.00745342760266
0.00744274786656
0.00743250532987
0.0074227445356
0.00741350587474
0.00740482526982
0.00739673393893
0.00738925824418
0.00738241962688
0.00737623463022
0.00737071500865
0.00736586792161
0.00736169620754
0.00735819873287
0.00735537080894
0.00735320466895
0.00735168999539
0.00735081448778
0.00735056445971
0.0073509254533
0.00735188285917
0.00735342252964
0.00735553137295
0.00735819791673
0.00736141282929
0.0073651693881
0.00736946388581
0.00737429596516
0.00737966887535
0.00738558964386
0.00739206915925
0.0073991221617
0.00740676713999
0.00741502613493
0.00742392445088
0.00743349027864
0.00744375423418
0.00745474881952
0.00746650781284
0.00747906559651
0.00749245643261
0.00750671369649
0.00752186907971
0.00753795177449
0.00755498765211
0.00757299844828
0.00759200096854
0.00761200632702
0.00763301923143
0.00765503732717
0.0076780506128
0.00770204093858
0.00772698159866
0.00775283702683
0.00777956260431
0.00780710458656
0.00783540015475
0.00786437759563
0.00789395661168
0.0079240487614
0.00795455802756
0.0079853815091
0.00801641023003
0.00804753005682
0.00807862271334
0.00810956688092
0.00814023936887
0.00817051633954
0.00820027457056
0.0082293927361
0.00825775268809
0.00828524071827
0.00831174878195
0.00833717566509
0.00836142807671
0.00838442165058
0.00840608184124
0.00842634470153
0.0084451575311
0.00846247938751
0.00847828145434
0.00849254726314
0.00850527276875
0.00851646628009
0.00852614825074
0.00853435093617
0.00854111792608
0.00854650356228
0.00855057225361
0.00855339770066
0.00855506204335
0.00855565494504
0.00855527262641
0.00855401686212
0.00855199395265
0.00854931368243
0.00854608827453
0.00854243135078
0.00853845690478
0.00853427829383
0.00853000725458
0.00852575294577
0.00852162102031
0.00851771272812
0.00851412405028
0.00851094486462
0.00850825814279
0.00850613917879
0.00850465484938
0.00850386290758
0.00850381131106
0.00850453758863
0.00850606824903
0.00850841823768
0.00851159044816
0.00851557529674
0.00852035036902
0.00852588014857
0.00853211583834
0.00853899528497
0.00854644301652
0.00855437040259
0.00856267594505
0.00857124570523
0.00857995387174
0.00858866347013
0.0085972272132
0.00860548848792
0.00861328247209
0.00862043737179
0.00862677576832
0.00863211606209
0.00863627399983
0.00863906427148
0.00864030216326
0.00863980525485
0.00863739514975
0.00863289922996
0.00862615242829
0.00861699901323
0.00860529438321
0.00859090686812
0.00857371953597
0.00855363200232
0.00853056223761
0.00850444836497
0.00847525043619
0.00844295216822
0.00840756261589
0.0083691177489
0.00832768189392
0.00828334899445
0.00823624363473
0.00818652176826
0.00813437108819
0.00808001097627
0.00802369196984
0.00796569469298
0.00790632820874
0.00784592776449
0.00778485192119
0.00772347907949
0.00766220343991
0.0076014304596
0.00754157189272
0.00748304052404
0.00742624472355
0.0073715829632
0.00731943844343
0.00727017397659
0.0072241272665
0.0071816067087
0.00714288781501
0.00710821034085
0.00707777616537
0.00705174794522
0.00703024853411
0.00701336113408
0.0070011301222
0.00699356247802
0.00699062972527
0.00699227029316
0.00699839220111
0.00700887597232
0.00702357768792
0.00704233210195
0.00706495574801
0.0070912499801
0.00712100390203
0.00715399715093
0.00719000251111
0.00722878834354
0.0072701208236
0.00731376598625
0.00735949158166
0.00740706874761
0.00745627350663
0.007506888096
0.00755870213908
0.00761151366473
0.00766512998075
0.00771936840562
0.00777405686112
0.00782903432747
0.00788415116127
0.00793926927629
0.00799426218687
0.00804901491455
0.00810342375899
0.00815739593651
0.00821084909077
0.00826371068309
0.00831591727178
0.00836741369303
0.00841815215818
0.00846809128471
0.00851719508035
0.00856543190185
0.00861277341072
0.00865919354926
0.00870466756031
0.0087491710734
0.008792679279
0.00883516621047
0.00887660415112
0.0089169631809
0.00895621087352
0.00899431215168
0.0090312293038
0.00906692216185
0.00910134843589
0.00913446419713
0.00916622449766
0.00919658411176
0.00922549838084
0.00925292414149
0.00927882071432
0.00930315092975
0.00932588216599
0.00934698737425
0.00936644606602
0.00938424523848
0.00940038021464
0.00941485537685
0.00942768477402
0.00943889258556
0.00944851342747
0.00945659248915
0.00946318549301
0.0094683584719
0.00947218736366
0.00947475742534
0.00947616247363
0.00947650396167
0.00947588990611
0.00947443368139
0.0094722527015
0.00946946701206
0.00946619781755
0.00946256597028
0.00945869044871
0.00945468685287
0.00945066594439
0.00944673225791
0.00944298280844
0.00943950591777
0.00943638017983
0.00943367358213
0.00943144279694
0.00942973265239
0.00942857578999
0.00942799251168
0.00942799081574
0.0094285666178
0.00942970415034
0.00943137653072
0.00943354648618
0.00943616722133
0.00943918341238
0.00944253231063
0.00944614493652
0.00944994734471
0.00945386193966
0.00945780882115
0.00946170713843
0.00946547643219
0.00946903794335
0.00947231586864
0.0094752385435
0.00947773953415
0.00947975862212
0.00948124266652
0.00948214633148
0.00948243266875
0.00948207354833
0.009481049933
0.0094793519959
0.00947697908366
0.00947393953044
0.00947025033182
0.00946593668986
0.00946103144332
0.00945557439884
0.00944961158045
0.00944319441583
0.00943637887768
0.00942922459876
0.00942179397837
0.0094141512965
0.00940636185092
0.00939849113009
0.00939060403309
0.00938276414559
0.00937503307873
0.0093674698757
0.00936013048931
0.00935306733173
0.00934632889665
0.00933995945265
0.00933399880606
0.00932848213081
0.00932343986245
0.00931889765348
0.00931487638712
0.00931139224658
0.00930845683729
0.00930607735949
0.00930425682882
0.00930299434245
0.00930228538829
0.00930212219444
0.00930249411579
0.00930338805419
0.00930478890767
0.00930668004388
0.00930904379186
0.00931186194541
0.00931511627066
0.00931878900981
0.00932286337221
0.00932732400377
0.0093321574254
0.00933735243136
0.00934290043849
0.00934879577832
0.00935503592437
0.00936162164853
0.0093685571015
0.00937584981372
0.00938351061506
0.00939155347309
0.00939999525148
0.00940885539203
0.00941815552525
0.00942791901626
0.00943817045391
0.00944893509269
0.00946023825771
0.00947210472426
0.00948455808378
0.00949762010903
0.00951131013076
0.00952564443892
0.00954063572066
0.00955629254722
0.00957261892094
0.00958961389286
0.0096072712601
0.00962557935104
0.00964452090458
0.00966407304828
0.00968420737806
0.00970489014031
0.00972608251502
0.00974774099631
0.00976981786476
0.00979226174356
0.00981501822851
0.00983803058005
0.0098612404638
0.00988458872469
0.00990801617879
0.00993146440617
0.00995487652799
0.0099781979511
0.0100013770642
0.0100243658707
0.0100471205439
0.0100696018945
0.010091775739
0.0101136131622
0.0101350906705
0.0101561902307
0.0101768991978
0.0101972101327
0.0102171205157
0.0102366323629
0.0102557517554
0.0102744882918
0.0102928544769
0.0103108650595
0.0103285363351
0.0103458854257
0.0103629295551
0.0103796853308
0.0103961680505
0.0104123910443
0.0104283650678
0.0104440977562
0.0104595931518
0.0104748513137
0.0104898680173
0.0105046345505
0.0105191376105
0.0105333593043
0.0105472772535
0.010560864802
0.0105740913231
0.0105869226214
0.0105993214214
0.0106112479348
0.0106226604937
0.0106335162401
0.0106437718547
0.0106533843128
0.01066231165
0.010670513722
0.0106779529422
0.0106845949818
0.0106904094164
0.010695370305
0.0106994566905
0.0107026530091
0.0107049494014
0.0107063419193
0.010706832625
0.0107064295822
0.0107051467409
0.0107030037224
0.0107000255095
0.0106962420546
0.0106916878155
0.0106864012327
0.0106804241628
0.0106738012835
0.0106665794849
0.0106588072625
0.0106505341263
0.0106418100385
0.0106326848926
0.0106232080424
0.0106134278899
0.0106033915364
0.0105931445014
0.0105827305096
0.0105721913448
0.0105615667688
0.010550894499
0.0105402102396
0.0105295477579
0.0105189389983
0.0105084142244
0.0104980021797
0.0104877302584
0.0104776246782
0.0104677106452
0.0104580125056
0.0104485538776
0.0104393577587
0.0104304466042
0.0104218423767
0.0104135665639
0.0104056401664
0.0103980836573
0.010390916915
0.0103841591358
0.0103778287272
0.01037194319
0.0103665189923
0.0103615714411
0.0103571145576
0.0103531609596
0.0103497217554
0.0103468064542
0.0103444228927
0.0103425771836
0.0103412736829
0.0103405149797
0.0103403019045
0.0103406335571
0.0103415073493
0.0103429190615
0.010344862909
0.0103473316138
0.0103503164808
0.0103538074714
0.0103577932751
0.0103622613732
0.0103671980947
0.0103725886616
0.0103784172232
0.0103846668799
0.0103913196957
0.0103983567025
0.010405757897
0.0104135022333
0.0104215676135
0.0104299308802
0.0104385678141
0.0104474531381
0.0104565605346
0.0104658626744
0.0104753312623
0.0104849371
0.010494650167
0.0105044397195
0.0105142744082
0.0105241224112
0.0105339515824
0.0105437296112
0.0105534241911
0.0105630031923
0.0105724348369
0.0105816878686
0.0105907317169
0.0105995366484
0.0106080739025
0.0106163158085
0.0106242358798
0.010631808884
0.0106390108854
0.0106458192606
0.0106522126858
0.0106581710962
0.0106636756197
0.0106687084856
0.0106732529122
0.0106772929762
0.010680813468
0.0106837997378
0.0106862375364
0.0106881128572
0.0106894117839
0.0106901203492
0.0106902244106
0.0106897095474
0.0106885609841
0.0106867635442
0.0106843016387
0.0106811592914
0.0106773202042
0.0106727678634
0.0106674856881
0.0106614572204
0.010654666357
0.0106470976195
0.0106387364617
0.0106295696113
0.0106195854398
0.010608774359
0.0105971292369
0.0105846458287
0.0105713232164
0.0105571642518
0.0105421759953
0.0105263701455
0.0105097634515
0.0104923781032
0.0104742420916
0.0104553895327
0.01043586095
0.0104157035075
0.0103949711888
0.0103737249149
0.0103520325967
0.0103299691151
0.0103076162254
0.0102850623803
0.0102624024687
0.0102397374655
0.0102171739922
0.010194823785
0.0101728030711
0.0101512318545
0.0101302331135
0.0101099319143
0.0100904544469
0.0100719269916
0.010054474826
0.0100382210842
0.0100232855832
0.0100097836314
0.00999782483751
0.00998751193896
0.00997893966894
0.00997219368381
0.00996734957097
0.00996447195768
0.00996361374007
0.00996481544992
0.00996810477476
0.00997349624382
0.00998099108931
0.00999057728884
0.010002229791
0.0100159109218
0.0100315709659
0.0100491489127
0.0100685733531
0.0100897635104
0.0101126303849
0.0101370779908
0.010163004661
0.0101903043952
0.0102188682269
0.0102485855837
0.0102793456177
0.0103110384828
0.0103435565392
0.0103767954653
0.0104106552622
0.010445041136
0.0104798642477
0.0105150423225
0.0105505001127
0.0105861697111
0.0106219907152
0.0106579102432
0.0106938828061
0.0107298700437
0.0107658403294
0.0108017682578
0.0108376340238
0.0108734227076
0.0109091234806
0.0109447287479
0.0109802332436
0.0110156330983
0.0110509248953
0.0110861047365
0.011121167335
0.011156105153
0.0111909076046
0.0112255603381
0.0112600446148
0.0112943367963
0.011328407954
0.0113622236075
0.0113957436
0.0114289221133
0.0114617078231
0.0114940441926
0.0115258698975
0.0115571193761
0.0115877234915
0.0116176102932
0.0116467058633
0.0116749352288
0.0117022233227
0.0117284959746
0.0117536809101
0.0117777087418
0.0118005139307
0.0118220357031
0.0118422189031
0.0118610147695
0.0118783816217
0.0118942854455
0.0119087003701
0.0119216090298
0.0119330028083
0.011942881962
0.0119512556261
0.011958141704
0.011963566646
0.0119675651239
0.011970179608
0.0119714598564
0.0119714623259
0.0119702495137
0.0119678892415
0.0119644538905
0.0119600196001
0.0119546654378
0.0119484725513
0.0119415233126
0.011933900461
0.0119256862565
0.0119169616493
0.0119078054752
0.0118982936844
0.0118884986118
0.011878488296
0.0118683258562
0.0118580689333
0.0118477692038
0.0118374719729
0.0118272158544
0.0118170325412
0.0118069466738
0.0117969758075
0.0117871304813
0.0117774143884
0.0117678246449
0.0117583521544
0.0117489820601
0.0117396942785
0.0117304641028
0.0117212628673
0.0117120586588
0.0117028170633
0.0116935019361
0.0116840761814
0.0116745025313
0.0116647443117
0.011654766187
0.0116445348729
0.0116340198126
0.0116231938067
0.0116120335943
0.0116005203785
0.0115886402939
0.0115763848107
0.0115637510735
0.01155074217
0.0115373673282
0.0115236420361
0.0115095880839
0.011495233524
0.0114806125478
0.0114657652773
0.0114507374723
0.0114355801552
0.0114203491549
0.0114051045771
0.0113899102083
0.0113748328616
0.0113599416783
0.0113453073974
0.0113310016088
0.0113170960059
0.011303661655
0.0112907682965
0.011278483694
0.0112668730454
0.0112559984663
0.0112459185565
0.0112366880529
0.0112283575737
0.0112209734517
0.011214577653
0.0112092077739
0.0112048971071
0.0112016747649
0.0111995658472
0.0111985916392
0.0111987698268
0.011200114714
0.0112026374313
0.0112063461227
0.0112112461023
0.0112173399727
0.0112246277006
0.0112331066458
0.0112427715428
0.0112536144379
0.0112656245835
0.0112787882972
0.0112930887906
0.0113085059787
0.0113250162787
0.011342592408
0.0113612031945
0.0113808134097
0.0114013836356
0.0114228701783
0.0114452250369
0.0114683959394
0.0114923264525
0.0115169561735
0.0115422210094
0.011568053546
0.0115943835093
0.0116211383157
0.011648243709
0.0116756244759
0.0117032052294
0.0117309112492
0.0117586693598
0.0117864088313
0.0118140622796
0.011841566544
0.0118688635191
0.0118959009168
0.0119226329344
0.011949020809
0.0119750332378
0.01200064665
0.0120258453194
0.0120506213133
0.012074974276
0.0120989110557
0.0121224451845
0.0121455962284
0.0121683890302
0.0121908528678
0.0122130205552
0.0122349275136
0.0122566108396
0.0122781083951
0.0122994579418
0.0123206963398
0.0123418588243
0.012362978372
0.0123840851639
0.0124052061454
0.0124263646847
0.0124475803233
0.0124688686134
0.0124902410317
0.0125117049627
0.0125332637386
0.0125549167279
0.0125766594624
0.0125984837933
0.0126203780712
0.0126423273408
0.0126643135486
0.0126863157587
0.012708310374
0.0127302713643
0.0127521704985
0.0127739775841
0.0127956607134
0.012817186519
0.0128385204403
0.0128596270013
0.0128804701008
0.0129010133165
0.0129212202206
0.0129410547075
0.0129604813295
0.0129794656395
0.0129979745362
0.0130159766067
0.0130334424638
0.0130503450705
0.0130666600491
0.0130823659673
0.0130974445995
0.0131118811561
0.0131256644795
0.0131387872027
0.0131512458681
0.0131630410065
0.0131741771736
0.0131846629457
0.0131945108747
0.0132037374034
0.0132123627423
0.0132204107109
0.013227908545
0.0132348866712
0.0132413784527
0.0132474199067
0.0132530493976
0.0132583073057
0.0132632356761
0.0132678778481
0.0132722780685
0.0132764810914
0.0132805317665
0.0132844746202
0.0132883534332
0.0132922108177
0.0132960878012
0.0133000234202
0.0133040543315
0.0133082144469
0.0133125345989
0.0133170422436
0.0133217612094
0.0133267114978
0.0133319091426
0.0133373661344
0.013343090414
0.0133490859386
0.0133553528224
0.0133618875513
0.0133686832698
0.0133757301347
0.0133830157303
0.0133905255359
0.013398243435
0.0134061522544
0.0134142343201
0.0134224720156
0.0134308483284
0.0134393473702
0.013447954857
0.013456658536
0.0134654485488
0.0134743177199
0.0134832617632
0.0134922794008
0.0135013723904
0.0135105454601
0.0135198061508
0.0135291645699
0.013538633061
0.0135482257953
0.0135579582947
0.0135678468947
0.0135779081592
0.0135881582595
0.0135986123291
0.0136092838106
0.0136201838065
0.0136313204516
0.0136426983191
0.0136543178782
0.0136661750159
0.0136782606381
0.0136905603631
0.0137030543199
0.0137157170601
0.0137285175943
0.0137414195563
0.0137543815011
0.0137673573351
0.013780296876
0.0137931465373
0.0138058501267
0.0138183497451
0.0138305867708
0.01384250291
0.0138540412903
0.0138651475754
0.0138757710752
0.0138858658254
0.0138953916119
0.0139043149145
0.0139126097464
0.0139202583696
0.0139272518662
0.0139335905521
0.0139392842212
0.0139443522123
0.0139488232959
0.0139527353824
0.0139561350547
0.0139590769361
0.0139616229036
0.0139638411631
0.0139658052035
0.0139675926506
0.0139692840412
0.0139709615411
0.0139727076304
0.0139746037794
0.0139767291391
0.0139791592683
0.0139819649209
0.0139852109117
0.0139889550817
0.0139932473783
0.0139981290673
0.0140036320871
0.0140097785573
0.0140165804475
0.0140240394125
0.0140321467941
0.0140408837894
0.0140502217806
0.0140601228197
0.0140705402568
0.0140814195002
0.0140926988917
0.01410431068
0.0141161820715
0.014128236338
0.0141403939586
0.0141525737721
0.0141646941193
0.0141766739503
0.0141884338785
0.0141998971616
0.0142109905923
0.0142216452861
0.0142317973562
0.014241388466
0.0142503662588
0.0142586846628
0.0142663040744
0.0142731914281
0.0142793201609
0.0142846700823
0.0142892271654
0.0142929832715
0.0142959358244
0.0142980874511
0.014299445601
0.0143000221612
0.014299833078
0.0142988979971
0.0142972399321
0.0142948849663
0.0142918619959
0.0142882025142
0.0142839404404
0.0142791119887
0.0142737555771
0.0142679117702
0.0142616232503
0.0142549348103
0.0142478933607
0.0142405479433
0.014232949745
0.0142251521017
0.0142172104882
0.0142091824868
0.0142011277278
0.0141931078003
0.0141851861274
0.014177427804
0.0141698993962
0.014162668702
0.0141558044719
0.0141493760922
0.014143453233
0.0141381054611
0.0141334018223
0.014129410396
0.014126197825
0.0141238288233
0.0141223656676
0.0141218676743
0.0141223906683
0.0141239864452
0.0141267022356
0.0141305801729
0.0141356567732
0.0141419624327
0.0141495209504
0.0141583490834
0.0141684561438
0.014179843647
0.01419250502
0.0142064253805
0.0142215813959
0.0142379412319
0.0142554645979
0.0142741028962
0.0142937994806
0.0143144900245
0.0143361029992
0.0143585602583
0.0143817777205
0.0144056661406
0.0144301319561
0.0144550781909
0.0144804054011
0.0145060126405
0.0145317984269
0.0145576616896
0.0145835026786
0.0146092238193
0.0146347304987
0.0146599317717
0.0146847409812
0.0147090762875
0.0147328611073
0.0147560244663
0.0147785012718
0.0148002325138
0.0148211654071
0.014841253485
0.01486045666
0.0148787412624
0.0148960800717
0.0149124523505
0.0149278438923
0.0149422470906
0.0149556610365
0.0149680916468
0.0149795518251
0.0149900616531
0.0149996486091
0.0150083478048
0.0150162022324
0.0150232630089
0.0150295896039
0.0150352500344
0.0150403210089
0.0150448880028
0.0150490452463
0.0150528956054
0.0150565503402
0.0150601287248
0.0150637575164
0.0150675702665
0.0150717064689
0.0150763105489
0.0150815306992
0.015087517579
0.0150944228956
0.0151023978968
0.0151115918052
0.0151221502335
0.0151342136203
0.0151479157293
0.015163382256
0.0151807295822
0.0152000637177
0.0152214794622
0.0152450598139
0.0152708756457
0.0152989856577
0.0153294366109
0.0153622638325
0.0153974919801
0.0154351360407
0.0154752025344
0.015517690889
0.0155625949452
0.0156099045508
0.0156596072011
0.0157116896813
0.0157661396692
0.0158229472583
0.0158821063641
0.0159436159797
0.0160074812513
0.0160737143493
0.0161423351126
0.0162133714531
0.0162868595055
0.0163628435192
0.0164413754894
0.0165225145288
0.0166063259892
0.0166928803434
0.0167822518439
0.0168745169772
0.0169697527395
0.0170680347592
0.0171694352985
0.0172740211672
0.0173818515848
0.0174929760292
0.0176074321104
0.0177252435099
0.0178464180243
0.0179709457517
0.0180987974557
0.0182299231417
0.0183642508739
0.0185016858572
0.0186421098044
0.0187853806015
0.0189313322798
0.019079775294
0.0192304971035
0.0193832630428
0.0195378174665
0.0196938851438
0.0198511728771
0.0200093713134
0.0201681569155
0.0203271940579
0.020486137211
0.0206446331807
0.0208023233679
0.0209588460175
0.0211138384291
0.0212669391046
0.0214177898122
0.0215660375515
0.0217113364068
0.0218533492806
0.021991749505
0.0221262223266
0.0222564662689
0.0223821943741
0.0225031353283
0.0226190344749
0.0227296547191
0.0228347773279
0.0229342026251
0.0230277505818
0.0231152612998
0.0231965953832
0.0232716341917
0.0233402799686
0.0234024558354
0.0234581056438
0.0235071936784
0.0235497042041
0.0235856408545
0.0236150258599
0.0236378991205
0.0236543171302
0.0236643517649
0.0236680889512
0.023665627238
0.0236570762967
0.0236425553787
0.0236221917642
0.0235961192349
0.0235644766065
0.0235274063555
0.0234850533734
0.0234375638783
0.0233850845086
0.0233277616222
0.0232657408134
0.0231991666561
0.0231281826751
0.0230529315372
0.0229735554485
0.0228901967363
0.0228029985886
0.0227121059169
0.0226176663052
0.0225198310041
0.0224187559279
0.022314602612
0.0222075390891
0.0220977406472
0.0219853904346
0.0218706798841
0.0217538089356
0.0216349860412
0.0215144279465
0.0213923592497
0.0212690117438
0.0211446235594
0.0210194381253
0.0208937029753
0.0207676684263
0.020641586162
0.0205157077525
0.0203902831427
0.0202655591408
0.020141777936
0.0200191756719
0.0198979810981
0.0197784143216
0.0196606856705
0.0195449946857
0.0194315292458
0.0193204648316
0.0192119639329
0.0191061755945
0.0190032351009
0.0189032637935
0.0188063690144
0.0187126441695
0.018622168903
0.0185350093739
0.0184512186259
0.018370837041
0.0182938928665
0.0182204028061
0.0181503726643
0.0180837980331
0.0180206650122
0.0179609509485
0.0179046251874
0.017851649822
0.0178019804311
0.0177555667937
0.0177123535714
0.0176722809484
0.0176352852203
0.0176012993252
0.0175702533103
0.0175420747312
0.0175166889793
0.0174940195386
0.0174739881729
0.0174565150456
0.0174415187789
0.0174289164577
0.0174186235881
0.0174105540197
0.0174046198418
0.0174007312667
0.0173987965111
0.017398721688
0.0174004107213
0.0174037652943
0.0174086848437
0.0174150666064
0.0174228057301
0.0174317954514
0.0174419273474
0.0174530916621
0.017465177709
0.0174780743458
0.0174916705178
0.0175058558627
0.0175205213669
0.017535560062
0.0175508677487
0.0175663437323
0.0175818915545
0.0175974197036
0.0176128422878
0.0176280796532
0.0176430589316
0.0176577145048
0.0176719883709
0.0176858304059
0.0176991985109
0.0177120586438
0.0177243847342
0.0177361584847
0.017747369066
0.0177580127146
0.0177680922469
0.0177776165032
0.0177865997391
0.0177950609815
0.0178030233677
0.0178105134848
0.0178175607271
0.0178241966865
0.0178304545903
0.0178363687956
0.0178419743516
0.0178473066321
0.0178524010428
0.0178572928017
0.0178620167887
0.0178666074593
0.0178710988119
0.0178755243994
0.0178799173721
0.0178843105377
0.0178887364258
0.0178932273409
0.0178978153912
0.0179025324797
0.0179074102459
0.0179124799479
0.0179177722787
0.0179233171092
0.0179291431578
0.0179352775854
0.0179417455206
0.0179485695217
0.0179557689847
0.0179633595106
0.0179713522476
0.0179797532243
0.0179885626962
0.0179977745226
0.0180073755996
0.0180173453674
0.0180276554161
0.0180382692081
0.0180491419374
0.0180602205398
0.0180714438689
0.0180827430453
0.0180940419856
0.0181052581113
0.0181163032345
0.0181270846101
0.0181375061438
0.0181474697359
0.0181568767391
0.0181656295064
0.0181736329969
0.0181807964105
0.0181870348171
0.0181922707462
0.0181964357025
0.0181994715743
0.0182013319024
0.0182019829815
0.0182014047666
0.0181995915636
0.0181965524865
0.0181923116674
0.0181869082144
0.018180395913
0.0181728426755
0.0181643297475
0.0181549506835
0.0181448101116
0.0181340223078
0.0181227096069
0.0181110006781
0.018099028696
0.01808692944
0.0180748393549
0.0180628936067
0.0180512241662
0.0180399579525
0.0180292150678
0.0180191071501
0.018009735871
0.0180011916015
0.0179935522649
0.0179868823936
0.017981232403
0.0179766380913
0.01797312037
0.0179706852282
0.0179693239273
0.0179690134212
0.0179697169931
0.0179713850947
0.0179739563756
0.0179773588808
0.017981511398
0.0179863249314
0.0179917042753
0.0179975496635
0.018003758466
0.0180102269046
0.0180168517615
0.0180235320502
0.018030170626
0.0180366757069
0.018042962284
0.0180489533991
0.0180545812707
0.0180597882527
0.0180645276135
0.018068764125
0.0180724744569
0.0180756473739
0.018078283736
0.0180803963074
0.0180820093822
0.0180831582367
0.0180838884222
0.0180842549159
0.0180843211442
0.0180841579022
0.0180838421858
0.0180834559612
0.01808308489
0.0180828170338
0.0180827415572
0.0180829474504
0.0180835222885
0.0180845510464
0.018086114983
0.0180882906097
0.0180911487545
0.0180947537317
0.018099162624
0.018104424684
0.0181105808585
0.0181176634368
0.018125695824
0.0181346924369
0.0181446587204
0.0181555912778
0.0181674781115
0.0181802989638
0.0181940257526
0.0182086230904
0.0182240488764
0.0182402549534
0.0182571878145
0.0182747893511
0.0182929976281
0.0183117476756
0.0183309722845
0.018350602795
0.0183705698667
0.0183908042196
0.0184112373377
0.0184318021247
0.0184524335055
0.0184730689675
0.0184936490349
0.0185141176746
0.0185344226294
0.0185545156783
0.0185743528249
0.0185938944139
0.0186131051803
0.0186319542335
0.0186504149833
0.0186684650112
0.0186860858949
0.0187032629926
0.018719985194
0.0187362446461
0.0187520364606
0.0187673584105
0.0187822106237
0.0187965952792
0.0188105163129
0.0188239791383
0.0188369903874
0.0188495576753
0.018861689392
0.0188733945236
0.0188846825055
0.0188955631059
0.0189060463414
0.0189161424219
0.018925861724
0.0189352147886
0.0189442123405
0.0189528653248
0.0189611849566
0.0189691827786
0.0189768707209
0.0189842611595
0.0189913669676
0.0189982015551
0.0190047788929
0.0190111135171
0.0190172205131
0.0190231154739
0.0190288144346
0.0190343337825
0.0190396901425
0.0190449002415
0.0190499807536
0.0190549481307
0.0190598184233
0.0190646070957
0.0190693288431
0.0190739974153
0.0190786254545
0.0190832243518
0.0190878041298
0.0190923733553
0.019096939088
0.0191015068664
0.0191060807369
0.0191106633235
0.0191152559417
0.0191198587523
0.0191244709546
0.0191290910134
0.0191337169161
0.0191383464518
0.0191429775069
0.0191476083682
0.0191522380248
0.0191568664618
0.0191614949349
0.0191661262191
0.0191707648236
0.019175417165
0.0191800916945
0.0191847989726
0.0191895516892
0.0191943646279
0.0191992545718
0.0192042401552
0.0192093416618
0.0192145807744
0.0192199802816
0.0192255637485
0.0192313551576
0.0192373785304
0.0192436575355
0.0192502150945
0.0192570729927
0.0192642515041
0.019271769038
0.0192796418142
0.0192878835743
0.0192965053317
0.0193055151677
0.0193149180735
0.0193247158413
0.0193349070051
0.0193454868284
0.0193564473394
0.0193677774079
0.0193794628623
0.0193914866403
0.0194038289681
0.0194164675628
0.0194293778513
0.0194425331988
0.0194559051421
0.0194694636197
0.0194831771938
0.0194970132597
0.0195109382361
0.0195249177344
0.0195389167019
0.0195528995386
0.0195668301855
0.0195806721845
0.0195943887107
0.0196079425796
0.0196212962329
0.0196344117053
0.0196472505809
0.0196597739423
0.0196719423228
0.019683715668
0.019695053317
0.0197059140121
0.0197162559479
0.0197260368676
0.0197352142191
0.0197437453757
0.0197515879323
0.0197587000799
0.0197650410623
0.0197705717145
0.0197752550793
0.0197790570934
0.019781947331
0.0197838997881
0.0197848936859
0.0197849142672
0.0197839535595
0.0197820110719
0.0197790943969
0.0197752196853
0.0197704119694
0.0197647053092
0.0197581427487
0.0197507760704
0.0197426653506
0.0197338783219
0.0197244895602
0.0197145795217
0.0197042334588
0.0196935402503
0.0196825911842
0.0196714787283
0.0196602953265
0.0196491322513
0.0196380785412
0.0196272200427
0.019616638574
0.0196064112178
0.0195966097469
0.0195873001795
0.0195785424586
0.0195703902428
0.0195628907985
0.0195560849766
0.0195500072605
0.0195446858692
0.019540142903
0.0195363945167
0.0195334511121
0.0195313175371
0.0195299932866
0.0195294726983
0.0195297451398
0.0195307951865
0.0195326027883
0.0195351434298
0.0195383882842
0.0195423043678
0.0195468546996
0.0195519984735
0.0195576912503
0.019563885177
0.0195705292421
0.0195775695748
0.0195849497951
0.0195926114204
0.0196004943349
0.0196085373237
0.0196166786721
0.0196248568283
0.0196330111239
0.0196410825445
0.0196490145379
0.019656753846
0.0196642513421
0.0196714628556
0.0196783499616
0.0196848807151
0.0196910303076
0.0196967816281
0.01970212571
0.0197070620501
0.0197115987905
0.0197157527569
0.0197195493529
0.0197230223126
0.0197262133201
0.0197291715056
0.0197319528322
0.0197346193892
0.0197372386073
0.0197398824133
0.0197426263403
0.0197455486081
0.0197487291878
0.0197522488625
0.0197561882939
0.0197606271048
0.0197656429824
0.019771310811
0.0197777018381
0.0197848828791
0.0197929155667
0.0198018556495
0.0198117523457
0.0198226477595
0.0198345763657
0.0198475645724
0.0198616303676
0.0198767830594
0.0198930231179
0.0199103421247
0.0199287228373
0.0199481393731
0.0199685575147
0.0199899351377
0.0200122227581
0.0200353641934
0.0200592973306
0.020083954987
0.0201092658518
0.0201351554889
0.0201615473829
0.020188364006
0.0202155278825
0.0202429626283
0.020270593941
0.0202983505184
0.0203261648836
0.0203539740983
0.0203817203471
0.0204093513798
0.0204368208033
0.0204640882159
0.020491119184
0.0205178850637
0.0205443626738
0.0205705338324
0.0205963847694
0.0206219054351
0.0206470887237
0.0206719296344
0.0206964243956
0.020720569576
0.0207443612096
0.0207677939581
0.0207908603373
0.0208135500283
0.0208358492952
0.0208577405262
0.0208792019127
0.020900207278
0.0209207260594
0.0209407234486
0.0209601606858
0.0209789955006
0.0209971826891
0.0210146748093
0.0210314229783
0.0210473777451
0.0210624900175
0.0210767120142
0.0210899982172
0.021102306295
0.021113597975
0.0211238398382
0.0211330040182
0.0211410687875
0.021148019017
0.0211538465021
0.0211585501509
0.0211621360336
0.0211646173003
0.0211660139717
0.0211663526178
0.021165665935
0.0211639922388
0.0211613748883
0.02115786166
0.0211535040867
0.0211483567792
0.021142476745
0.0211359227179
0.0211287545108
0.0211210324015
0.0211128165593
0.0211041665204
0.0210951407139
0.0210857960434
0.0210761875244
0.0210663679775
0.0210563877761
0.0210462946463
0.0210361335166
0.0210259464126
0.0210157723945
0.0210056475315
0.0209956049105
0.0209856746732
0.0209758840787
0.0209662575878
0.0209568169637
0.0209475813872
0.0209385675827
