0.00708216563817
0.0070842613126
0.00708618063344
0.00708794097284
0.00708956115731
0.00709106133265
0.00709246279484
0.00709378778488
0.0070950592463
0.00709630054417
0.00709753514551
0.00709878626131
0.00710007645152
0.00710142719504
0.00710285842808
0.00710438805508
0.00710603143784
0.00710780086946
0.00710970504133
0.00711174851213
0.00711393118952
0.00711624783581
0.00711868760996
0.0071212336592
0.00712386277348
0.00712654511669
0.00712924404781
0.00713191604494
0.00713451074398
0.00713697110202
0.00713923369403
0.00714122914854
0.00714288272554
0.00714411503666
0.00714484290412
0.0071449803514
0.00714443971487
0.00714313286204
0.00714097249821
0.0071378735405
0.00713375453511
0.00712853909143
0.00712215730505
0.00711454714068
0.00710565574595
0.00709544066778
0.00708387094433
0.0070709280481
0.00705660665862
0.00704091524686
0.00702387645775
0.00700552728157
0.00698591901008
0.00696511697765
0.00694320009292
0.00692026017068
0.00689640107795
0.00687173771209
0.00684639483157
0.00682050576282
0.00679421100815
0.00676765678103
0.00674099349526
0.00671437423446
0.00668795322742
0.00666188435353
0.00663631970049
0.00661140819458
0.00658729432084
0.00656411694808
0.00654200827061
0.00652109287554
0.00650148694173
0.00648329757346
0.0064666222692
0.00645154852329
0.00643815355609
0.00642650416588
0.00641665669429
0.00640865709538
0.00640254109736
0.00639833444523
0.00639605321194
0.00639570416578
0.00639728518164
0.00640078568427
0.00640618711245
0.00641346339393
0.00642258142199
0.00643350152595
0.00644617792929
0.00646055919042
0.00647658862285
0.00649420469267
0.0065133413928
0.0065339285948
0.00655589237974
0.00657915535108
0.00660363693276
0.00662925365639
0.00665591944169
0.00668354587431
0.00671204248498
0.00674131703369
0.0067712758019
0.00680182389527
0.00683286555853
0.00686430450327
0.00689604424871
0.00692798847441
0.0069600413832
0.00699210807201
0.00702409490713
0.00705590990065
0.00708746308369
0.00711866687233
0.00714943642184
0.00717968996493
0.00720934913003
0.00723833923585
0.00726658955918
0.00729403357314
0.00732060915421
0.00734625875666
0.00737092955388
0.00739457354698
0.00741714764142
0.00743861369323
0.00745893852688
0.00747809392712
0.0074960566076
0.00751280815908
0.00752833498009
0.00754262819286
0.00755568354694
0.00756750131283
0.0075780861673
0.00758744707178
0.0075955971445
0.00760255352684
0.00760833724362
0.00761297305667
0.00761648931097
0.00761891777188
0.00762029345237
0.00762065442876
0.00762004164377
0.00761849869559
0.00761607161239
0.00761280861144
0.00760875984297
0.00760397711872
0.00759851362609
0.00759242362869
0.00758576215474
0.00757858467498
0.00757094677183
0.00756290380198
0.00755451055438
0.00754582090595
0.0075368874771
0.00752776128921
0.00751849142621
0.00750912470229
0.00749970533783
0.00749027464551
0.00748087072873
0.00747152819456
0.00746227788345
0.00745314661844
0.00744415697644
0.00743532708484
0.00742667044691
0.00741819579965
0.00740990700825
0.00740180300158
0.00739387775327
0.00738612031307
0.00737851489336
0.00737104101532
0.00736367371897
0.00735638384115
0.00734913836408
0.00734190083709
0.0073346318722
0.00732728971338
0.00731983087752
0.00731221086364
0.00730438492479
0.00729630889555
0.00728794006559
0.00727923808859
0.0072701659132
0.00726069072178
0.00725078486099
0.00724042674713
0.00722960172867
0.00721830288796
0.00720653176431
0.00719429898119
0.00718162476155
0.00716853931679
0.00715508309684
0.00714130689141
0.00712727177518
0.00711304889264
0.0070987190817
0.00708437233816
0.00707010712683
0.00705602954775
0.00704225236937
0.00702889394283
0.00701607701397
0.00700392745161
0.00699257291179
0.00698214145901
0.0069727601655
0.0069645537099
0.00695764299597
0.00695214381135
0.00694816554479
0.00694580997909
0.00694517017489
0.00694632945864
0.00694936052602
0.00695432466961
0.0069612711379
0.00697023663016
0.00698124492986
0.00699430667724
0.00700941927988
0.00702656695829
0.00704572092217
0.00706683967142
0.00708986941494
0.00711474459909
0.00714138853681
0.00716971412782
0.0071996246594
0.00723101467727
0.00726377091531
0.00729777327313
0.00733289582998
0.0073690078841
0.00740597500616
0.00744366009637
0.00748192443452
0.00752062871336
0.00755963404555
0.00759880293572
0.00763800020926
0.00767709389051
0.00771595602366
0.0077544634306
0.00779249840053
0.00782994930731
0.00786671115117
0.0079026860223
0.00793778348477
0.00797192088012
0.00800502355057
0.00803702498289
0.00806786687464
0.0080974991253
0.00812587975537
0.00815297475757
0.00817875788446
0.00820321037788
0.00822632064569
0.00824808389206
0.00826850170794
0.00828758162852
0.00830533666481
0.00832178481673
0.00833694857504
0.00835085441934
0.0083635323194
0.00837501524682
0.00838533870342
0.00839454027269
0.0084026591997
0.00840973600463
0.00841581213391
0.0084209296526
0.00842513098045
0.00842845867336
0.00843095525108
0.00843266307071
0.00843362424522
0.00843388060465
0.00843347369732
0.0084324448272
0.00843083512313
0.00842868563487
0.00842603745032
0.00842293182809
0.00841941033919
0.00841551501157
0.00841128847115
0.00840677407338
0.00840201601941
0.00839705945166
0.00839195052388
0.00838673644181
0.00838146547095
0.00837618690911
0.00837095102213
0.00836580894212
0.00836081252859
0.00835601419365
0.00835146669332
0.00834722288797
0.00834333547526
0.00833985670007
0.00833683804587
0.00833432991266
0.00833238128679
0.00833103940783
0.00833034943795
0.00833035413855
0.00833109355916
0.00833260474249
0.00833492144968
0.00833807390843
0.0083420885867
0.00834698799333
0.00835279050672
0.00835951023164
0.00836715688373
0.00837573570061
0.00838524737808
0.00839568802922
0.00840704916436
0.00841931768923
0.00843247591902
0.00844650160595
0.00846136797835
0.00847704378975
0.00849349337683
0.00851067672616
0.00852854954992
0.00854706337211
0.00856616562734
0.0085857997752
0.00860590543401
0.00862641853839
0.00864727152561
0.00866839355589
0.00868971077185
0.00871114660215
0.0087326221135
0.00875405641452
0.00877536711363
0.00879647083136
0.00881728376605
0.00883772230967
0.00885770370862
0.00887714676213
0.00889597254929
0.00891410517382
0.00893147251445
0.00894800696797
0.00896364617128
0.00897833368913
0.00899201965453
0.00900466134984
0.00901622371798
0.0090266797947
0.00903601105469
0.00904420766634
0.00905126865148
0.00905720194831
0.0090620243771
0.00906576150941
0.00906844744223
0.00907012447925
0.00907084272154
0.00907065957007
0.00906963914246
0.00906785160667
0.00906537243402
0.00906228157495
0.00905866256143
0.00905460154133
0.00905018625194
0.00904550494204
0.00904064525464
0.00903569308575
0.00903073143748
0.0090258392871
0.00902109049624
0.00901655278663
0.00901228680975
0.00900834533781
0.0090047726017
0.00900160379871
0.00899886478834
0.00899657198821
0.00899473247566
0.00899334429263
0.00899239694353
0.00899187206851
0.00899174426769
0.00899198204622
0.00899254884663
0.00899340413254
0.00899450448776
0.00899580469677
0.0089972587754
0.0089988209257
0.00900044639404
0.00900209221773
0.00900371785168
0.00900528567218
0.00900676136061
0.00900811417407
0.00900931711398
0.00901034700604
0.00901118450694
0.00901181405394
0.00901222377342
0.00901240536382
0.00901235396718
0.00901206804159
0.00901154924481
0.00901080233725
0.00900983510954
0.0090086583381
0.00900728576896
0.00900573412847
0.00900402315675
0.00900217565826
0.00900021756187
0.00899817798185
0.00899608926979
0.00899398704731
0.00899191020894
0.00898990088514
0.00898800435571
0.00898626890549
0.00898474561537
0.00898348808356
0.00898255207446
0.00898199509447
0.00898187589682
0.00898225391989
0.00898318866593
0.00898473902938
0.00898696258592
0.00898991485512
0.00899364855062
0.00899821283258
0.00900365257742
0.00901000767943
0.00901731239809
0.00902559476365
0.00903487605198
0.00904517033735
0.00905648413016
0.00906881610361
0.00908215691163
0.00909648909758
0.00911178709162
0.00912801729241
0.00914513822784
0.00916310078803
0.00918184852349
0.00920131800089
0.00922143920932
0.0092421360103
0.00926332662555
0.00928492415795
0.00930683714189
0.00932897012074
0.00935122425021
0.0093734979276
0.00939568744743
0.00941768768486
0.00943939280817
0.00946069702162
0.00948149533906
0.00950168438812
0.0095211632431
0.00953983428302
0.00955760406987
0.00957438423947
0.00959009239581
0.00960465299764
0.00961799822434
0.00963006880668
0.00964081480719
0.0096501963341
0.00965818417296
0.00966476032041
0.00966991840592
0.00967366398827
0.00967601471629
0.00967700034506
0.0096766626019
0.00967505489885
0.00967224189155
0.00966829888723
0.00966331110695
0.00965737281031
0.00965058629283
0.00964306076844
0.00963491115142
0.00962625675356
0.00961721991387
0.00960792457886
0.00959849485279
0.00958905353735
0.00957972068121
0.00957061215973
0.00956183830523
0.00955350260819
0.00954570050884
0.00953851829824
0.00953203214637
0.00952630727351
0.00952139727897
0.00951734363917
0.00951417538399
0.00951190895744
0.00951054826503
0.00951008490703
0.00951049859242
0.00951175772527
0.00951382015139
0.00951663404973
0.00952013895059
0.0095242668598
0.009528943467
0.0095340894144
0.00953962160277
0.00954545451134
0.00955150150942
0.00955767613934
0.00956389335199
0.00957007067899
0.00957612932799
0.0095819951902
0.00958759975209
0.00959288090555
0.00959778365304
0.00960226070619
0.00960627297806
0.00960978996992
0.00961279005487
0.00961526066068
0.00961719835433
0.00961860883123
0.00961950681118
0.00961991584356
0.00961986802362
0.00961940362173
0.00961857062754
0.00961742421106
0.00961602610337
0.00961444390022
0.00961275029273
0.00961102223084
0.00960934002615
0.00960778640255
0.00960644550454
0.00960540187436
0.00960473941079
0.00960454032329
0.00960488409623
0.00960584647831
0.00960749851268
0.00960990562261
0.00961312676719
0.00961721368027
0.00962221020453
0.00962815173058
0.00963506474929
0.00964296652306
0.0096518648799
0.00966175813141
0.00967263511426
0.00968447535212
0.0096972493336
0.00971091890009
0.0097254377359
0.00974075195227
0.009756800756
0.00977351719261
0.00979082895413
0.00980865924095
0.00982692766735
0.00984555120047
0.0098644451224
0.00988352400549
0.00990270269066
0.00992189725931
0.00994102598878
0.00996001028189
0.00997877556088
0.00999725211622
0.0100153759006
0.010033089259
0.0100503415848
0.0100670898944
0.0100832993097
0.0100989434431
0.0101140046757
0.0101284743247
0.0101423526937
0.0101556490049
0.0101683812101
0.0101805756837
0.0101922667982
0.0102034963897
0.010214313121
0.0102247717505
0.0102349323217
0.0102448592853
0.0102546205714
0.0102642866269
0.0102739294394
0.0102836215616
0.0102934351595
0.0103034410976
0.0103137080809
0.0103243018679
0.0103352845666
0.0103467140257
0.0103586433287
0.010371120395
0.0103841876919
0.0103978820558
0.0104122346194
0.0104272708382
0.0104430106086
0.0104594684658
0.0104766538492
0.0104945714223
0.0105132214305
0.0105326000833
0.0105526999444
0.0105735103157
0.0105950176001
0.0106172056309
0.010640055957
0.010663548073
0.0106876595878
0.0107123663267
0.0107376423639
0.0107634599852
0.0107897895837
0.0108165994929
0.0108438557647
0.0108715219006
0.0108995585495
0.0109279231818
0.010956569757
0.0109854483973
0.0110145050837
0.0110436813896
0.0110729142664
0.0111021358949
0.0111312736149
0.0111602499431
0.0111889826878
0.011217385166
0.0112453665256
0.011272832173
0.0112996843034
0.0113258225283
0.0113511445906
0.011375547159
0.0113989266851
0.0114211803125
0.011442206818
0.0114619075708
0.0114801874909
0.0114969559895
0.0115121278754
0.0115256242123
0.011537373111
0.0115473104473
0.0115553804925
0.0115615364514
0.0115657409002
0.0115679661228
0.0115681943445
0.0115664178637
0.0115626390876
0.0115568704741
0.0115491343895
0.0115394628888
0.0115278974264
0.0115144885086
0.0114992952949
0.0114823851582
0.0114638332123
0.0114437218138
0.0114221400458
0.0113991831892
0.0113749521846
0.0113495530904
0.0113230965373
0.0112956971818
0.0112674731574
0.0112385455243
0.0112090377156
0.0111790749786
0.0111487838097
0.0111182913809
0.0110877249566
0.0110572113003
0.0110268760697
0.0109968432022
0.010967234291
0.0109381679544
0.0109097592015
0.0108821187993
0.0108553526444
0.0108295611475
0.0108048386352
0.0107812727778
0.0107589440488
0.0107379252261
0.0107182809397
0.0107000672749
0.0106833314383
0.010668111491
0.0106544361555
0.010642324702
0.0106317869144
0.0106228231407
0.0106154244283
0.0106095727412
0.010605241261
0.0106023947641
0.0106009900728
0.0106009765737
0.0106022967944
0.0106048870313
0.0106086780181
0.0106135956234
0.0106195615682
0.0106264941493
0.0106343089578
0.0106429195803
0.0106522382718
0.0106621765879
0.0106726459685
0.010683558261
0.0106948261789
0.010706363687
0.0107180863114
0.0107299113714
0.0107417581343
0.0107535478953
0.010765203988
0.0107766517322
0.0107878183297
0.0107986327175
0.0108090253944
0.0108189282329
0.0108282742944
0.0108369976636
0.010845033318
0.0108523170502
0.0108587854581
0.010864376017
0.0108690272461
0.0108726789791
0.010875272745
0.0108767522634
0.0108770640519
0.0108761581415
0.0108739888902
0.0108705158815
0.0108657048889
0.0108595288845
0.0108519690681
0.0108430158853
0.0108326700091
0.0108209432502
0.0108078593681
0.0107934547534
0.0107777789539
0.0107608950218
0.0107428796637
0.0107238231793
0.0107038291815
0.0106830140962
0.0106615064452
0.0106394459247
0.0106169822919
0.0105942740823
0.0105714871802
0.0105487932688
0.0105263681899
0.0105043902396
0.0104830384305
0.0104624907464
0.0104429224165
0.0104245042293
0.0104074009092
0.0103917695697
0.0103777582594
0.0103655046096
0.0103551345933
0.0103467614
0.0103404844317
0.0103363884221
0.0103345426809
0.010335000465
0.0103377984785
0.0103429565035
0.0103504771627
0.0103603458201
0.0103725306206
0.0103869826753
0.0104036363962
0.0104224099846
0.0104432060793
0.0104659125657
0.0104904035477
0.0105165404837
0.0105441734799
0.0105731427373
0.0106032801404
0.0106344109727
0.0106663557426
0.0106989320945
0.0107319567815
0.010765247668
0.0107986257311
0.0108319170264
0.0108649545844
0.0108975802008
0.0109296460893
0.0109610163657
0.0109915683352
0.0110211935603
0.011049798692
0.0110773060504
0.0111036539509
0.0111287967728
0.0111527047781
0.0111753636912
0.011196774055
0.0112169503845
0.0112359201424
0.0112537225624
0.0112704073505
0.0112860332925
0.0113006667987
0.0113143804148
0.0113272513277
0.0113393598923
0.0113507882043
0.0113616187417
0.0113719330932
0.011381810791
0.0113913282617
0.011400557906
0.0114095673147
0.0114184186266
0.0114271680294
0.0114358654045
0.0114445541105
0.0114532709021
0.0114620459743
0.0114709031239
0.0114798600143
0.0114889285327
0.0114981152227
0.0115074217777
0.0115168455785
0.0115263802583
0.0115360162779
0.011545741496
0.0115555417183
0.0115654012116
0.0115753031704
0.011585230126
0.0115951642876
0.0116050878125
0.0116149829981
0.0116248323975
0.0116346188583
0.0116443254885
0.0116539355559
0.0116634323279
0.0116727988617
0.011682017755
0.0116910708696
0.0116999390389
0.011708601773
0.0117170369717
0.0117252206597
0.0117331267525
0.0117407268647
0.0117479901687
0.0117548833117
0.0117613703976
0.0117674130367
0.0117729704701
0.0117779997663
0.0117824560945
0.0117862930716
0.0117894631809
0.0117919182612
0.0117936100588
0.0117944908397
0.011794514053
0.0117936350389
0.0117918117703
0.0117890056187
0.0117851821306
0.0117803118024
0.011774370837
0.0117673418666
0.0117592146242
0.0117499865453
0.0117396632806
0.0117282591022
0.0117157971845
0.011702309746
0.0116878380354
0.0116724321554
0.0116561507165
0.0116390603209
0.0116212348817
0.0116027547869
0.0115837059272
0.0115641786073
0.0115442663703
0.0115240647636
0.0115036700832
0.011483178128
0.0114626830009
0.0114422759889
0.0114220445501
0.0114020714336
0.0113824339504
0.0113632034086
0.0113444447181
0.0113262161664
0.0113085693581
0.0112915493074
0.0112751946682
0.0112595380832
0.0112446066299
0.0112304223422
0.0112170027843
0.0112043616552
0.0111925094021
0.0111814538255
0.0111712006571
0.0111617540973
0.0111531173014
0.0111452928047
0.0111382828807
0.0111320898297
0.0111267161964
0.0111221649179
0.0111184394067
0.0111155435733
0.0111134817959
0.0111122588455
0.0111118797762
0.01111234979
0.0111136740857
0.0111158577034
0.0111189053716
0.0111228213662
0.0111276093885
0.0111332724666
0.0111398128841
0.0111472321381
0.0111555309247
0.0111647091523
0.0111747659766
0.0111856998528
0.0111975085995
0.0112101894649
0.0112237391894
0.0112381540562
0.0112534299216
0.0112695622175
0.0112865459219
0.0113043754887
0.0113230447353
0.0113425466843
0.0113628733561
0.0113840155155
0.0114059623701
0.0114287012258
0.0114522171007
0.0114764923052
0.0115015059921
0.0115272336851
0.0115536467951
0.0115807121318
0.0116083914229
0.0116366408531
0.011665410634
0.0116946446222
0.0117242799989
0.0117542470297
0.0117844689224
0.0118148618024
0.0118453348269
0.0118757904567
0.0119061249095
0.0119362288099
0.0119659880574
0.0119952849223
0.012023999379
0.0120520106772
0.0120791991424
0.0121054481866
0.0121306464974
0.0121546903618
0.0121774860645
0.0121989522916
0.012219022457
0.0122376468614
0.0122547945909
0.012270455064
0.012284639143
0.0122973797382
0.0123087318568
0.0123187720676
0.0123275973831
0.0123353235889
0.0123420830753
0.0123480222531
0.0123532986528
0.0123580778172
0.0123625301068
0.0123668275289
0.0123711406968
0.012375636008
0.0123804731137
0.0123858027276
0.012391764806
0.0123984871059
0.0124060841142
0.0124146563251
0.0124242898317
0.0124350561926
0.0124470125289
0.0124602018077
0.0124746532703
0.012490382967
0.0125073943655
0.0125256790057
0.0125452171809
0.0125659786304
0.0125879232336
0.0126110017025
0.0126351562717
0.0126603213887
0.0126864244098
0.0127133863075
0.0127411223975
0.0127695430894
0.012798554668
0.0128280601079
0.0128579599214
0.0128881530402
0.0129185377247
0.0129490124938
0.0129794770674
0.0130098333071
0.0130399861428
0.0130698444703
0.0130993220037
0.0131283380683
0.0131568183185
0.0131846953703
0.013211909335
0.0132384082487
0.0132641483917
0.0132890944964
0.0133132198439
0.0133365062547
0.0133589439792
0.0133805314964
0.013401275231
0.0134211891995
0.0134402945963
0.0134586193309
0.0134761975263
0.0134930689866
0.0135092786421
0.0135248759775
0.0135399144461
0.0135544508732
0.0135685448479
0.0135822581035
0.0135956538822
0.0136087962829
0.0136217495875
0.0136345775621
0.0136473427304
0.0136601056183
0.0136729239685
0.0136858519283
0.0136989392148
0.0137122302662
0.0137257633899
0.0137395699232
0.0137536734236
0.0137680889122
0.0137828221926
0.0137978692724
0.0138132159141
0.0138288373418
0.0138446981281
0.0138607522829
0.013876943559
0.0138932059857
0.0139094646297
0.0139256365794
0.0139416321337
0.0139573561736
0.0139727096818
0.0139875913713
0.0140018993805
0.0140155329848
0.0140283942803
0.0140403897915
0.0140514319645
0.0140614405074
0.0140703435527
0.0140780786212
0.0140845933757
0.0140898461636
0.0140938063513
0.0140964544631
0.0140977821403
0.014097791941
0.0140964970006
0.014093920579
0.0140900955125
0.0140850635947
0.0140788749018
0.01407158708
0.0140632646068
0.0140539780367
0.014043803239
0.0140328206334
0.0140211144255
0.0140087718474
0.0139958824025
0.0139825371181
0.0139688278057
0.0139548463337
0.0139406839135
0.0139264304048
0.013912173644
0.0138979988038
0.0138839877891
0.0138702186778
0.0138567652147
0.0138436963653
0.0138310759368
0.0138189622742
0.0138074080333
0.0137964600379
0.0137861592193
0.0137765406396
0.013767633596
0.013759461801
0.0137520436322
0.0137453924429
0.0137395169251
0.0137344215113
0.0137301068056
0.0137265700304
0.0137238054772
0.013721804948
0.0137205581783
0.0137200532285
0.013720276838
0.013721214731
0.0137228518716
0.0137251726622
0.0137281610832
0.0137318007761
0.0137360750689
0.0137409669499
0.0137464589942
0.0137525332498
0.0137591710918
0.0137663530542
0.0137740586489
0.0137822661831
0.0137909525856
0.0138000932523
0.0138096619227
0.0138196305947
0.0138299694865
0.0138406470538
0.0138516300648
0.0138628837372
0.0138743719381
0.0138860574438
0.0138979022572
0.0139098679745
0.0139219161951
0.0139340089612
0.0139461092184
0.013958181282
0.0139701912957
0.0139821076685
0.0139939014772
0.0140055468197
0.0140170211095
0.0140283053018
0.0140393840418
0.0140502457344
0.01406088253
0.0140712902287
0.0140814681079
0.0140914186782
0.0141011473768
0.0141106622107
0.0141199733609
0.0141290927622
0.014138033673
0.0141468102494
0.014155437138
0.0141639291007
0.0141723006826
0.0141805659352
0.0141887382
0.0141968299615
0.0142048527705
0.0142128172405
0.0142207331139
0.0142286093963
0.01423645455
0.0142442767402
0.0142520841242
0.0142598851704
0.0142676889964
0.0142755057115
0.014283346751
0.0142912251888
0.0142991560137
0.0143071563587
0.0143152456717
0.0143234458162
0.0143317810956
0.0143402781931
0.0143489660233
0.0143578754926
0.0143670391678
0.014376490854
0.0143862650868
0.0143963965426
0.0144069193751
0.0144178664884
0.0144292687554
0.0144411541965
0.0144535471317
0.014466467321
0.0144799291119
0.0144939406101
0.0145085028942
0.0145236092934
0.0145392447493
0.0145553852825
0.0145719975855
0.0145890387607
0.0146064562235
0.0146241877879
0.0146421619463
0.0146602983569
0.0146785085414
0.0146966967962
0.0147147613078
0.014732595463
0.014750089331
0.0147671312929
0.0147836097833
0.0147994151065
0.0148144412829
0.0148285878786
0.0148417617732
0.0148538788184
0.0148648653446
0.0148746594803
0.0148832122531
0.0148904884505
0.0148964672301
0.0149011424736
0.0149045228936
0.014906631906
0.014907507289
0.0149072006577
0.0149057767813
0.0149033127774
0.0148998972136
0.0148956291464
0.014890617125
0.014884978183
0.0148788368346
0.0148723240911
0.0148655765043
0.0148587352397
0.0148519451812
0.0148453540597
0.0148391115996
0.0148333686733
0.0148282764513
0.0148239855372
0.0148206450738
0.0148184018126
0.0148173991329
0.0148177760087
0.0148196659156
0.0148231956797
0.0148284842725
0.0148356415602
0.0148447670215
0.0148559484527
0.0148692606854
0.0148847643445
0.0149025046818
0.014922510522
0.0149447933607
0.0149693466574
0.0149961453633
0.0150251457233
0.0150562853871
0.0150894838569
0.0151246432928
0.0151616496846
0.0152003743896
0.0152406760212
0.0152824026626
0.0153253943662
0.0153694858884
0.0154145096002
0.0154602985077
0.01550668931
0.0155535254236
0.0156006599019
0.0156479581846
0.0156953006176
0.0157425846953
0.0157897269857
0.0158366647119
0.0158833569745
0.01592978561
0.0159759556903
0.016021895678
0.0160676572563
0.0161133148597
0.0161589649321
0.0162047249425
0.0162507321855
0.0162971423943
0.0163441281903
0.0163918773905
0.0164405911907
0.0164904822394
0.0165417726135
0.0165946917056
0.0166494740292
0.0167063569493
0.0167655783426
0.0168273741949
0.0168919761415
0.0169596089615
0.017030488036
0.0171048167863
0.0171827841084
0.0172645618249
0.0173503021802
0.0174401354035
0.0175341673722
0.0176324774064
0.0177351162289
0.0178421041258
0.017953429341
0.0180690467408
0.0181888767786
0.0183128047918
0.0184406806551
0.018572318815
0.0187074987215
0.0188459656715
0.0189874320691
0.0191315791064
0.0192780588581
0.0194264967813
0.0195764946017
0.0197276335654
0.0198794780263
0.0200315793363
0.0201834799971
0.0203347180305
0.0204848315151
0.0206333632375
0.020779865396
0.0209239042962
0.0210650649715
0.0212029556583
0.0213372120569
0.0214675013052
0.0215935255935
0.0217150253522
0.0218317819448
0.0219436198053
0.0220504079661
0.0221520609296
0.0222485388483
0.0223398469896
0.0224260344739
0.022507192289
0.0225834506008
0.0226549753897
0.0227219644632
0.0227846429049
0.022843258034
0.0228980739613
0.0229493658357
0.0229974138846
0.0230424973544
0.0230848884608
0.0231248464596
0.0231626119468
0.0231984014908
0.0232324026979
0.0232647697999
0.0232956198493
0.0233250295928
0.023353033087
0.0233796201045
0.0234047353702
0.0234282786505
0.0234501057072
0.0234700301113
0.0234878258979
0.0235032310278
0.0235159516047
0.0235256667835
0.0235320342855
0.0235346964269
0.0235332865482
0.0235274357253
0.0235167796296
0.0235009653997
0.0234796583866
0.0234525486302
0.0234193569351
0.0233798404189
0.0233337974219
0.0232810716837
0.0232215557101
0.0231551932781
0.0230819810505
0.023001969294
0.0229152617189
0.0228220144813
0.022722434407
0.0226167765117
0.0225053409077
0.0223884691921
0.0222665404185
0.0221399667542
0.0220091889211
0.0218746715143
0.0217368982819
0.0215963674415
0.0214535870952
0.0213090707957
0.0211633333034
0.0210168865637
0.0208702359242
0.020723876605
0.0205782904261
0.0204339427941
0.0202912799461
0.0201507264463
0.0200126829342
0.0198775241189
0.0197455970214
0.0196172194639
0.0194926788105
0.0193722309641
0.0192560996243
0.0191444758142
0.0190375176807
0.0189353505734
0.0188380674022
0.0187457292736
0.0186583663979
0.0185759792574
0.0184985400198
0.0184259941757
0.0183582623759
0.0182952424386
0.0182368114948
0.0181828282383
0.0181331352433
0.0180875613158
0.0180459238448
0.0180080311197
0.0179736845868
0.0179426810178
0.0179148145698
0.0178898787194
0.0178676680572
0.0178479799345
0.0178306159575
0.0178153833256
0.0178020960171
0.0177905758236
0.0177806532398
0.0177721682133
0.017764970762
0.0177589214659
0.0177538918391
0.0177497645883
0.0177464337633
0.0177438048035
0.0177417944841
0.0177403307654
0.0177393525467
0.0177388093284
0.0177386607835
0.017738876242
0.017739434091
0.0177403210958
0.0177415316474
0.0177430669434
0.0177449341122
0.0177471452905
0.0177497166668
0.017752667505
0.0177560191626
0.0177597941207
0.0177640150413
0.017768703869
0.0177738809936
0.0177795644875
0.0177857694325
0.0177925073475
0.0177997857246
0.0178076076826
0.0178159717384
0.017824871699
0.0178342966697
0.0178442311745
0.0178546553782
0.0178655454025
0.01787687372
0.0178886096147
0.0179007196919
0.0179131684226
0.0179259187046
0.0179389324267
0.017952171019
0.0179655959756
0.0179791693381
0.0179928541271
0.0180066147147
0.0180204171295
0.0180342292897
0.0180480211619
0.0180617648457
0.0180754345842
0.0180890067069
0.0181024595077
0.0181157730686
0.0181289290354
0.0181419103575
0.0181547010024
0.0181672856563
0.0181796494237
0.0181917775365
0.0182036550867
0.0182152667901
0.0182265967931
0.0182376285297
0.0182483446335
0.0182587269119
0.018268756381
0.0182784133637
0.0182876776462
0.0182965286897
0.0183049458894
0.0183129088723
0.0183203978237
0.0183273938314
0.0183338792349
0.0183398379678
0.0183452558816
0.0183501210395
0.0183544239704
0.018358157874
0.0183613187713
0.0183639055945
0.0183659202162
0.0183673674148
0.0183682547814
0.0183685925705
0.0183683935015
0.0183676725195
0.0183664465232
0.0183647340726
0.018362555085
0.0183599305326
0.0183568821508
0.0183534321697
0.0183496030763
0.0183454174171
0.0183408976476
0.0183360660331
0.0183309446049
0.0183255551724
0.0183199193906
0.0183140588801
0.018307995394
0.0183017510261
0.0182953484513
0.018288811188
0.0182821638734
0.0182754325368
0.0182686448624
0.0182618304258
0.0182550208949
0.0182482501816
0.0182415545356
0.0182349725702
0.018228545213
0.0182223155767
0.0182163287464
0.0182106314817
0.0182052718375
0.0182002987053
0.0181957612832
0.0181917084825
0.0181881882827
0.0181852470477
0.0181829288173
0.0181812745904
0.0181803216163
0.0181801027108
0.0181806456149
0.0181819724111
0.0181840990148
0.0181870347529
0.018190782043
0.018195336184
0.0182006852646
0.0182068101957
0.0182136848698
0.018221276445
0.018229545753
0.0182384478217
0.0182479325069
0.0182579452188
0.0182684277314
0.0182793190586
0.0182905563806
0.0183020760011
0.0183138143183
0.0183257087887
0.0183376988668
0.0183497269013
0.0183617389718
0.0183736856488
0.0183855226667
0.0183972114944
0.0184087197975
0.0184200217838
0.0184310984288
0.0184419375794
0.0184525339369
0.0184628889235
0.0184730104367
0.0184829125009
0.018492614825
0.0185021422772
0.0185115242894
0.0185207942046
0.0185299885811
0.0185391464676
0.0185483086629
0.0185575169759
0.0185668134965
0.018576239893
0.0185858367455
0.0185956429272
0.0186056950422
0.0186160269284
0.0186266692306
0.0186376490502
0.0186489896727
0.0186607103768
0.0186728263222
0.0186853485166
0.0186982838577
0.018711635245
0.0187254017574
0.0187395788878
0.0187541588282
0.0187691307973
0.0187844814005
0.0188001950156
0.018816254194
0.0188326400698
0.0188493327684
0.0188663118084
0.0188835564887
0.0189010462568
0.0189187610531
0.0189366816267
0.0189547898205
0.0189730688243
0.0189915033925
0.0190100800282
0.0190287871317
0.0190476151147
0.0190665564806
0.0190856058719
0.019104760085
0.019124018054
0.0191433808043
0.0191628513759
0.0191824347191
0.0192021375611
0.0192219682457
0.0192419365463
0.0192620534528
0.0192823309344
0.0193027816774
0.0193234188023
0.0193442555597
0.0193653050088
0.01938657968
0.0194080912262
0.0194298500647
0.0194518650153
0.0194741429374
0.0194966883718
0.0195195031911
0.0195425862641
0.0195659331383
0.0195895357461
0.0196133821373
0.0196374562444
0.0196617376819
0.0196862015841
0.0197108184837
0.0197355542334
0.0197603699713
0.0197852221324
0.0198100625048
0.0198348383333
0.0198594924673
0.0198839635543
0.019908186278
0.0199320916392
0.0199556072791
0.0199786578443
0.0200011653916
0.0200230498318
0.0200442294118
0.020064621233
0.0200841418049
0.0201027076328
0.0201202358362
0.0201366447972
0.0201518548336
0.0201657888951
0.0201783732762
0.0201895383417
0.020199219257
0.0202073567166
0.0202138976632
0.0202187959862
0.0202220131926
0.0202235190378
0.0202232921064
0.0202213203331
0.0202176014519
0.0202121433645
0.0202049644189
0.020196093589
0.0201855705494
0.0201734456396
0.0201597797145
0.0201446438787
0.0201281191067
0.0201102957496
0.0200912729335
0.020071157857
0.0200500649948
0.0200281152178
0.020005434842
0.0199821546174
0.0199584086722
0.0199343334252
0.0199100664828
0.0198857455324
0.0198615072507
0.0198374862367
0.0198138139853
0.0197906179121
0.0197680204406
0.01974613816
0.0197250810628
0.0197049518659
0.0196858454208
0.0196678482137
0.0196510379567
0.0196354832678
0.0196212434376
0.0196083682769
0.0195968980401
0.0195868634178
0.0195782855892
0.0195711763286
0.0195655381542
0.0195613645143
0.0195586399991
0.0195573405739
0.0195574338245
0.0195588792112
0.0195616283279
0.0195656251634
0.0195708063654
0.0195771015113
0.0195844333881
0.0195927182909
0.0196018663474
0.0196117818813
0.0196223638266
0.0196335062072
0.0196450986953
0.0196570272634
0.0196691749391
0.0196814226747
0.0196936503326
0.0197057377869
0.0197175661333
0.0197290189913
0.0197399838748
0.0197503536014
0.0197600277013
0.0197689137821
0.0197769288027
0.0197840002087
0.0197900668823
0.0197950798688
0.0197990028442
0.0198018123058
0.0198034974751
0.0198040599179
0.0198035128999
0.0198018805064
0.0197991965671
0.0197955034317
0.0197908506469
0.0197852935879
0.0197788920922
0.0197717091422
0.0197638096339
0.0197552592624
0.0197461235474
0.0197364670107
0.0197263525134
0.0197158407524
0.0197049899076
0.0196938554321
0.0196824899702
0.0196709433875
0.0196592628979
0.0196474932698
0.0196356770959
0.0196238551128
0.019612066554
0.0196003495267
0.0195887413993
0.0195772791901
0.019565999948
0.0195549411172
0.0195441408772
0.0195336384521
0.0195234743804
0.0195136907394
0.0195043313167
0.0194954417212
0.0194870694276
0.0194792637471
0.0194720757191
0.0194655579181
0.0194597641728
0.0194547491953
0.0194505681217
0.0194472759663
0.0194449269966
0.0194435740383
0.0194432677251
0.0194440557076
0.0194459818434
0.0194490853894
0.019453400221
0.0194589541022
0.0194657680323
0.0194738556905
0.0194832229995
0.0194938678233
0.0195057798114
0.019518940393
0.0195333229243
0.0195488929805
0.0195656087827
0.0195834217443
0.0196022771175
0.0196221147184
0.0196428697078
0.019664473405
0.0196868541125
0.0197099379309
0.0197336495469
0.0197579129796
0.019782652272
0.0198077921216
0.0198332584423
0.0198589788558
0.0198848831118
0.0199109034384
0.0199369748254
0.0199630352444
0.0199890258111
0.0200148908936
0.0200405781729
0.0200660386616
0.0200912266842
0.0201160998265
0.0201406188571
0.0201647476282
0.020188452958
0.0202117045027
0.0202344746197
0.0202567382297
0.0202784726805
0.0202996576177
0.0203202748678
0.0203403083355
0.0203597439216
0.0203785694625
0.0203967746951
0.0204143512479
0.0204312926595
0.0204475944239
0.0204632540608
0.0204782712089
0.0204926477383
0.0205063878764
0.020519498343
0.0205319884868
0.0205438704169
0.0205551591209
0.0205658725636
0.020576031756
0.0205856607897
0.0205947868288
0.0206034400529
0.0206116535476
0.0206194631385
0.0206269071655
0.0206340261987
0.020640862696
0.0206474606048
0.0206538649146
0.0206601211643
0.0206662749147
0.0206723711934
0.0206784539255
0.0206845653589
0.0206907454996
0.0206970315677
0.0207034574874
0.0207100534235
0.020716845376
0.0207238548425
0.0207310985565
0.0207385883095
0.0207463308598
0.0207543279316
0.0207625763016
0.0207710679731
0.0207797904293
0.020788726961
0.0207978570572
0.0208071568494
0.0208165995966
0.0208261561984
0.0208357957252
0.0208454859495
0.0208551938706
0.0208648862181
0.020874529927
0.0208840925758
0.0208935427806
0.0209028505414
0.020911987537
0.020920927368
0.0209296457468
0.020938120638
0.0209463323497
0.0209542635806
0.0209618994274
0.0209692273552
0.0209762371382
0.0209829207743
0.0209892723786
0.0209952880602
0.0210009657885
0.02100630525
0.0210113077018
0.0210159758236
0.0210203135704
0.0210243260301
0.0210280192851
0.0210314002814
0.0210344767045
0.0210372568646
0.0210397495895
0.0210419641268
0.0210439100548
0.0210455972016
0.0210470355732
0.0210482352881
