0.00664440608589
0.00664530898284
0.00664641173785
0.00664771871974
0.00664923308209
0.00665095657879
0.00665288937438
0.0066550298518
0.00665737442006
0.00665991732504
0.00666265046692
0.00666556322814
0.00666864231603
0.00667187162471
0.00667523212092
0.00667870175861
0.00668225542727
0.00668586493876
0.00668949905731
0.00669312357697
0.00669670145025
0.00670019297125
0.00670355601546
0.00670674633773
0.00670971792871
0.00671242342879
0.0067148145973
0.00671684283333
0.00671845974301
0.00671961774684
0.00672027071889
0.00672037464883
0.00671988831627
0.00671877396599
0.00671699797189
0.00671453147713
0.0067113509975
0.00670743897545
0.00670278427263
0.0066973825895
0.00669123680204
0.00668435720661
0.00667676166633
0.00666847565371
0.006659532187
0.00664997165945
0.00663984156337
0.0066291961129
0.00661809577167
0.00660660669337
0.0065948000853
0.00658275150601
0.00657054010967
0.00655824785046
0.00654595866051
0.00653375761541
0.00652173010045
0.00650996099062
0.006498533856
0.00648753020343
0.00647702876337
0.00646710482994
0.00645782965992
0.00644926993517
0.00644148729122
0.00643453791304
0.00642847219787
0.00642333448344
0.00641916283923
0.00641598891701
0.00641383785708
0.00641272824555
0.00641267211834
0.00641367500749
0.00641573602574
0.00641884798557
0.00642299754976
0.00642816541094
0.00643432649835
0.00644145021069
0.00644950067473
0.00645843702966
0.0064682137378
0.00647878092272
0.00649008473551
0.00650206775057
0.00651466939148
0.00652782638762
0.0065414732612
0.00655554284408
0.00656996682247
0.00658467630708
0.00659960242477
0.00661467692718
0.00662983281029
0.00664500493827
0.00666013066357
0.00667515043499
0.00669000838422
0.00670465288146
0.00671903705005
0.00673311923046
0.00674686338398
0.00676023942725
0.00677322348934
0.00678579808429
0.00679795219334
0.00680968125242
0.00682098704214
0.00683187747954
0.00684236631243
0.00685247271923
0.00686222081931
0.00687163910047
0.00688075977213
0.00688961805471
0.00689825141675
0.00690669877303
0.00691499965784
0.00692319338827
0.00693131823304
0.00693941060223
0.00694750427352
0.0069556296695
0.00696381320015
0.00697207668319
0.00698043685346
0.00698890497087
0.00699748653423
0.00700618110623
0.00701498225233
0.00702387759403
0.00703284897444
0.00704187273156
0.00705092007278
0.00705995754143
0.0070689475648
0.00707784907126
0.00708661816289
0.00709520882914
0.00710357368663
0.00711166473002
0.00711943407918
0.0071268347088
0.00713382114714
0.00714035013245
0.00714638121683
0.00715187730899
0.00715680514961
0.00716113571423
0.00716484454131
0.00716791198399
0.00717032338644
0.00717206918682
0.00717314495004
0.00717355133477
0.00717329399972
0.00717238345456
0.00717083486161
0.00716866779373
0.00716590595436
0.00716257686499
0.00715871152486
0.00715434404766
0.00714951127891
0.00714425239765
0.00713860850543
0.00713262220534
0.00712633717348
0.00711979772512
0.00711304837797
0.00710613341488
0.00709909644857
0.00709197999147
0.0070848250339
0.00707767063447
0.00707055352702
0.00706350774876
0.0070565642948
0.00704975080464
0.00704309128617
0.00703660588321
0.00703031069212
0.00702421763308
0.00701833438107
0.0070126643609
0.00700720680996
0.00700195691103
0.00699690599671
0.00699204182528
0.00698734892659
0.00698280901489
0.00697840146399
0.00697410383848
0.00696989247329
0.00696574309232
0.00696163145562
0.00695753402369
0.00695342862629
0.00694929512285
0.00694511604138
0.00694087718255
0.00693656817641
0.0069321829797
0.006927720303
0.00692318395829
0.00691858311915
0.00691393248762
0.00690925236416
0.00690456861868
0.0068999125635
0.00689532073059
0.00689083455814
0.00688649999277
0.00688236701607
0.00687848910494
0.00687492263696
0.00687172625235
0.00686896018496
0.00686668557471
0.00686496377378
0.0068638556585
0.00686342095799
0.00686371760987
0.00686480115187
0.00686672415729
0.00686953572039
0.00687328099666
0.00687800080127
0.00688373126747
0.00689050356566
0.00689834368211
0.00690727225565
0.00691730446924
0.00692844999294
0.00694071297393
0.00695409206887
0.00696858051383
0.0069841662267
0.00700083193755
0.00701855534215
0.00703730927481
0.00705706189694
0.00707777689839
0.00709941370916
0.00712192772014
0.00714527051162
0.00716939008939
0.00719423112859
0.007219735226
0.00724584116167
0.00727248517129
0.00729960123058
0.00732712135301
0.007354975902
0.00738309391852
0.00741140346446
0.00743983198178
0.00746830666672
0.00749675485782
0.00752510443569
0.00755328423192
0.00758122444366
0.00760885704987
0.00763611622473
0.00766293874303
0.00768926437219
0.00771503624514
0.00774020120836
0.00776471013938
0.00778851822807
0.00781158521678
0.00783387559448
0.00785535874114
0.00787600901898
0.00789580580848
0.00791473348779
0.0079327813554
0.00794994349693
0.00796621859826
0.00798160970811
0.00799612395436
0.00800977221949
0.0080225687814
0.00803453092665
0.00804567854375
0.00805603370478
0.00806562024381
0.00807446334054
0.00808258911775
0.00809002426049
0.00809679566466
0.00810293012165
0.00810845404487
0.00811339324301
0.00811777274331
0.00812161666722
0.00812494815899
0.0081277893666
0.00813016147297
0.00813208477402
0.00813357879891
0.00813466246688
0.00813535427398
0.00813567250263
0.00813563544629
0.00813526164157
0.00813457010006
0.00813358053279
0.00813231356056
0.00813079090461
0.0081290355528
0.00812707189783
0.00812492584545
0.00812262489157
0.00812019816877
0.00811767646392
0.00811509220943
0.0081124794519
0.00810987380229
0.00810731237238
0.00810483370221
0.00810247768314
0.00810028548065
0.00809829946027
0.008096563119
0.00809512102334
0.00809401875385
0.00809330285434
0.00809302078254
0.00809322085741
0.00809395219677
0.00809526463772
0.00809720863107
0.00809983510027
0.00810319525475
0.00810734034744
0.00811232136655
0.00811818865232
0.00812499143075
0.00813277725785
0.00814159137017
0.00815147593976
0.00816246923476
0.00817460469002
0.0081879098955
0.00820240551393
0.0082181041427
0.00823500913837
0.0082531134254
0.00827239831334
0.00829283234893
0.0083143702309
0.00833695181594
0.00836050124408
0.00838492621038
0.00841011740809
0.00843594816526
0.00846227429339
0.00848893416279
0.00851574901462
0.00854252351546
0.0085690465558
0.00859509229008
0.00862042141239
0.00864478265984
0.00866791453345
0.00868954722591
0.00870940474549
0.00872720722596
0.00874267341363
0.0087555233238
0.00876548106005
0.00877227779027
0.00877565487315
0.00877536712671
0.00877118622757
0.00876290422406
0.00875033713922
0.0087333286303
0.00871175366053
0.00868552212597
0.00865458236737
0.0086189244828
0.00857858334485
0.0085336412151
0.00848422984149
0.00843053192141
0.00837278181619
0.00831126541187
0.00824631903794
0.0081783273791
0.00810772034582
0.00803496890522
0.00796057991367
0.00788509003443
0.00780905886384
0.007733061427
0.00765768023442
0.00758349711335
0.00751108503909
0.00744100019248
0.00737377445848
0.00730990855984
0.00724986598918
0.00719406786613
0.00714288880478
0.00709665383478
0.00705563637774
0.00702005724395
0.00699008458184
0.0069658346878
0.00694737356589
0.0069347191163
0.00692784382785
0.00692667785191
0.00693111234241
0.0069410029577
0.00695617343331
0.00697641914954
0.00700151063314
0.00703119694681
0.00706520893405
0.00710326229877
0.0071450605092
0.00719029752397
0.00723866034428
0.00728983140025
0.00734349078271
0.0073993183321
0.00745699559667
0.00751620767066
0.00757664492185
0.00763800461515
0.0076999924368
0.00776232392115
0.00782472577973
0.00788693713013
0.00794871062066
0.00800981344559
0.00807002824495
0.00812915388267
0.00818700609725
0.0082434180197
0.00829824055471
0.00835134262231
0.00840261125883
0.00845195157788
0.0084992865937
0.00854455691089
0.00858772028634
0.00862875107052
0.00866763953647
0.00870439110609
0.0087390254839
0.00877157570909
0.00880208713708
0.00883061636175
0.00885723008971
0.00888200397767
0.00890502144368
0.00892637246273
0.00894615235687
0.00896446058946
0.00898139957299
0.00899707349926
0.00901158720083
0.0090250450519
0.00903754991681
0.00904920215414
0.00906009868406
0.00907033212641
0.00907999001696
0.00908915410866
0.00909789976464
0.00910629544918
0.00911440232219
0.00912227394201
0.00912995608045
0.00913748665281
0.00914489576425
0.00915220587221
0.00915943206309
0.0091665824392
0.00917365861006
0.00918065628006
0.00918756592224
0.00919437352606
0.00920106140496
0.00920760904809
0.00921399399898
0.00922019274327
0.00922618158694
0.00923193750664
0.00923743895415
0.00924266659826
0.00924760398874
0.00925223812933
0.00925655994896
0.00926056466322
0.00926425202105
0.00926762643482
0.00927069699467
0.0092734773715
0.0092759856151
0.00927824385704
0.00928027792963
0.00928211691403
0.00928379263218
0.00928533909767
0.00928679194132
0.00928818782704
0.00928956387318
0.00929095709362
0.0092924038717
0.0092939394786
0.00929559764608
0.00929741020138
0.00929940677035
0.00930161455239
0.00930405816885
0.0093067595843
0.0093097380981
0.00931301040179
0.00931659069613
0.00932049086017
0.00932472066357
0.00932928801249
0.00933419921888
0.00933945928292
0.0093450721781
0.00935104112945
0.0093573688757
0.00936405790729
0.00937111067337
0.00937852975225
0.00938631798089
0.00939447854086
0.00940301499922
0.0094119313043
0.00942123173747
0.00943092082297
0.00944100319912
0.00945148345438
0.00946236593294
0.00947365451433
0.00948535237245
0.00949746171897
0.00950998353656
0.00952291730736
0.00953626074194
0.00955000951407
0.00956415700655
0.0095786940734
0.0095936088234
0.00960888643021
0.00962450897394
0.00964045531916
0.00965670103391
0.00967321835397
0.00968997619661
0.00970694022693
0.0097240729797
0.00974133403856
0.00975868027333
0.00977606613557
0.00979344401057
0.00981076462335
0.00982797749456
0.0098450314408
0.00986187511297
0.00987845756488
0.00989472884333
0.00991064059055
0.00992614664874
0.00994120365691
0.00995577162958
0.00996981450781
0.00998330067293
0.00999620341466
0.0100085013458
0.0100201787569
0.0100312259057
0.0100416392364
0.0100514215268
0.01006058196
0.0100691361214
0.0100771059195
0.0100845194336
0.0100914106891
0.0100978193631
0.0101037904253
0.0101093737162
0.0101146234693
0.0101195977808
0.0101243580331
0.0101289682786
0.0101334945892
0.0101380043792
0.0101425657078
0.0101472465705
0.0101521141842
0.0101572342776
0.0101626703918
0.0101684832012
0.0101747298621
0.0101814633968
0.0101887321214
0.0101965791239
0.0102050417991
0.0102141514463
0.0102239329348
0.0102344044409
0.0102455772587
0.0102574556876
0.0102700369954
0.0102833114572
0.0102972624676
0.0103118667236
0.0103270944725
0.0103429098225
0.0103592711067
0.0103761312973
0.0103934384605
0.0104111362474
0.0104291644115
0.0104474593485
0.0104659546492
0.0104845816614
0.0105032700545
0.0105219483813
0.0105405446337
0.0105589867888
0.0105772033412
0.0105951238208
0.0106126792937
0.010629802845
0.0106464300424
0.0106624993805
0.0106779527045
0.0106927356129
0.0107067978395
0.0107200936119
0.0107325819869
0.0107442271606
0.0107549987512
0.0107648720534
0.0107738282592
0.010781854646
0.0107889447253
0.0107950983516
0.0108003217857
0.0108046277124
0.0108080352061
0.0108105696447
0.0108122625677
0.0108131514782
0.0108132795863
0.0108126954954
0.0108114528312
0.0108096098143
0.0108072287799
0.0108043756474
0.0108011193433
0.0107975311838
0.0107936842214
0.0107896525633
0.0107855106668
0.010781332621
0.0107771914216
0.0107731582468
0.0107693017429
0.0107656873274
0.010762376518
0.0107594262941
0.0107568885001
0.0107548092959
0.0107532286611
0.0107521799605
0.0107516895736
0.010751776595
0.0107524526087
0.0107537215387
0.0107555795806
0.0107580152135
0.0107610092951
0.0107645352387
0.0107685592731
0.0107730407828
0.0107779327262
0.0107831821304
0.0107887306565
0.0107945152316
0.0108004687428
0.0108065207838
0.0108125984504
0.0108186271724
0.0108245315763
0.0108302363662
0.0108356672146
0.0108407516491
0.0108454199265
0.0108496058797
0.0108532477278
0.0108562888357
0.0108586784134
0.0108603721423
0.0108613327213
0.0108615303209
0.0108609429395
0.0108595566558
0.0108573657719
0.0108543728455
0.0108505886108
0.0108460317887
0.0108407287907
0.0108347133211
0.0108280258862
0.0108207132187
0.010812827628
0.0108044262894
0.0107955704848
0.0107863248089
0.0107767563556
0.0107669338993
0.0107569270848
0.0107468056414
0.0107366386322
0.0107264937529
0.0107164366885
0.0107065305401
0.0106968353269
0.0106874075705
0.0106782999651
0.0106695611368
0.0106612354907
0.0106533631452
0.0106459799511
0.0106391175892
0.0106328037415
0.0106270623285
0.0106219138035
0.0106173754959
0.0106134619921
0.0106101855454
0.0106075565029
0.0106055837398
0.0106042750896
0.0106036377619
0.0106036787356
0.0106044051205
0.0106058244776
0.0106079450913
0.0106107761863
0.0106143280829
0.0106186122878
0.0106236415142
0.0106294296308
0.0106359915365
0.0106433429625
0.0106515002002
0.010660479759
0.0106702979562
0.0106809704444
0.0106925116801
0.0107049343433
0.0107182487133
0.0107324620123
0.0107475777251
0.0107635949082
0.0107805074991
0.0107983036405
0.0108169650317
0.0108364663224
0.0108567745642
0.0108778487321
0.010899639332
0.010922088107
0.0109451278537
0.0109686823604
0.0109926664753
0.011016986311
0.01104153959
0.0110662161312
0.0110908984772
0.0111154626553
0.0111397790673
0.0111637134942
0.011187128205
0.0112098831528
0.0112318372408
0.0112528496396
0.0112727811367
0.0112914954966
0.0113088608144
0.0113247508419
0.0113390462705
0.0113516359534
0.0113624180543
0.0113713011107
0.0113782050005
0.0113830618064
0.0113858165704
0.0113864279356
0.0113848686715
0.0113811260835
0.011375202303
0.0113671144614
0.0113568947461
0.0113445903401
0.0113302632455
0.0113139899909
0.0112958612233
0.011275981185
0.0112544670747
0.0112314482945
0.0112070655833
0.0111814700389
0.0111548220316
0.0111272900144
0.0110990492361
0.0110702803658
0.0110411680391
0.0110118993405
0.0109826622357
0.0109536439725
0.0109250294707
0.0108969997212
0.0108697302183
0.0108433894489
0.0108181374613
0.0107941245393
0.0107714900013
0.010750361147
0.0107308523683
0.0107130644404
0.0106970840029
0.0106829832401
0.0106708197617
0.0106606366842
0.0106524629065
0.0106463135704
0.0106421906926
0.0106400839511
0.0106399716066
0.0106418215361
0.0106455923565
0.0106512346115
0.0106586919986
0.0106679026098
0.0106788001624
0.0106913151975
0.0107053762238
0.0107209107881
0.0107378464555
0.0107561116846
0.0107756365861
0.0107963535551
0.010818197771
0.0108411075609
0.0108650246264
0.0108898941332
0.0109156646696
0.0109422880786
0.0109697191726
0.0109979153414
0.011026836065
0.0110564423459
0.0110866960757
0.0111175593534
0.0111489937717
0.0111809596909
0.0112134155178
0.0112463170082
0.0112796166132
0.0113132628834
0.0113471999511
0.0113813671029
0.0114156984586
0.0114501227648
0.0114845633152
0.0115189380017
0.011553159501
0.0115871355962
0.0116207696326
0.0116539611005
0.0116866063369
0.0117185993362
0.0117498326545
0.0117801983925
0.0118095892399
0.0118378995606
0.0118650265008
0.011890871098
0.0119153393722
0.0119383433788
0.0119598022053
0.0119796428951
0.0119978012828
0.0120142227292
0.0120288627451
0.0120416874963
0.0120526741849
0.012061811304
0.0120690987666
0.0120745479098
0.012078181379
0.0120800328986
0.0120801469359
0.0120785782661
0.012075391449
0.0120706602248
0.012064466841
0.0120569013163
0.0120480606544
0.0120380480128
0.0120269718366
0.0120149449635
0.0120020837084
0.0119885069325
0.0119743351053
0.0119596893643
0.0119446905814
0.0119294584415
0.0119141105423
0.0118987615239
0.011883522237
0.0118684989607
0.0118537926785
0.0118394984242
0.0118257047072
0.0118124930264
0.0117999374804
0.0117881044813
0.0117770525742
0.0117668323666
0.0117574865634
0.0117490501061
0.0117415504065
0.0117350076675
0.0117294352768
0.0117248402597
0.0117212237771
0.0117185816494
0.0117169048931
0.0117161802514
0.0117163907056
0.0117175159542
0.0117195328472
0.0117224157681
0.011726136956
0.011730666766
0.0117359738638
0.0117420253595
0.0117487868806
0.0117562225936
0.0117642951792
0.0117729657718
0.0117821938744
0.0117919372587
0.0118021518641
0.0118127917072
0.0118238088144
0.0118351531878
0.0118467728176
0.0118586137474
0.0118706202021
0.0118827347832
0.0118948987356
0.0119070522862
0.0119191350534
0.0119310865238
0.0119428465887
0.0119543561321
0.0119655576602
0.011976395958
0.0119868187613
0.0119967774271
0.0120062275903
0.0120151297893
0.012023450048
0.012031160401
0.0120382393505
0.0120446722448
0.0120504515722
0.012055577163
0.0120600562982
0.0120639037227
0.0120671415643
0.0120697991615
0.0120719128037
0.0120735253918
0.0120746860231
0.0120754495109
0.0120758758454
0.0120760296065
0.0120759793342
0.0120757968682
0.012075556663
0.0120753350864
0.0120752097083
0.0120752585868
0.0120755595555
0.0120761895178
0.0120772237507
0.0120787352224
0.0120807939249
0.0120834662238
0.0120868142269
0.0120908951733
0.012095760844
0.0121014569966
0.0121080228276
0.0121154904649
0.0121238844971
0.0121332215457
0.0121435098887
0.012154749145
0.0121669300322
0.0121800342082
0.012194034212
0.0122088935153
0.0122245666978
0.0122409997579
0.0122581305665
0.0122758894698
0.0122942000415
0.012312979981
0.0123321421474
0.0123515957152
0.0123712474301
0.0123910029393
0.0124107681669
0.0124304507005
0.0124499611553
0.012469214479
0.0124881311658
0.0125066383477
0.0125246707364
0.0125421713956
0.012559092328
0.0125753948671
0.0125910498732
0.0126060377349
0.0126203481868
0.0126339799538
0.0126469402424
0.0126592440943
0.012670913626
0.0126819771745
0.0126924683704
0.0127024251595
0.0127118887925
0.0127209027999
0.0127295119711
0.0127377613504
0.0127456952659
0.0127533564035
0.0127607849375
0.0127680177292
0.0127750876041
0.0127820227177
0.0127888460179
0.0127955748147
0.0128022204628
0.0128087881661
0.0128152769073
0.0128216795083
0.0128279828221
0.0128341680555
0.0128402112197
0.0128460837022
0.012851752951
0.012857183258
0.0128623366275
0.0128671737097
0.0128716547816
0.0128757407512
0.0128793941628
0.0128825801799
0.0128852675233
0.0128874293408
0.012889043991
0.0128900957205
0.0128905752233
0.0128904800673
0.0128898149832
0.0128885920093
0.0128868304922
0.0128845569469
0.0128818047802
0.0128786138876
0.0128750301336
0.0128711047285
0.0128668935164
0.0128624561899
0.0128578554473
0.0128531561101
0.0128484242174
0.0128437261146
0.0128391275522
0.0128346928126
0.0128304838797
0.0128265596662
0.012822975313
0.0128197815736
0.0128170242946
0.0128147440016
0.0128129756008
0.0128117481981
0.0128110850433
0.0128110035963
0.0128115157162
0.0128126279645
0.0128143420172
0.0128166551712
0.0128195609321
0.0128230496641
0.0128271092847
0.0128317259795
0.0128368849175
0.0128425709418
0.0128487692149
0.0128554657973
0.0128626481411
0.0128703054825
0.0128784291232
0.0128870125912
0.0128960516786
0.012905544358
0.0129154905827
0.0129258919797
0.0129367514486
0.0129480726833
0.012959859632
0.0129721159159
0.0129848442266
0.0129980457203
0.0130117194277
0.0130258616982
0.0130404656912
0.0130555209309
0.0130710129332
0.0130869229144
0.0131032275885
0.013119899056
0.0131369047867
0.0131542076951
0.0131717663079
0.0131895350177
0.0132074644178
0.0132255017119
0.0132435911891
0.0132616747557
0.0132796925136
0.0132975833736
0.0133152856937
0.0133327379288
0.013349879282
0.0133666503447
0.0133829937157
0.013398854587
0.0134141812898
0.0134289257895
0.0134430441253
0.0134564967878
0.0134692490313
0.01348127112
0.0134925385058
0.0135030319415
0.0135127375313
0.0135216467231
0.0135297562485
0.0135370680166
0.013543588969
0.0135493309031
0.0135543102702
0.0135585479572
0.0135620690564
0.0135649026301
0.0135670814749
0.013568641889
0.013569623445
0.0135700687707
0.013570023337
0.013569535254
0.0135686550716
0.0135674355849
0.0135659316392
0.0135641999327
0.0135622988128
0.0135602880618
0.0135582286691
0.0135561825862
0.0135542124613
0.0135523813505
0.013550752406
0.0135493885371
0.0135483520472
0.0135477042445
0.0135475050317
0.0135478124736
0.0135486823498
0.0135501676948
0.0135523183323
0.0135551804088
0.0135587959344
0.0135632023364
0.0135684320345
0.0135745120446
0.0135814636177
0.0135893019222
0.0135980357754
0.0136076674296
0.0136181924193
0.0136295994718
0.0136418704852
0.0136549805758
0.0136688981949
0.0136835853152
0.0136989976844
0.013715085144
0.0137317920097
0.0137490575071
0.01376681626
0.0137849988224
0.01380353225
0.0138223407025
0.0138413460712
0.0138604686233
0.0138796276564
0.0138987421567
0.0139177314534
0.0139365158627
0.0139550173173
0.0139731599724
0.0139908707867
0.0140080800713
0.0140247220032
0.0140407350996
0.0140560626507
0.0140706531068
0.0140844604192
0.0140974443331
0.0141095706308
0.0141208113252
0.0141311448052
0.0141405559304
0.01414903608
0.0141565831548
0.0141632015358
0.0141689020009
0.0141737016036
0.0141776235154
0.0141806968361
0.0141829563743
0.0141844424019
0.0141852003848
0.0141852806927
0.0141847382909
0.0141836324146
0.0141820262277
0.0141799864672
0.0141775830719
0.0141748887961
0.0141719788062
0.0141689302595
0.0141658218628
0.0141627334077
0.014159745283
0.0141569379591
0.0141543914462
0.0141521847233
0.0141503951406
0.0141490977952
0.0141483648866
0.0141482650542
0.0141488627078
0.0141502173579
0.0141523829588
0.014155407278
0.0141593313056
0.0141641887211
0.0141700054326
0.0141767992043
0.0141845793884
0.0141933467725
0.0142030935541
0.014213803448
0.01422545193
0.0142380066153
0.0142514277639
0.0142656689049
0.014280677562
0.0142963960629
0.0143127624119
0.0143297112004
0.0143471745331
0.0143650829449
0.0143833662857
0.0144019545545
0.0144207786628
0.0144397711158
0.0144588666008
0.0144780024774
0.0144971191676
0.0145161604496
0.0145350736599
0.0145538098126
0.0145723236489
0.0145905736272
0.0146085218707
0.0146261340845
0.0146433794595
0.0146602305741
0.0146766633102
0.0146926567912
0.0147081933551
0.0147232585682
0.0147378412855
0.014751933762
0.0147655318133
0.0147786350253
0.0147912470076
0.0148033756836
0.0148150336077
0.0148262382989
0.014837012576
0.0148473848802
0.0148573895694
0.0148670671673
0.014876464552
0.0148856350684
0.0148946385506
0.0149035412453
0.0149124156263
0.0149213400971
0.0149303985826
0.0149396800134
0.0149492777131
0.0149592887029
0.0149698129398
0.0149809525119
0.0149928108133
0.0150054917235
0.015019098818
0.0150337346338
0.0150495000128
0.0150664935414
0.015084811104
0.0151045455579
0.0151257865381
0.0151486203912
0.0151731302332
0.0151993961223
0.015227495333
0.0152575027126
0.0152894911009
0.0153235317895
0.0153596949968
0.015398050334
0.015438667238
0.015481615346
0.0155269647919
0.0155747864017
0.0156251517719
0.0156781332137
0.0157338035532
0.0157922357761
0.0158535025133
0.0159176753657
0.0159848240692
0.016055015508
0.0161283125848
0.0162047729634
0.0162844477019
0.0163673797984
0.0164536026759
0.0165431386353
0.016635997309
0.0167321741501
0.0168316489934
0.0169343847266
0.0170403261081
0.0171493987707
0.0172615084438
0.0173765404286
0.0174943593549
0.0176148092414
0.01773771388
0.0178628775537
0.0179900860928
0.018119108266
0.0182496974931
0.0183815938609
0.0185145264121
0.0186482156728
0.0187823763744
0.0189167203198
0.0190509593416
0.0191848082907
0.0193179879955
0.0194502281293
0.019581269923
0.0197108686625
0.0198387959145
0.0199648414289
0.0200888146709
0.0202105459444
0.0203298870783
0.0204467116537
0.0205609147622
0.0206724122955
0.0207811397769
0.0208870507567
0.0209901148026
0.0210903151276
0.0211876459054
0.0212821093325
0.0213737125028
0.0214624641642
0.0215483714342
0.0216314365492
0.021711653727
0.0217890062178
0.0218634636163
0.0219349795054
0.022003489492
0.0220689096907
0.0221311357001
0.0221900421085
0.0222454825521
0.0222972903401
0.0223452796469
0.0223892472609
0.0224289748665
0.0224642318247
0.0224947784075
0.0225203694285
0.022540758206
0.0225557007845
0.0225649603353
0.0225683116497
0.0225655456377
0.0225564737396
0.0225409321622
0.0225187858491
0.0224899321005
0.0224543037658
0.0224118719354
0.022362648072
0.0223066855318
0.0222440804371
0.0221749718798
0.0220995414444
0.0220180120617
0.0219306462123
0.02183774352
0.0217396377849
0.021636693522
0.0215293020781
0.0214178774122
0.0213028516278
0.0211846703497
0.0210637880401
0.0209406633435
0.0208157545501
0.0206895152541
0.0205623902825
0.0204348119521
0.0203071967067
0.0201799421712
0.020053424649
0.0199279970763
0.0198039874364
0.0196816976258
0.0195614027564
0.019443350868
0.0193277630219
0.0192148337385
0.0191047317402
0.018997600958
0.0188935617595
0.0187927123552
0.0186951303418
0.0186008743429
0.0185099857081
0.0184224902368
0.0183383998939
0.0182577144882
0.0181804232889
0.018106506557
0.0180359369739
0.017968680952
0.0179046998148
0.0178439508384
0.0177863881505
0.0177319634822
0.0176806267756
0.0176323266505
0.0175870107351
0.0175446258703
0.0175051181975
0.0174684331425
0.0174345153081
0.0174033082905
0.0173747544342
0.0173487945417
0.0173253675516
0.0173044102024
0.017285856694
0.0172696383623
0.0172556833783
0.0172439164836
0.0172342587716
0.0172266275231
0.0172209361041
0.0172170939311
0.0172150065076
0.017214575537
0.0172156991108
0.0172182719753
0.0172221858749
0.0172273299693
0.0172335913241
0.017240855468
0.0172490070122
0.0172579303262
0.0172675102613
0.0172776329124
0.01728818641
0.0172990617287
0.0173101535025
0.0173213608317
0.0173325880699
0.017343745575
0.0173547504126
0.0173655269946
0.0173760076436
0.017386133067
0.0173958527326
0.0174051251351
0.0174139179462
0.0174222080448
0.0174299814236
0.0174372329732
0.0174439661486
0.0174501925213
0.0174559312292
0.0174612083336
0.0174660560975
0.0174705122001
0.0174746189045
0.0174784221958
0.0174819709061
0.0174853158457
0.0174885089553
0.0174916024957
0.0174946482889
0.0174976970227
0.0175007976289
0.0175039967436
0.0175073382548
0.0175108629408
0.0175146082016
0.0175186078813
0.0175228921795
0.0175274876473
0.0175324172617
0.0175377005712
0.017543353904
0.0175493906307
0.0175558214702
0.0175626548293
0.0175698971665
0.017577553367
0.0175856271216
0.0175941212966
0.0176030382869
0.0176123803421
0.0176221498571
0.0176323496201
0.0176429830098
0.0176540541374
0.0176655679276
0.017677530135
0.017689947294
0.0177028266009
0.0177161757289
0.0177300025771
0.0177443149585
0.0177591202296
0.01777442487
0.017790234018
0.0178065509724
0.0178233766691
0.017840709145
0.0178585429994
0.0178768688662
0.0178956729088
0.0179149363505
0.017934635052
0.0179547391488
0.0179752127577
0.0179960137637
0.0180170936943
0.0180383976893
0.01805986457
0.018081427012
0.0181030118226
0.0181245403217
0.018145928824
0.0181670892175
0.018187929632
0.0182083551887
0.0182282688214
0.0182475721582
0.0182661664501
0.0182839535348
0.01830083682
0.018316722273
0.018331519402
0.0183451422149
0.0183575101416
0.0183685489081
0.0183781913502
0.018386378155
0.0183930585246
0.0183981907499
0.018401742693
0.0184036921711
0.0184040272406
0.018402746381
0.0183998585781
0.0183953833096
0.0183893504366
0.0183818000044
0.0183727819602
0.0183623557909
0.0183505900905
0.0183375620621
0.0183233569626
0.0183080674957
0.0182917931612
0.018274639567
0.0182567177075
0.0182381432176
0.018219035603
0.0181995174545
0.0181797136492
0.0181597505414
0.0181397551483
0.0181198543316
0.0181001739804
0.018080838197
0.0180619684891
0.0180436829734
0.0180260955922
0.0180093153503
0.0179934455744
0.0179785832026
0.0179648181081
0.0179522324645
0.0179409001586
0.017930886258
0.0179222465402
0.0179150270893
0.0179092639687
0.0179049829735
0.0179021994705
0.0179009183286
0.0179011339443
0.0179028303646
0.0179059815083
0.0179105514858
0.0179164950149
0.0179237579305
0.017932277782
0.0179419845128
0.0179528012139
0.0179646449427
0.0179774275957
0.0179910568255
0.0180054369887
0.018020470113
0.0180360568704
0.0180520975442
0.0180684929771
0.018085145488
0.018101959747
0.0181188435981
0.0181357088194
0.018152471814
0.0181690542241
0.0181853834626
0.0182013931596
0.0182170235197
0.0182322215908
0.0182469414435
0.0182611442637
0.018274798361
0.0182878790985
0.0183003687467
0.0183122562711
0.0183235370577
0.0183342125861
0.0183442900569
0.0183537819836
0.0183627057554
0.018371083182
0.018378940027
0.0183863055385
0.0183932119857
0.0183996942061
0.0184057891729
0.0184115355844
0.018416973483
0.0184221439057
0.0184270885687
0.0184318495884
0.0184364692376
0.0184409897383
0.0184454530873
0.0184499009137
0.018454374364
0.0184589140115
0.0184635597842
0.0184683509079
0.0184733258582
0.018478522316
0.0184839771229
0.0184897262292
0.0184958046325
0.0185022463019
0.0185090840848
0.0185163495943
0.0185240730756
0.0185322832513
0.0185410071463
0.0185502698933
0.0185600945217
0.0185705017341
0.0185815096728
0.0185931336827
0.0186053860746
0.0186182758958
0.018631808712
0.0186459864079
0.0186608070105
0.0186762645411
0.0186923489009
0.0187090457923
0.0187263366817
0.0187441988033
0.0187626052076
0.0187815248531
0.0188009227426
0.0188207601001
0.0188409945887
0.018861580564
0.0188824693608
0.0189036096079
0.0189249475669
0.0189464274883
0.0189679919821
0.0189895823958
0.0190111391948
0.0190326023419
0.0190539116691
0.0190750072397
0.0190958296957
0.0191163205888
0.0191364226916
0.0191560802879
0.0191752394411
0.01919384824
0.0192118570218
0.0192292185739
0.0192458883137
0.01926182445
0.0192769881255
0.0192913435437
0.0193048580808
0.0193175023853
0.0193292504674
0.0193400797778
0.0193499712803
0.0193589095164
0.0193668826649
0.0193738825958
0.0193799049183
0.0193849490248
0.0193890181267
0.0193921192849
0.0193942634307
0.0193954653778
0.0193957438214
0.0193951213253
0.0193936242922
0.0193912829168
0.0193881311198
0.0193842064599
0.0193795500224
0.0193742062843
0.0193682229523
0.0193616507753
0.0193545433304
0.0193469567812
0.019338949612
0.0193305823361
0.0193219171821
0.0193130177595
0.0193039487064
0.0192947753225
0.0192855631913
0.0192763777938
0.0192672841194
0.0192583462762
0.0192496271049
0.0192411878009
0.0192330875458
0.0192253831535
0.0192181287307
0.0192113753565
0.0192051707794
0.0191995591342
0.0191945806784
0.019190271547
0.019186663525
0.0191837838356
0.0191816549435
0.0191802943696
0.0191797145168
0.0191799225046
0.0191809200112
0.0191827031233
0.0191852621943
0.0191885817116
0.019192640178
0.0191974100102
0.0192028574627
0.0192089425843
0.0192156192169
0.0192228350501
0.0192305317416
0.0192386451192
0.0192471054765
0.0192558379761
0.0192647631699
0.0192737976468
0.0192828548108
0.0192918457894
0.0193006804666
0.0193092686267
0.01931752119
0.0193253515135
0.0193326767234
0.0193394190426
0.0193455070705
0.0193508769731
0.0193554735421
0.0193592510841
0.0193621741068
0.01936421778
0.0193653681537
0.0193656221312
0.0193649872018
0.0193634809495
0.019361130364
0.0193579709848
0.0193540459161
0.0193494047533
0.0193441024604
0.0193381982385
0.019331754419
0.0193248354156
0.0193175067574
0.0193098342256
0.0193018831053
0.0192937175626
0.0192854001484
0.0192769914291
0.0192685497379
0.0192601310395
0.0192517888985
0.0192435745389
0.0192355369828
0.0192277232549
0.0192201786391
0.0192129469736
0.0192060709711
0.0191995925507
0.0191935531675
0.0191879941279
0.0191829568768
0.0191784832439
0.0191746156382
0.0191713971762
0.0191688717355
0.0191670839205
0.0191660789348
0.0191659023494
0.0191665997652
0.0191682163658
0.0191707963622
0.0191743823359
0.0191790144878
0.0191847298084
0.0191915611862
0.0191995364781
0.0192086775671
0.0192189994372
0.0192305092961
0.0192432057783
0.019257078259
0.0192721063082
0.019288259309
0.0193054962601
0.0193237657757
0.0193430062881
0.0193631464527
0.0193841057452
0.0194057952355
0.0194281185176
0.0194509727674
0.0194742499007
0.0194978377996
0.0195216215763
0.019545484845
0.0195693109753
0.0195929843024
0.0196163912767
0.0196394215354
0.0196619688867
0.0196839321997
0.0197052161955
0.0197257321405
0.0197453984422
0.0197641411519
0.0197818943781
0.0197986006156
0.0198142109938
0.019828685451
0.0198419928348
0.0198541109355
0.0198650264508
0.0198747348873
0.0198832403973
0.019890555553
0.0198967010593
0.0199017054068
0.0199056044655
0.0199084410231
0.0199102642711
0.0199111292416
0.0199110962027
0.019910230015
0.0199085994609
0.0199062765499
0.0199033358119
0.0198998535845
0.0198959073057
0.0198915748172
0.0198869336896
0.0198820605749
0.0198770305929
0.0198719167581
0.01986678945
0.0198617159305
0.0198567599104
0.0198519811656
0.0198474352016
0.0198431729677
0.019839240616
0.019835679305
0.019832525044
0.0198298085764
0.0198275552986
0.0198257852133
0.0198245129141
0.0198237476021
0.0198234931321
0.0198237480901
0.0198245059019
0.0198257549747
0.0198274788725
0.0198296565281
0.0198322624922
0.0198352672223
0.0198386374111
0.0198423363554
0.019846324364
0.0198505592034
0.019854996577
0.0198595906347
0.0198642945059
0.0198690608489
0.0198738424096
0.0198785925801
0.0198832659466
0.0198878188192
0.0198922097316
0.0198963999032
0.0199003536547
0.0199040387692
0.0199074267942
0.0199104932788
0.0199132179444
0.0199155847865
0.01991758211
0.019919202499
0.0199204427244
0.0199213035965
0.0199217897655
0.0199219094793
0.0199216743045
0.0199210988184
0.0199202002799
0.0199189982866
0.019917514424
0.0199157719156
0.0199137952776
0.0199116099838
0.0199092421461
0.0199067182128
0.0199040646887
0.0199013078777
0.0198984736507
0.0198955872391
0.0198926730535
0.0198897545282
0.0198868539904
0.0198839925532
0.0198811900313
0.0198784648778
0.0198758341402
0.019873313435
0.0198709169378
0.0198686573883
0.0198665461073
0.0198645930263
