0.00615059846725
0.00614514319735
0.00613973379908
0.00613439833508
0.0061291663658
0.00612406889303
0.00611913828565
0.00611440818656
0.00610991339952
0.00610568975486
0.00610177395333
0.00609820338726
0.0060950159389
0.00609224975575
0.00608994300329
0.0060881335958
0.00608685890647
0.00608615545856
0.00608605859977
0.00608660216251
0.00608781811359
0.00608973619707
0.00609238357466
0.00609578446879
0.00609995981352
0.00610492691926
0.00611069915721
0.00611728566982
0.00612469111361
0.00613291544044
0.00614195372337
0.00615179603245
0.00616242736563
0.00617382763892
0.0061859717393
0.00619882964259
0.00621236659783
0.00622654337784
0.00624131659506
0.00625663907994
0.00627246031822
0.00628872694198
0.00630538326832
0.00632237187849
0.00633963422935
0.00635711128835
0.00637474418273
0.00639247485326
0.00641024670265
0.00642800522899
0.00644569863468
0.00646327840183
0.00648069982555
0.00649792249764
0.00651491073351
0.00653163393655
0.00654806689499
0.00656419000725
0.00657998943306
0.00659545716852
0.00661059104452
0.00662539464886
0.00663987717343
0.00665405318906
0.00666794235112
0.00668156904034
0.00669496194378
0.00670815358192
0.0067211797883
0.00673407914908
0.00674689241008
0.00675966185968
0.00677243069613
0.00678524238807
0.00679814003741
0.0068111657534
0.00682436004717
0.00683776125505
0.00685140499935
0.00686532369418
0.00687954610356
0.00689409695808
0.00690899663566
0.00692426091067
0.00693990077467
0.00695592233088
0.00697232676304
0.0069891103783
0.00700626472206
0.00702377676196
0.00704162913648
0.0070598004629
0.00707826569797
0.00709699654404
0.00711596189252
0.00713512829581
0.00715446045875
0.00717392174003
0.00719347465425
0.00721308136525
0.0072327041618
0.0072523059071
0.00727185045437
0.00729130302141
0.00731063051814
0.00732980182225
0.00734878799887
0.00736756246199
0.00738610107621
0.00740438219884
0.00742238666378
0.00744009770979
0.00745750085713
0.00747458373736
0.00749133588268
0.00750774848153
0.00752381410822
0.00753952643491
0.00755487993445
0.00756986958294
0.00758449057059
0.00759873802937
0.0076126067853
0.00762609114261
0.00763918470594
0.00765188024601
0.00766416961249
0.0076760436971
0.00768749244802
0.00769850493562
0.00770906946806
0.0077191737538
0.00772880510688
0.00773795068972
0.00774659778688
0.00775473410273
0.00776234807491
0.00776942919524
0.00777596832934
0.00778195802621
0.007787392809
0.00779226943887
0.007796587144
0.00780034780668
0.00780355610238
0.00780621958543
0.00780834871727
0.00780995683418
0.00781106005298
0.00781167711402
0.00781182916256
0.00781153947057
0.00781083310238
0.00780973652891
0.00780827719619
0.00780648305523
0.00780438206083
0.00780200164837
0.00779936819791
0.00779650649566
0.00779343920358
0.00779018634775
0.00778676483674
0.00778318802082
0.00777946530289
0.00777560181141
0.00777159814527
0.0077674501994
0.00776314907936
0.00775868111165
0.00775402795527
0.00774916681865
0.00774407078403
0.00773870923996
0.00773304842029
0.00772705204613
0.00772068206493
0.00771389947889
0.00770666525244
0.00769894128653
0.00769069144541
0.00768188261949
0.0076724858063
0.00766247719008
0.00765183919913
0.00764056151955
0.00762864204344
0.00761608772952
0.00760291535508
0.00758915213885
0.00757483621617
0.00756001695001
0.00754475506378
0.00752912258525
0.00751320259421
0.00749708877036
0.007480884742
0.00746470324035
0.00744866506851
0.0074328978981
0.0074175349108
0.00740271330537
0.00738857269391
0.00737525341396
0.00736289478475
0.00735163333752
0.00734160105036
0.00733292361814
0.00732571878716
0.00732009478305
0.00731614885833
0.00731396598353
0.0073136177031
0.0073151611737
0.00731863839932
0.00732407567357
0.0073314832363
0.00734085514717
0.00735216937596
0.00736538810519
0.00738045823768
0.00739731209855
0.0074158683181
0.0074360328799
0.00745770031579
0.00748075502801
0.00750507271695
0.00753052189193
0.00755696544151
0.00758426223964
0.00761226876365
0.00764084070043
0.00766983451807
0.00769910898085
0.00772852658729
0.00775795491245
0.00778726783785
0.00781634665467
0.00784508102853
0.0078733698169
0.00790112173312
0.007928255854
0.00795470197089
0.00798040078718
0.00800530396769
0.00802937404823
0.00805258421545
0.00807491796948
0.00809636868296
0.00811693907119
0.00813664058898
0.00815549276974
0.00817352252207
0.00819076339881
0.00820725485192
0.00822304148595
0.00823817232076
0.00825270007262
0.00826668046126
0.00828017154813
0.00829323310984
0.00830592604862
0.00831831184042
0.00833045201989
0.00834240770015
0.00835423912482
0.00836600524885
0.00837776334462
0.00838956862964
0.00840147391238
0.00841352925326
0.00842578163827
0.00843827466354
0.00845104823
0.00846413824812
0.00847757635375
0.00849138963677
0.00850560038549
0.00852022585012
0.00853527802952
0.008550763486
0.00856668319316
0.00858303242202
0.00859980067077
0.00861697164326
0.00863452328093
0.00865242785248
0.00867065210473
0.0086891574773
0.00870790038284
0.00872683255314
0.00874590145051
0.0087650507423
0.00878422083522
0.00880334946469
0.00882237233322
0.00884122379051
0.00885983754673
0.0088781474098
0.00889608803599
0.0089135956832
0.00893060895542
0.00894706952671
0.0089629228333
0.00897811872257
0.00899261204815
0.00900636320136
0.0090193385702
0.00903151091812
0.00904285967639
0.00905337114544
0.0090630386017
0.00907186230868
0.00907984943212
0.0090870138608
0.00909337593604
0.00909896209414
0.00910380442707
0.00910794016787
0.00911141110756
0.00911426295131
0.00911654462142
0.00911830751516
0.00911960472526
0.00912049023059
0.00912101806436
0.00912124146689
0.00912121202943
0.00912097883538
0.00912058760513
0.00912007985036
0.00911949204418
0.00911885481343
0.00911819216035
0.00911752072129
0.0091168490714
0.00911617708534
0.00911549536523
0.00911478474881
0.00911401591175
0.0091131490798
0.00911213386702
0.00911090925734
0.00910940374685
0.00910753566339
0.00910521367912
0.00910233752947
0.00909879894858
0.00909448282759
0.00908926859681
0.00908303182717
0.00907564603971
0.0090669847047
0.00905692340523
0.00904534213275
0.00903212767577
0.00901717605765
0.00900039497476
0.00898170618432
0.00896104778963
0.00893837637229
0.00891366892304
0.00888692452842
0.00885816577568
0.00882743984627
0.0087948192756
0.00876040236504
0.00872431323963
0.00868670155213
0.00864774183972
0.0086076325441
0.0085665947088
0.00852487036911
0.00848272064982
0.0084404235853
0.00839827167495
0.00835656918487
0.0083156292053
0.00827577047274
0.00823731396622
0.00820057928979
0.00816588085793
0.00813352390784
0.00810380037202
0.0080769846564
0.00805332938304
0.00803306117095
0.00801637654385
0.00800343806731
0.00799437082929
0.00798925938579
0.00798814529576
0.00799102536503
0.007997850708
0.00800852671635
0.0080229139974
0.00804083031182
0.00806205350173
0.00808632535986
0.00811335634913
0.00814283104381
0.00817441413105
0.00820775678657
0.00824250322353
0.00827829720964
0.00831478835398
0.0083516379821
0.00838852444338
0.00842514772593
0.0084612332904
0.00849653507066
0.00853083762514
0.00856395745537
0.00859574353595
0.00862607712285
0.00865487092268
0.00868206771592
0.00870763853145
0.00873158046941
0.00875391426514
0.00877468167979
0.00879394279378
0.00881177326964
0.00882826163941
0.0088435066624
0.00885761478902
0.00887069775812
0.00888287034818
0.00889424829657
0.00890494639621
0.00891507677563
0.00892474736549
0.00893406055293
0.00894311202379
0.00895198979201
0.00896077341498
0.0089695333932
0.00897833075218
0.00898721680398
0.00899623308495
0.00900541146525
0.0090147744243
0.00902433548484
0.00903409979604
0.00904406485449
0.00905422134904
0.00906455411371
0.0090750431702
0.00908566483978
0.0090963929022
0.00910719977831
0.00911805771162
0.00912893992416
0.00913982172185
0.00915068152591
0.00916150180795
0.00917226990895
0.00918297872478
0.00919362724423
0.00920422092895
0.00921477192856
0.00922529912794
0.00923582802764
0.00924639046177
0.00925702416161
0.00926777217552
0.00927868215915
0.00928980555133
0.00930119665349
0.00931291163103
0.00932500745624
0.00933754081282
0.0093505669818
0.00936413872878
0.00937830521171
0.00939311092796
0.00940859471849
0.00942478884606
0.00944171816323
0.00945939938495
0.00947784047883
0.0094970401849
0.00951698767482
0.00953766235862
0.00955903384466
0.00958106205638
0.00960369750637
0.00962688172559
0.00965054784261
0.00967462130445
0.00969902072759
0.00972365886483
0.00974844367075
0.00977327944631
0.00979806804102
0.00982271008974
0.00984710626055
0.0098711584895
0.00989477117909
0.00991785233799
0.00994031464158
0.0099620763948
0.00998306238165
0.0100032045886
0.010022442792
0.0100407250036
0.01005800777
0.010074256327
0.0100894446103
0.0101035551292
0.0101165787096
0.0101285141179
0.0101393675753
0.0101491521775
0.0101578872337
0.0101655975392
0.010172312599
0.0101780658192
0.0101828936818
0.0101868349211
0.0101899297176
0.010192218927
0.0101937433583
0.010194543116
0.0101946570203
0.0101941221158
0.0101929732781
0.0101912429259
0.010188960844
0.0101861541174
0.0101828471775
0.0101790619572
0.0101748181467
0.0101701335446
0.01016502449
0.0101595063655
0.0101535941551
0.010147303041
0.0101406490237
0.0101336495472
0.0101263241133
0.0101186948674
0.0101107871407
0.0101026299343
0.0100942563304
0.0100857038213
0.0100770145441
0.0100682354153
0.0100594181572
0.0100506192153
0.0100418995625
0.0100333243932
0.0100249627092
0.0100168868026
0.010009171644
0.0100018941846
0.00999513258388
0.00998896537729
0.00998347059647
0.00997872486039
0.00997480245342
0.00997177440863
0.00996970761422
0.00996866396116
0.00996869954916
0.00996986396717
0.00997219966256
0.00997574141169
0.00998051590129
0.00998654142796
0.00999382771952
0.0100023758792
0.0100121784498
0.0100232195932
0.0100354753757
0.0100489141496
0.0100634970168
0.0100791783615
0.0100959064351
0.010113623978
0.0101322688632
0.0101517747452
0.0101720717017
0.0101930868548
0.0102147449618
0.0102369689679
0.0102596805132
0.0102828003926
0.0103062489663
0.0103299465209
0.0103538135867
0.0103777712125
0.0104017412072
0.0104256463523
0.0104494105952
0.0104729592305
0.0104962190772
0.0105191186586
0.0105415883934
0.010563560801
0.0105849707277
0.0106057555936
0.0106258556636
0.0106452143391
0.0106637784693
0.0106814986759
0.0106983296858
0.0107142306637
0.0107291655349
0.0107431032898
0.0107560182588
0.010767890348
0.0107787052259
0.0107884544523
0.0107971355417
0.0108047519566
0.0108113130259
0.0108168337875
0.0108213347578
0.010824841629
0.0108273849031
0.0108289994702
0.0108297241401
0.0108296011424
0.0108286756051
0.0108269950287
0.0108246087673
0.0108215675331
0.0108179229354
0.0108137270669
0.0108090321468
0.0108038902282
0.0107983529758
0.0107924715157
0.0107862963583
0.0107798773909
0.0107732639341
0.0107665048564
0.0107596487335
0.0107527440438
0.0107458393845
0.0107389836942
0.0107322264674
0.0107256179449
0.0107192092656
0.0107130525651
0.0107072010084
0.0107017087456
0.0106966307818
0.0106920227536
0.0106879406094
0.0106844401931
0.0106815767315
0.0106794042337
0.0106779748082
0.0106773379121
0.0106775395454
0.0106786214073
0.010680620035
0.0106835659446
0.0106874827965
0.0106923866085
0.0106982850381
0.0107051767566
0.0107130509346
0.0107218868588
0.0107316536945
0.0107423104075
0.0107538058549
0.0107660790498
0.0107790596012
0.0107926683273
0.0108068180339
0.0108214144472
0.0108363572864
0.0108515414567
0.0108668583413
0.010882197169
0.0108974464298
0.0109124953124
0.0109272351343
0.0109415607377
0.010955371823
0.0109685741947
0.0109810808947
0.0109928132032
0.0110037014869
0.0110136858808
0.0110227167914
0.0110307552133
0.0110377728568
0.011043752085
0.011048685666
0.0110525763473
0.0110554362643
0.0110572861984
0.0110581547011
0.0110580771057
0.0110570944498
0.0110552523312
0.0110525997242
0.0110491877826
0.0110450686551
0.01104029434
0.0110349156039
0.0110289809891
0.01102253593
0.0110156219998
0.0110082763025
0.0110005310249
0.0109924131562
0.0109839443841
0.010975141165
0.0109660149694
0.0109565726933
0.0109468172256
0.0109367481556
0.0109263626028
0.0109156561467
0.0109046238315
0.0108932612192
0.010881565462
0.0108695363661
0.010857177416
0.0108444967323
0.0108315079358
0.0108182308932
0.0108046923235
0.0107909262473
0.0107769742649
0.0107628856551
0.0107487172893
0.0107345333621
0.0107204049428
0.0107064093577
0.0106926294164
0.0106791525006
0.0106660695328
0.0106534738503
0.0106414600063
0.0106301225241
0.010619554629
0.0106098469822
0.0106010864397
0.0105933548579
0.0105867279652
0.0105812743156
0.0105770543385
0.0105741194955
0.0105725115526
0.0105722619718
0.0105733914263
0.0105759094375
0.010579814134
0.0105850921277
0.0105917185022
0.0105996569092
0.0106088597658
0.010619268547
0.0106308141679
0.0106434174499
0.0106569896671
0.0106714331692
0.0106866420777
0.0107025030543
0.0107188961401
0.0107356956656
0.0107527712302
0.0107699887514
0.010787211583
0.0108043016986
0.0108211209392
0.0108375323175
0.010853401372
0.0108685975605
0.0108829956809
0.0108964773009
0.0109089321808
0.0109202596659
0.0109303700257
0.0109391857146
0.0109466425269
0.010952690621
0.0109572953852
0.0109604381215
0.0109621165253
0.0109623449428
0.0109611543923
0.0109585923389
0.0109547222214
0.0109496227309
0.0109433868523
0.0109361206802
0.0109279420307
0.0109189788726
0.0109093676075
0.0108992512311
0.01088877741
0.0108780965109
0.0108673596184
0.0108567165786
0.0108463141028
0.0108362939639
0.0108267913166
0.0108179331675
0.0108098370169
0.0108026096938
0.0107963463955
0.0107911299442
0.010787030266
0.0107841040937
0.0107823948908
0.0107819329915
0.0107827359458
0.0107848090579
0.0107881460992
0.0107927301801
0.0107985347557
0.0108055247453
0.0108136577367
0.0108228852524
0.0108331540469
0.0108444074099
0.0108565864467
0.0108696313082
0.0108834823468
0.0108980811728
0.0109133715906
0.0109293003972
0.0109458180269
0.0109628790327
0.0109804423963
0.0109984716656
0.0110169349212
0.0110358045785
0.0110550570364
0.0110746721866
0.0110946328018
0.0111149238241
0.011135531575
0.0111564429127
0.0111776443615
0.011199121238
0.0112208567992
0.0112428314354
0.0112650219292
0.0112874007997
0.0113099357493
0.0113325892249
0.0113553181062
0.0113780735269
0.0114008008346
0.0114234396895
0.0114459243026
0.0114681838078
0.0114901427624
0.0115117217678
0.0115328382004
0.0115534070399
0.0115733417824
0.0115925554231
0.0116109614943
0.0116284751398
0.0116450142111
0.0116605003656
0.0116748601502
0.0116880260514
0.0116999374947
0.0117105417745
0.0117197948986
0.0117276623314
0.0117341196193
0.0117391528872
0.011742759193
0.0117449467308
0.0117457348777
0.0117451540772
0.0117432455599
0.0117400609032
0.011735661433
0.0117301174784
0.0117235074874
0.011715917021
0.0117074376389
0.0116981657001
0.0116882010958
0.0116776459406
0.0116666032437
0.0116551755859
0.0116434638266
0.0116315658638
0.011619575471
0.0116075812316
0.0115956655894
0.0115839040328
0.0115723644247
0.0115611064902
0.0115501814688
0.0115396319349
0.0115294917867
0.0115197864023
0.0115105329554
0.0115017408827
0.011493412491
0.0114855436908
0.0114781248394
0.0114711416767
0.0114645763338
0.0114584083952
0.011452615992
0.0114471769076
0.0114420696707
0.011437274618
0.0114327749028
0.0114285574307
0.0114246137023
0.011420940545
0.0114175407159
0.0114144233627
0.0114116043269
0.0114091062798
0.0114069586845
0.0114051975766
0.0114038651651
0.0114030092546
0.0114026824976
0.0114029414866
0.0114038457047
0.0114054563523
0.0114078350767
0.0114110426303
0.0114151374889
0.0114201744614
0.0114262033222
0.0114332674981
0.0114414028385
0.0114506364945
0.0114609859279
0.011472458067
0.0114850486196
0.0114987415485
0.0115135087096
0.0115293096479
0.0115460915425
0.0115637892885
0.011582325704
0.0116016118469
0.0116215474304
0.0116420213237
0.0116629121323
0.0116840888495
0.0117054115791
0.0117267323291
0.0117478958818
0.0117687407458
0.0117891001988
0.0118088034296
0.0118276767877
0.0118455451461
0.0118622333826
0.011877567977
0.0118913787213
0.0119035005297
0.0119137753336
0.0119220540379
0.0119281985095
0.0119320835639
0.0119335989122
0.0119326510255
0.0119291648732
0.0119230854935
0.0119143793507
0.0119030354438
0.0118890661321
0.0118725076497
0.0118534202915
0.0118318882591
0.0118080191654
0.0117819432048
0.011753812006
0.0117237971907
0.0116920886684
0.011658892705
0.011624429804
0.0115889324443
0.0115526427181
0.0115158099121
0.0114786880747
0.0114415336082
0.0114046029215
0.0113681501754
0.0113324251463
0.0112976712325
0.0112641236177
0.0112320076062
0.0112015371365
0.0111729134783
0.0111463241103
0.0111219417781
0.0110999237229
0.0110804110736
0.01106352839
0.0110493833442
0.011038066527
0.0110296513627
0.0110241941194
0.0110217339986
0.0110222932917
0.0110258775889
0.011032476033
0.011042061608
0.0110545914579
0.0110700072356
0.0110882354826
0.0111091880471
0.0111327625493
0.0111588429104
0.011187299959
0.0112179921369
0.0112507663238
0.0112854587991
0.0113218963606
0.0113598976095
0.0113992744103
0.0114398335217
0.0114813783863
0.011523711056
0.0115666342178
0.0116099532762
0.0116534784376
0.0116970267381
0.0117404239511
0.011783506316
0.0118261220296
0.0118681324554
0.0119094130161
0.0119498537475
0.011989359512
0.0120278498803
0.0120652587079
0.0121015334434
0.0121366342151
0.0121705327486
0.01220321117
0.0122346607489
0.0122648806331
0.0122938766186
0.0123216599942
0.0123482464905
0.0123736553557
0.0123979085705
0.0124210302107
0.0124430459554
0.0124639827349
0.0124838685089
0.0125027321593
0.0125206034805
0.0125375132504
0.0125534933593
0.0125685769788
0.0125827987497
0.0125961949708
0.0126088037694
0.0126206652386
0.0126318215282
0.0126423168753
0.0126521975695
0.0126615118443
0.0126703096939
0.0126786426166
0.012686563288
0.0126941251723
0.0127013820819
0.0127083876973
0.0127151950627
0.0127218560728
0.0127284209677
0.0127349378524
0.0127414522565
0.0127480067494
0.0127546406219
0.0127613896468
0.0127682859221
0.0127753578045
0.0127826299311
0.012790123329
0.0127978556073
0.0128058412228
0.0128140918117
0.0128226165736
0.0128314226967
0.01284051581
0.0128499004488
0.0128595805208
0.0128695597589
0.0128798421489
0.0128904323221
0.0129013359014
0.0129125597957
0.0129241124317
0.012936003923
0.0129482461687
0.0129608528816
0.0129738395459
0.0129872233029
0.0130010227695
0.0130152577914
0.0130299491367
0.0130451181353
0.0130607862727
0.0130769747458
0.0130937039917
0.0131109931992
0.0131288598169
0.0131473190693
0.0131663834953
0.0131860625221
0.0132063620887
0.0132272843317
0.0132488273434
0.0132709850149
0.0132937469684
0.0133170985853
0.01334102113
0.0133654919683
0.0133904848731
0.0134159704096
0.0134419163866
0.0134682883595
0.0134950501679
0.0135221644902
0.0135495933976
0.0135772988889
0.013605243391
0.0136333902115
0.0136617039297
0.0136901507198
0.0137186985984
0.013747317594
0.0137759798373
0.0138046595745
0.0138333331071
0.0138619786626
0.0138905762036
0.0139191071809
0.0139475542398
0.0139759008858
0.0140041311195
0.0140322290475
0.0140601784781
0.0140879625106
0.0141155631258
0.0141429607868
0.0141701340593
0.0141970592586
0.014223710135
0.0142500576038
0.0142760695311
0.0143017105817
0.0143269421387
0.0143517223004
0.0143760059605
0.0143997449758
0.0144228884232
0.0144453829453
0.0144671731844
0.0144882022974
0.0145084125464
0.0145277459539
0.0145461450128
0.0145635534348
0.0145799169241
0.0145951839596
0.0146093065676
0.0146222410701
0.01463394879
0.0146443967
0.0146535579984
0.0146614126032
0.0146679475504
0.0146731572922
0.0146770438878
0.0146796170841
0.0146808942877
0.0146809004279
0.0146796677168
0.0146772353116
0.0146736488875
0.0146689601304
0.01466322616
0.0146565088942
0.0146488743675
0.0146403920158
0.0146311339387
0.014621174154
0.0146105878542
0.0145994506783
0.0145878380085
0.0145758243026
0.014563482471
0.0145508833054
0.0145380949664
0.0145251825352
0.0145122076327
0.0144992281072
0.0144862977939
0.0144734663419
0.014460779109
0.0144482771186
0.0144359970754
0.0144239714318
0.0144122285005
0.0144007926036
0.0143896842523
0.0143789203484
0.0143685144007
0.0143584767484
0.0143488147873
0.0143395331907
0.0143306341239
0.0143221174462
0.0143139809016
0.0143062202958
0.01429882966
0.0142918014048
0.014285126465
0.0142787944396
0.0142727937292
0.0142671116772
0.0142617347163
0.0142566485247
0.0142518381965
0.0142472884272
0.0142429837181
0.0142389086
0.0142350478762
0.014231386886
0.0142279117855
0.0142246098446
0.0142214697571
0.0142184819593
0.0142156389543
0.0142129356347
0.0142103696012
0.0142079414687
0.0142056551549
0.0142035181465
0.0142015417343
0.0141997412131
0.01419813604
0.0141967499443
0.014195610984
0.0141947515438
0.0141942082692
0.014194021932
0.0141942372227
0.0141949024675
0.0141960692644
0.0141977920382
0.0142001275108
0.0142031340881
0.0142068711611
0.0142113983257
0.0142167745213
0.0142230570962
0.0142303008038
0.01423855674
0.0142478712344
0.0142582847074
0.0142698305135
0.0142825337886
0.014296410327
0.0143114655136
0.0143276933411
0.0143450755429
0.0143635808751
0.0143831645802
0.0144037680659
0.0144253188286
0.0144477306483
0.0144709040778
0.0144947272396
0.0145190769379
0.0145438200827
0.0145688154123
0.0145939154901
0.0146189689409
0.0146438228804
0.0146683254847
0.0146923286372
0.0147156905878
0.014738278555
0.0147599712037
0.0147806609342
0.0148002559245
0.0148186818759
0.0148358834244
0.0148518251873
0.014866492433
0.0148798913672
0.0148920490452
0.0149030129275
0.014912850104
0.0149216462199
0.0149295041396
0.0149365423891
0.0149428934154
0.0149487017031
0.0149541217847
0.0149593161782
0.0149644532825
0.0149697052553
0.0149752458968
0.0149812485555
0.0149878840721
0.0149953187726
0.0150037125218
0.0150132168441
0.0150239731228
0.015036110885
0.015049746184
0.0150649800897
0.0150818973031
0.015100564911
0.0151210312998
0.0151433252515
0.0151674552448
0.0151934089865
0.0152211531983
0.0152506336843
0.0152817756997
0.01531448464
0.0153486470632
0.0153841320501
0.0154207929011
0.0154584691556
0.0154969889132
0.0155361714217
0.0155758298899
0.0156157744716
0.0156558153595
0.0156957659239
0.0157354458252
0.0157746840304
0.0158133216654
0.0158512146409
0.0158882359977
0.0159242779268
0.0159592534311
0.01599309761
0.0160257685593
0.0160572478908
0.0160875408894
0.016116676333
0.0161447060083
0.0161717039617
0.0161977655269
0.0162230061707
0.0162475601992
0.0162715793606
0.0162952313798
0.0163186984512
0.0163421757132
0.0163658697193
0.0163899969164
0.0164147821338
0.0164404570835
0.0164672588656
0.0164954284725
0.0165252092807
0.016556845519
0.0165905807038
0.0166266560284
0.0166653087006
0.0167067702214
0.0167512646025
0.016799006525
0.0168501994439
0.0169050336489
0.0169636842969
0.0170263094343
0.0170930480329
0.0171640180659
0.0172393146538
0.0173190083116
0.0174031433316
0.0174917363339
0.0175847750193
0.017682217154
0.0177839898166
0.0178899889316
0.0180000791118
0.0181140938241
0.018231835892
0.0183530783381
0.018477565568
0.018605014889
0.0187351183516
0.0188675448983
0.0190019427975
0.0191379423366
0.0192751587459
0.0194131953187
0.0195516466945
0.0196901022651
0.019828149666
0.0199653783109
0.0201013829285
0.0202357670572
0.0203681464566
0.0204981523911
0.0206254347435
0.0207496649157
0.0208705384768
0.0209877775176
0.0211011326751
0.021210384794
0.0213153461936
0.0214158615152
0.021511808131
0.0216030960989
0.021689667659
0.0217714962708
0.0218485852019
0.0219209656865
0.0219886946782
0.0220518522347
0.0221105385758
0.0221648708662
0.0222149797789
0.0222610059038
0.0223030960656
0.0223413996228
0.0223760648162
0.0224072352395
0.0224350464991
0.0224596231289
0.0224810758212
0.022499499028
0.0225149689809
0.0225275421688
0.0225372543043
0.0225441198002
0.0225481317662
0.0225492625274
0.0225474646526
0.0225426724735
0.0225348040615
0.0225237636214
0.0225094442519
0.0224917310117
0.0224705042267
0.0224456429642
0.022417028599
0.0223845483904
0.0223480989926
0.0223075898198
0.0222629461915
0.0222141121922
0.0221610531831
0.022103757916
0.0220422402106
0.021976540166
0.0219067248909
0.0218328887503
0.0217551531372
0.0216736657889
0.0215885996793
0.0215001515253
0.0214085399532
0.0213140033758
0.021216797635
0.0211171934631
0.0210154738193
0.0209119311534
0.0208068646467
0.0207005774747
0.0205933741335
0.0204855578645
0.0203774282075
0.0202692787076
0.0201613947953
0.0200540518545
0.0199475134921
0.0198420300132
0.0197378371108
0.0196351547694
0.0195341863842
0.0194351180951
0.0193381183315
0.0192433375653
0.019150908266
0.0190609450511
0.0189735450246
0.018888788293
0.0188067386476
0.0187274443999
0.0186509393539
0.0185772438986
0.0185063662008
0.0184383034771
0.0183730433227
0.0183105650733
0.0182508411759
0.0181938385444
0.0181395198768
0.0180878449106
0.0180387715975
0.0179922571771
0.0179482591345
0.0179067360291
0.0178676481847
0.0178309582335
0.0177966315113
0.0177646363029
0.0177349439412
0.0177075287629
0.0176823679306
0.0176594411281
0.0176387301419
0.017620218339
0.0176038900562
0.0175897299125
0.0175777220612
0.0175678493952
0.0175600927208
0.0175544299151
0.0175508350826
0.0175492777256
0.0175497219431
0.017552125675
0.017556440003
0.0175626085258
0.0175705668196
0.0175802419985
0.0175915523863
0.0176044073103
0.0176187070273
0.0176343427886
0.0176511970507
0.0176691438345
0.017688049234
0.017707772074
0.0177281647099
0.0177490739653
0.0177703421951
0.0177918084618
0.0178133098103
0.0178346826236
0.0178557640397
0.0178763934098
0.0178964137764
0.0179156733493
0.0179340269582
0.0179513374616
0.0179674770915
0.0179823287165
0.0179957870072
0.0180077594888
0.0180181674702
0.0180269468401
0.0180340487222
0.018039439985
0.0180431036046
0.0180450388779
0.0180452614892
0.0180438034316
0.0180407127875
0.0180360533728
0.0180299042515
0.0180223591249
0.0180135256053
0.0180035243775
0.0179924882584
0.0179805611603
0.0179678969653
0.0179546583185
0.0179410153474
0.0179271443146
0.0179132262113
0.0178994453002
0.0178859876153
0.0178730394277
0.0178607856864
0.0178494084441
0.017839085278
0.0178299877184
0.0178222796955
0.0178161160188
0.0178116409014
0.0178089865455
0.0178082718016
0.0178096009191
0.0178130624017
0.0178187279845
0.0178266517463
0.0178368693724
0.0178493975808
0.0178642337231
0.017881355571
0.0179007212958
0.0179222696479
0.0179459203381
0.0179715746231
0.017999116092
0.0180284116492
0.0180593126854
0.0180916564266
0.0181252674471
0.0181599593296
0.0181955364552
0.0182317959012
0.018268529425
0.0183055255089
0.0183425714415
0.0183794554094
0.0184159685718
0.0184519070932
0.0184870741073
0.0185212815868
0.018554352097
0.0185861204096
0.0186164349587
0.0186451591193
0.0186721722969
0.0186973708136
0.0187206685852
0.0187419975816
0.0187613080721
0.0187785686544
0.0187937660763
0.0188069048545
0.0188180067064
0.018827109806
0.0188342678818
0.0188395491766
0.0188430352863
0.0188448199029
0.0188450074799
0.0188437118449
0.0188410547783
0.0188371645822
0.0188321746549
0.0188262220932
0.0188194463353
0.0188119878605
0.0188039869568
0.0187955825664
0.0187869112166
0.0187781060414
0.0187692958967
0.0187606045721
0.018752150097
0.0187440441418
0.0187363915096
0.0187292897172
0.0187228286595
0.0187170903543
0.0187121487634
0.0187080696847
0.0187049107122
0.01870272126
0.0187015426469
0.0187014082381
0.0187023436417
0.0187043669572
0.0187074890721
0.0187117140068
0.0187170393003
0.0187234564377
0.0187309513126
0.0187395047201
0.0187490928765
0.0187596879578
0.0187712586514
0.0187837707123
0.0187971875172
0.0188114706058
0.0188265802027
0.0188424757097
0.0188591161593
0.0188764606234
0.0188944685671
0.0189131001431
0.0189323164204
0.0189520795437
0.0189723528215
0.0189931007424
0.0190142889206
0.019035883974
0.0190578533401
0.0190801650363
0.0191027873729
0.0191256886293
0.0191488367027
0.0191721987444
0.0191957407922
0.0192194274161
0.0192432213869
0.0192670833827
0.0192909717431
0.0193148422848
0.0193386481852
0.0193623399443
0.019385865431
0.0194091700165
0.0194321967992
0.0194548869192
0.0194771799616
0.0194990144425
0.0195203283729
0.0195410598894
0.0195611479437
0.0195805330362
0.0195991579819
0.0196169686934
0.0196339149644
0.0196499512405
0.0196650373579
0.019679139238
0.0196922295192
0.0197042881149
0.0197153026828
0.0197252689943
0.0197341911948
0.019742081946
0.0197489624454
0.0197548623188
0.0197598193833
0.0197638792837
0.0197670950043
0.0197695262608
0.0197712387818
0.0197723034882
0.0197727955833
0.0197727935661
0.0197723781845
0.0197716313433
0.0197706349862
0.0197694699689
0.0197682149432
0.0197669452703
0.0197657319826
0.0197646408112
0.0197637312975
0.0197630560031
0.0197626598326
0.0197625794817
0.0197628430196
0.0197634696135
0.0197644693993
0.0197658435011
0.019767584198
0.0197696752352
0.0197720922733
0.0197748034664
0.0197777701591
0.0197809476894
0.0197842862823
0.0197877320188
0.0197912278622
0.0197947147259
0.0197981325616
0.0198014214528
0.019804522692
0.0198073798281
0.0198099396639
0.0198121531904
0.0198139764433
0.0198153712687
0.019816305988
0.0198167559534
0.0198167039864
0.0198161406957
0.0198150646723
0.0198134825605
0.0198114090086
0.0198088665027
0.0198058850895
0.0198025019968
0.0197987611616
0.0197947126752
0.0197904121603
0.0197859200895
0.0197813010617
0.0197766230473
0.0197719566166
0.0197673741639
0.0197629491377
0.0197587552888
0.0197548659445
0.0197513533166
0.0197482878493
0.0197457376104
0.0197437677299
0.0197424398854
0.0197418118356
0.0197419369993
0.0197428640788
0.0197446367236
0.0197472932329
0.0197508662909
0.0197553827348
0.0197608633507
0.0197673226954
0.0197747689431
0.0197832037559
0.0197926221779
0.019803012554
0.0198143564742
0.0198266287467
0.0198397974
0.0198538237196
0.019868662319
0.0198842612507
0.0199005621567
0.0199175004627
0.0199350056165
0.0199530013704
0.0199714061092
0.0199901332222
0.0200090915173
0.020028185676
0.0200473167455
0.0200663826669
0.0200852788332
0.0201038986781
0.0201221342881
0.0201398770398
0.0201570182571
0.0201734498891
0.0201890652079
0.0202037595263
0.0202174309381
0.0202299810809
0.0202413159265
0.0202513465991
0.0202599902249
0.0202671708136
0.0202728201721
0.0202768788468
0.0202792970895
0.0202800358366
0.0202790676869
0.0202763778602
0.020271965109
0.0202658425551
0.0202580384146
0.0202485965717
0.0202375769591
0.0202250557038
0.0202111249955
0.0201958926447
0.0201794813035
0.020162027333
0.0201436793183
0.0201245962471
0.0201049453851
0.0200848999001
0.0200646363027
0.0200443317817
0.0200241615247
0.0200042961141
0.0199848990883
0.0199661247494
0.019948116286
0.0199310042624
0.0199149055071
0.0198999224123
0.0198861426388
0.0198736391994
0.0198624708834
0.0198526829714
0.0198443081837
0.019837367802
0.0198318729064
0.0198278256697
0.0198252206605
0.0198240461114
0.0198242851154
0.0198259167254
0.0198289169341
0.0198332595233
0.019838916775
0.019845860041
0.0198540601753
0.0198634878329
0.019874113642
0.0198859082608
0.0198988423261
0.019912886307
0.0199280102729
0.0199441835887
0.0199613745481
0.0199795499581
0.0199986746869
0.0200187111899
0.0200396190265
0.0200613543866
0.0200838696408
0.0201071129346
0.0201310278458
0.0201555531245
0.0201806225368
0.0202061648338
0.0202321038614
0.0202583588316
0.0202848447637
0.0203114731066
0.0203381525401
0.0203647899508
0.0203912915651
0.0204175642163
0.0204435167103
0.0204690612484
0.0204941148575
0.0205186007722
0.0205424497143
0.0205656010111
0.0205880035045
0.0206096162042
0.0206304086549
0.0206503609954
0.0206694637049
0.0206877170444
0.0207051302165
0.0207217202783
0.0207375108521
0.0207525306858
0.0207668121193
0.0207803895126
0.0207932976925
0.0208055704662
0.0208172392477
0.0208283318347
0.0208388713638
0.0208488754675
0.0208583556458
0.0208673168589
0.0208757573418
0.0208836686365
0.0208910358308
0.0208978379903
0.0209040487681
0.020909637171
0.020914568462
0.0209188051753
0.0209223082191
0.0209250380411
0.0209269558297
0.0209280247252
0.0209282110134
0.0209274852765
0.0209258234759
0.0209232079427
0.0209196282558
0.0209150819872
0.0209095752987
0.0209031233779
0.0208957507039
0.0208874911375
0.0208783878349
0.020868492988
0.020857867397
0.0208465798869
0.0208347065786
0.020822330034
0.020809538289
0.0207964237988
0.020783082311
0.0207696116931
0.0207561107308
0.020742677922
0.0207294102836
0.0207164021924
0.0207037442753
0.020691522368
0.0206798165535
0.0206687002957
0.020658239678
0.0206484927566
0.0206395090358
0.0206313290721
0.0206239842099
0.0206174964524
0.0206118784671
0.0206071337251
0.0206032567707
0.0206002336151
0.0205980422482
0.0205966532571
0.0205960305407
0.0205961321069
0.0205969109364
0.0205983158976
0.0206002926932
0.0206027848211
0.0206057345309
0.0206090837561
0.0206127750061
0.0206167521999
0.0206209614281
0.02062535163
0.0206298751764
0.02063448835
0.0206391517205
0.0206438304124
0.0206484942671
0.0206531179026
0.0206576806793
0.0206621665776
0.0206665639999
0.0206708655056
0.0206750674925
0.0206791698356
0.0206831754958
0.0206870901088
0.0206909215664
0.0206946795975
0.02069837536
0.0207020210487
0.020705629526
0.0207092139804
0.0207127876163
0.0207163633764
0.0207199536999
0.0207235703155
0.0207272240688
0.0207309247849
0.0207346811618
0.020738500695
0.0207423896297
0.0207463529382
0.0207503943207
0.0207545162256
0.0207587198868
0.0207630053766
0.0207673716695
0.0207718167167
0.0207763375275
0.0207809302564
