0.00631809116263
0.00633480648315
0.00635146052342
0.00636803999193
0.00638453095895
0.00640091890503
0.0064171887816
0.00643332508399
0.00644931193713
0.00646513319411
0.0064807725472
0.00649621365111
0.00651144025747
0.00652643635952
0.00654118634566
0.00655567515978
0.00656988846655
0.00658381281896
0.00659743582535
0.00661074631306
0.00662373448522
0.00663639206748
0.00664871244113
0.00666069075924
0.00667232404263
0.0066836112525
0.00669455333727
0.00670515325123
0.00671541594368
0.00672534831723
0.00673495915554
0.00674425902066
0.00675326012175
0.0067619761573
0.006770422134
0.00677861416608
0.00678656925968
0.00679430508731
0.00680183975775
0.00680919158718
0.00681637887713
0.00682341970484
0.00683033173101
0.00683713202965
0.00684383694367
0.00685046196916
0.00685702166995
0.00686352962336
0.00686999839626
0.00687643954987
0.00688286367026
0.00688928042057
0.00689569860993
0.00690212627363
0.00690857075804
0.00691503880412
0.00692153662277
0.00692806995607
0.00693464411849
0.00694126401338
0.00694793412074
0.00695465845367
0.00696144048231
0.00696828302535
0.00697518811099
0.00698215681071
0.0069891890505
0.00699628340592
0.0070034368883
0.00701064473044
0.00701790018105
0.00702519431735
0.00703251588555
0.00703985117879
0.00704718396113
0.0070544954459
0.00706176433485
0.0070689669236
0.00707607727675
0.00708306747409
0.00708990792754
0.00709656776584
0.00710301528226
0.00710921843807
0.00711514541287
0.007120765191
0.00712604817161
0.00713096678907
0.00713549612935
0.00713961452779
0.00714330413362
0.00714655142709
0.00714934767591
0.00715168931888
0.00715357826652
0.00715502210985
0.00715603423122
0.00715663381287
0.00715684574154
0.00715670040987
0.00715623341746
0.00715548517695
0.00715450043223
0.00715332769797
0.00715201863097
0.00715062734516
0.00714920968307
0.00714782245685
0.00714652267276
0.00714536675233
0.00714440976355
0.00714370467479
0.007143301643
0.00714324734721
0.00714358437685
0.00714435068317
0.00714557910091
0.00714729694557
0.00714952569061
0.00715228072721
0.00715557120787
0.00715939997406
0.00716376356663
0.00716865231666
0.00717405051332
0.00717993664473
0.00718628370643
0.00719305957197
0.00720022741926
0.007207746206
0.00721557118715
0.00722365446728
0.00723194558044
0.0072403920902
0.00724894020268
0.00725753538528
0.00726612298431
0.00727464883471
0.00728305985548
0.00729130462462
0.00729933392787
0.00730710127572
0.00731456338363
0.00732168061081
0.00732841735318
0.00733474238666
0.00734062915744
0.00734605601609
0.0073510063932
0.00735546891458
0.00735943745449
0.00736291112649
0.00736589421129
0.00736839602267
0.00737043071224
0.00737201701537
0.00737317794073
0.00737394040698
0.0073743348307
0.00737439467044
0.00737415593219
0.00737365664253
0.00737293629585
0.00737203528274
0.00737099430686
0.00736985379782
0.00736865332791
0.00736743104026
0.00736622309622
0.00736506314929
0.00736398185286
0.00736300640838
0.00736216016039
0.00736146224391
0.00736092728944
0.00736056518987
0.00736038093286
0.00736037450174
0.00736054084686
0.00736086992873
0.00736134683339
0.00736195195959
0.00736266127666
0.00736344665094
0.00736427623794
0.00736511493668
0.00736592490153
0.00736666610656
0.00736729695607
0.00736777493483
0.00736805729033
0.00736810173892
0.00736786718718
0.00736731445899
0.0073664070187
0.00736511168018
0.00736339929136
0.00736124538392
0.00735863077764
0.00735554212936
0.00735197241696
0.00734792134913
0.00734339569297
0.00733840951212
0.00733298430952
0.00732714907025
0.00732094020142
0.00731440136767
0.00730758322272
0.0073005430389
0.00729334423865
0.00728605583351
0.00727875177781
0.00727151024587
0.00726441284267
0.00725754375956
0.00725098888692
0.00724483489716
0.00723916831121
0.00723407456254
0.00722963707236
0.0072259363495
0.00722304912808
0.00722104755544
0.00721999844169
0.00721996258147
0.00722099415725
0.00722314023207
0.00722644033825
0.00723092616731
0.00723662136444
0.00724354142949
0.00725169372487
0.00726107758899
0.00727168455237
0.00728349865213
0.00729649683878
0.0073106494682
0.00732592087008
0.00734226998312
0.00735965104609
0.00737801433308
0.00739730692039
0.00741747347226
0.00743845703194
0.00746019980487
0.00748264392067
0.0075057321611
0.00752940864157
0.00755361943507
0.00757831312773
0.0076034412973
0.00762895890648
0.00765482460528
0.00768100093775
0.00770745445065
0.0077341557031
0.00776107917838
0.00778820310057
0.00781550916081
0.00784298215922
0.00787060957038
0.00789838104139
0.00792628783267
0.00795432221299
0.00798247682037
0.00801074400172
0.00803911514381
0.00806758000869
0.00809612608637
0.00812473797733
0.00815339681701
0.00818207975362
0.00821075948995
0.00823940389894
0.00826797572148
0.0082964323539
0.0083247257314
0.00835280231202
0.00838060316471
0.00840806416311
0.00843511628567
0.00846168602065
0.0084876958733
0.00851306497089
0.00853770975955
0.0085615447856
0.0085844835523
0.00860643944182
0.00862732669074
0.00864706140635
0.00866556260993
0.00868275329246
0.00869856146752
0.00871292120578
0.00872577363544
0.00873706789297
0.00874676200921
0.00875482371633
0.00876123116242
0.00876597352172
0.00876905148995
0.0087704776562
0.00877027674475
0.00876848572219
0.00876515376783
0.00876034210717
0.00875412371102
0.00874658286446
0.00873781461261
0.00872792409127
0.00871702575284
0.00870524249876
0.00869270473115
0.00867954933671
0.00866591861665
0.00865195917618
0.00863782078687
0.00862365523464
0.0086096151652
0.00859585293749
0.00858251949466
0.00856976326023
0.0085577290659
0.0085465571158
0.00853638199021
0.0085273316908
0.00851952672765
0.00851307924771
0.00850809220319
0.00850465855795
0.00850286052984
0.00850276886688
0.0085044421558
0.0085079261621
0.00851325320217
0.00852044154919
0.00852949487653
0.00854040174401
0.00855313513475
0.00856765205221
0.00858389318916
0.00860178268231
0.00862122796789
0.00864211975458
0.00866433213106
0.00868772282526
0.00871213363184
0.00873739102254
0.00876330695193
0.00878967986743
0.00881629592831
0.00884293043365
0.00886934945333
0.00889531165071
0.00892057027912
0.00894487532921
0.0089679757981
0.0089896220477
0.00900956821535
0.00902757463876
0.009043410256
0.00905685494285
0.00906770175212
0.0090757590239
0.00908085234048
0.00908282630636
0.0090815461399
0.00907689907023
0.00906879553925
0.00905717021431
0.00904198282156
0.00902321881305
0.00900088988229
0.00897503434214
0.00894571737742
0.00891303118
0.00887709496954
0.00883805489591
0.00879608381247
0.00875138090155
0.00870417112631
0.00865470447679
0.00860325497306
0.00855011938562
0.00849561563317
0.00844008082124
0.00838386889135
0.00832734786113
0.00827089664924
0.00821490149578
0.00815975200835
0.00810583688434
0.00805353938094
0.0080032326242
0.00795527486493
0.00791000480268
0.00786773710597
0.0078287582583
0.00779332285406
0.00776165045574
0.00773392310569
0.0077102835618
0.00769083429928
0.00767563729153
0.00766471455374
0.00765804940546
0.00765558838439
0.00765724372385
0.00766289629263
0.00767239888759
0.00768557976688
0.00770224631435
0.00772218873325
0.00774518367779
0.00777099774468
0.00779939076152
0.00783011882376
0.0078629370472
0.00789760201644
0.00793387392194
0.00797151838894
0.00801030800975
0.00805002359747
0.00809045518383
0.00813140278672
0.0081726769744
0.0082140992537
0.00825550230869
0.00829673011469
0.00833763795048
0.00837809232946
0.00841797086725
0.00845716210121
0.00849556527433
0.00853309009365
0.00856965647087
0.00860519425068
0.00863964293081
0.00867295137556
0.00870507752381
0.008735988091
0.00876565826396
0.00879407138666
0.00882121863492
0.00884709867757
0.00887171732195
0.00889508714181
0.00891722708593
0.00893816206668
0.00895792252809
0.00897654399393
0.00899406659724
0.00901053459318
0.00902599585841
0.00904050138056
0.00905410474221
0.0090668616043
0.00907882919432
0.00909006580487
0.00910063030821
0.00911058169225
0.00911997862327
0.00912887903999
0.00913733978306
0.00914541626324
0.00915316217061
0.00916062922641
0.00916786697772
0.00917492263475
0.00918184094913
0.00918866413117
0.00919543180289
0.00920218098351
0.00920894610334
0.00921575904187
0.00922264918565
0.00922964350191
0.00923676662367
0.00924404094275
0.00925148670738
0.00925912212182
0.00926696344563
0.00927502509133
0.00928331971921
0.00929185832917
0.00930065034936
0.00930970372225
0.00931902498864
0.00932861937053
0.00933849085347
0.00934864226919
0.00935907537884
0.00936979095685
0.00938078887504
0.00939206818624
0.00940362720583
0.00941546358962
0.00942757440574
0.0094399561979
0.00945260503744
0.00946551656099
0.00947868599136
0.00949210813865
0.00950577737973
0.00951968761443
0.00953383219745
0.00954820384599
0.00956279452408
0.00957759530534
0.00959259621726
0.0096077860709
0.00962315228101
0.00963868068238
0.00965435534913
0.00967015842399
0.00968606996527
0.00970206781898
0.00971812752371
0.00973422225519
0.00975032281661
0.00976639768008
0.00978241308257
0.00979833317885
0.00981412025141
0.00982973497581
0.00984513673782
0.00986028399654
0.00987513468595
0.00988964664551
0.00990377806919
0.00991748796088
0.00993073658387
0.00994348589167
0.0099556999277
0.00996734518243
0.00997839089747
0.0099888093081
0.00999857581761
0.0100076690992
0.0100160711234
0.0100237671128
0.0100307454257
0.0100369973763
0.010042516998
0.0100473007611
0.0100513472539
0.0100546568428
0.0100572313216
0.0100590735655
0.0100601872009
0.0100605763056
0.0100602451483
0.0100591979792
0.0100574388786
0.0100549716697
0.0100517999008
0.0100479268968
0.0100433558805
0.0100380901612
0.0100321333846
0.010025489838
0.0100181648012
0.0100101649338
0.0100014986863
0.00999217672434
0.00998221235156
0.0099716219196
0.00996042521232
0.00994864579242
0.0099363112999
0.00992345369282
0.0099101094227
0.00989631953853
0.00988212971522
0.0098675902046
0.00985275570856
0.00983768517623
0.00982244152862
0.00980709131572
0.00979170431229
0.00977635305984
0.00976111236277
0.00974605874748
0.00973126989317
0.00971682404334
0.00970279940654
0.00968927355486
0.00967632282767
0.00966402174809
0.00965244245833
0.00964165417999
0.00963172270421
0.0096227099161
0.00961467335732
0.0096076658298
0.00960173504342
0.00959692330969
0.00959326728309
0.00959079775156
0.00958953947673
0.00958951108462
0.0095907250068
0.00959318747165
0.00959689854505
0.0096018522191
0.00960803654724
0.00961543382346
0.00962402080268
0.00963376895913
0.00964464477872
0.00965661008116
0.00966962236707
0.00968363518511
0.00969859851386
0.00971445915328
0.00973116112045
0.00974864604473
0.00976685355776
0.0097857216743
0.00980518716054
0.00982518588735
0.00984565316667
0.00986652407031
0.00988773373118
0.00990921762792
0.00993091185462
0.00995275337805
0.00997468028525
0.00999663202478
0.0100185496449
0.0100403760317
0.0100620561507
0.0100835372934
0.0101047693311
0.0101257049757
0.0101463000483
0.0101665137525
0.0101863089507
0.0102056524383
0.0102245152105
0.0102428727159
0.0102607050886
0.0102779973511
0.0102947395784
0.0103109270163
0.0103265601432
0.0103416446675
0.0103561914551
0.0103702163775
0.010383740079
0.0103967876579
0.0104093882615
0.0104215745976
0.0104333823635
0.010444849602
0.0104560159913
0.0104669220799
0.010477608481
0.0104881150401
0.0104984799946
0.0105087391407
0.010518925029
0.0105290662062
0.010539186521
0.010549304514
0.0105594329055
0.0105695781977
0.0105797404017
0.0105899129001
0.0106000824507
0.0106102293335
0.0106203276425
0.0106303457159
0.0106402466987
0.0106499892254
0.0106595282104
0.0106688157282
0.0106778019638
0.0106864362143
0.0106946679173
0.0107024476853
0.0107097283206
0.0107164657907
0.0107226201409
0.0107281563246
0.0107330449339
0.0107372628145
0.0107407935526
0.0107436278244
0.0107457636019
0.0107472062121
0.0107479682506
0.0107480693524
0.0107475358279
0.0107464001734
0.0107447004674
0.010742479669
0.0107397848328
0.0107366662594
0.0107331765984
0.0107293699252
0.0107253008079
0.010721023386
0.0107165904768
0.0107120527279
0.0107074578309
0.0107028498111
0.0106982684042
0.0106937485321
0.0106893198843
0.0106850066117
0.010680827136
0.0106767940765
0.0106729142927
0.0106691890401
0.0106656142334
0.010662180811
0.0106588751902
0.0106556798046
0.0106525737097
0.0106495332459
0.0106465327432
0.0106435452549
0.0106405433044
0.0106374996316
0.0106343879245
0.0106311835222
0.0106278640772
0.010624410165
0.0106208058326
0.0106170390751
0.0106131022359
0.0106089923254
0.0106047112539
0.0106002659803
0.0105956685755
0.0105909362044
0.0105860910307
0.010581160051
0.0105761748643
0.0105711713869
0.01056618952
0.010561272781
0.0105564679072
0.0105518244418
0.0105473943108
0.0105432314005
0.010539391141
0.0105359301037
0.0105329056154
0.0105303753947
0.0105283972102
0.0105270285605
0.0105263263749
0.0105263467302
0.0105271445784
0.0105287734787
0.0105312853264
0.0105347300682
0.010539155397
0.0105446064138
0.0105511252493
0.010558750636
0.0105675174221
0.0105774560236
0.0105885918079
0.0106009444114
0.0106145269891
0.0106293454052
0.0106453973718
0.0106626715497
0.0106811466275
0.0107007904017
0.0107215588808
0.0107433954425
0.0107662300743
0.0107899787297
0.0108145428333
0.0108398089689
0.0108656487812
0.0108919191205
0.0109184624556
0.0109451075749
0.0109716705886
0.0109979562382
0.0110237595112
0.0110488675502
0.0110730618364
0.0110961206201
0.01111782156
0.0111379445301
0.0111562745418
0.0111726047283
0.0111867393333
0.0111984966449
0.0112077118161
0.0112142395164
0.0112179563604
0.0112187630684
0.0112165863158
0.011211380239
0.011203127572
0.0111918403962
0.0111775604927
0.0111603592979
0.0111403374659
0.0111176240514
0.0110923753313
0.0110647732875
0.011035023779
0.0110033544333
0.01097001229
0.0109352612314
0.0108993792344
0.0108626554824
0.0108253873695
0.0107878774373
0.0107504302766
0.0107133494319
0.0106769343425
0.0106414773536
0.0106072608336
0.0105745544274
0.0105436124791
0.0105146716539
0.0104879487877
0.0104636389908
0.0104419140286
0.0104229210015
0.0104067813379
0.0103935901145
0.0103834157099
0.0103762997936
0.0103722576469
0.0103712788046
0.0103733280048
0.010378346422
0.0103862531611
0.0103969469786
0.010410308198
0.010426200781
0.0104444745151
0.010464967277
0.0104875073312
0.0105119156242
0.0105380080372
0.0105655975631
0.010594496376
0.010624517767
0.0106554779246
0.0106871975421
0.0107195032384
0.0107522287859
0.0107852161424
0.0108183162856
0.0108513898578
0.0108843076272
0.0109169507763
0.0109492110312
0.0109809906457
0.0110122022555
0.0110427686201
0.0110726222667
0.0111017050546
0.0111299676741
0.0111573690955
0.0111838759817
0.0112094620776
0.0112341075871
0.0112577985484
0.0112805262151
0.011302286453
0.0113230791558
0.0113429076873
0.0113617783534
0.0113796999059
0.0113966830835
0.0114127401881
0.0114278847005
0.0114421309353
0.0114554937351
0.0114679882045
0.0114796294843
0.0114904325645
0.011500412137
0.0115095824863
0.011517957418
0.0115255502235
0.01153237368
0.0115384400843
0.0115437613174
0.0115483489395
0.0115522143106
0.0115553687352
0.0115578236271
0.011559590691
0.0115606821163
0.0115611107797
0.0115608904519
0.0115600360035
0.0115585636071
0.0115564909297
0.0115538373126
0.0115506239337
0.01154687395
0.0115426126155
0.0115378673735
0.011532667919
0.0115270462311
0.0115210365723
0.0115146754551
0.0115080015743
0.0115010557054
0.0114938805691
0.0114865206634
0.0114790220625
0.0114714321867
0.0114637995429
0.0114561734396
0.0114486036784
0.0114411402261
0.0114338328702
0.0114267308637
0.0114198825619
0.0114133350589
0.0114071338263
0.0114013223632
0.0113959418605
0.0113910308867
0.0113866250997
0.01138275699
0.0113794556586
0.0113767466335
0.0113746517247
0.0113731889204
0.0113723723217
0.0113722121141
0.0113727145726
0.0113738820942
0.0113757132542
0.0113782028776
0.0113813421214
0.0113851185588
0.0113895162612
0.0113945158709
0.0114000946612
0.01140622658
0.0114128822752
0.0114200291025
0.0114276311158
0.0114356490452
0.0114440402653
0.0114527587621
0.0114617551053
0.0114709764338
0.0114803664665
0.0114898655455
0.0114994107251
0.0115089359134
0.0115183720799
0.011527647534
0.0115366882841
0.0115454184811
0.0115537609506
0.0115616378131
0.0115689711908
0.0115756839954
0.0115817007887
0.011586948705
0.01159135842
0.011594865152
0.0115974096737
0.0115989393177
0.0115994089518
0.0115987819053
0.0115970308245
0.0115941384375
0.011590098213
0.0115849148949
0.0115786049032
0.0115711965906
0.0115627303491
0.0115532585646
0.0115428454201
0.0115315665511
0.0115195085595
0.0115067683954
0.0114934526171
0.0114796765413
0.0114655632963
0.0114512427935
0.0114368506284
0.0114225269287
0.011408415159
0.0113946608985
0.0113814106017
0.0113688103549
0.0113570046377
0.0113461351
0.0113363393622
0.0113277498467
0.0113204926468
0.0113146864381
0.0113104414395
0.0113078584254
0.0113070277947
0.0113080286997
0.0113109282389
0.0113157807166
0.0113226269745
0.0113314937994
0.0113423934141
0.0113553230566
0.0113702646587
0.0113871846311
0.0114060337678
0.0114267472816
0.0114492449839
0.0114734316215
0.0114991973855
0.0115264186008
0.0115549586101
0.0115846688554
0.0116153901615
0.0116469542175
0.0116791852483
0.0117119018585
0.0117449190288
0.0117780502324
0.0118111096374
0.0118439143527
0.0118762866729
0.0119080562741
0.0119390623131
0.0119691553837
0.0119981992882
0.0120260725877
0.0120526699019
0.0120779029366
0.0121017012282
0.0121240126007
0.0121448033409
0.0121640581035
0.0121817795671
0.0121979878624
0.012212719802
0.0122260279388
0.0122379794837
0.0122486551096
0.0122581476688
0.0122665608472
0.0122740077747
0.012280609611
0.012286494119
0.0122917942377
0.0122966466632
0.012301190445
0.0123055656016
0.0123099117627
0.0123143668405
0.0123190657368
0.0123241390908
0.0123297120762
0.0123359032551
0.0123428234985
0.0123505749842
0.0123592502846
0.0123689315552
0.0123796898361
0.0123915844775
0.0124046626994
0.0124189592915
0.0124344964604
0.0124512838241
0.0124693185535
0.0124885856551
0.0125090583869
0.0125306987938
0.0125534583499
0.0125772786871
0.0126020923928
0.0126278238543
0.0126543901313
0.0126817018335
0.012709663987
0.0127381768721
0.0127671368176
0.0127964369431
0.0128259678401
0.0128556181903
0.0128852753206
0.0129148256984
0.0129441553757
0.0129731503903
0.0130016971386
0.0130296827311
0.0130569953498
0.0130835246187
0.0131091620071
0.0131338012767
0.013157338988
0.0131796750743
0.0132007134936
0.0132203629598
0.0132385377562
0.0132551586255
0.0132701537292
0.0132834596616
0.0132950225032
0.0133047988877
0.0133127570599
0.0133188778924
0.0133231558299
0.0133255997276
0.013326233549
0.0133250968911
0.0133222453055
0.0133177503906
0.0133116996313
0.0133041959747
0.0132953571311
0.0132853146049
0.0132742124626
0.0132622058574
0.0132494593355
0.0132361449593
0.0132224402841
0.0132085262345
0.0131945849251
0.0131807974738
0.0131673418529
0.0131543908229
0.0131421099876
0.0131306560052
0.0131201749843
0.013110801084
0.0131026553358
0.0130958446925
0.0130904613072
0.0130865820381
0.0130842681705
0.0130835653427
0.013084503662
0.0130870979922
0.013091348395
0.0130972407072
0.0131047472354
0.0131138275508
0.0131244293693
0.0131364895016
0.0131499348617
0.0131646835205
0.0131806457965
0.013197725373
0.0132158204341
0.0132348248114
0.0132546291338
0.0132751219726
0.0132961909737
0.0133177239686
0.013339610055
0.0133617406382
0.013384010422
0.0134063183411
0.0134285684224
0.0134506705679
0.0134725412478
0.0134941040968
0.0135152904049
0.0135360394983
0.0135562990048
0.0135760250027
0.0135951820507
0.013613743103
0.0136316893106
0.0136490097162
0.0136657008479
0.0136817662227
0.0136972157674
0.0137120651697
0.0137263351704
0.0137400508097
0.0137532406392
0.0137659359137
0.0137781697741
0.013789976434
0.0138013903819
0.0138124456097
0.0138231748778
0.0138336090274
0.0138437763466
0.0138537020013
0.0138634075349
0.0138729104453
0.0138822238427
0.0138913561934
0.0139003111522
0.0139090874858
0.0139176790873
0.0139260750828
0.0139342600263
0.0139422141823
0.0139499138897
0.0139573320022
0.0139644383976
0.0139712005474
0.0139775841375
0.0139835537275
0.0139890734384
0.0139941076545
0.0139986217271
0.0140025826664
0.0140059598079
0.014008725441
0.014010855387
0.0140123295164
0.014013132195
0.0140132526517
0.0140126852621
0.014011429743
0.0140094912581
0.014006880433
0.0140036132846
0.013999711068
0.0139952000485
0.0139901112061
0.0139844798833
0.0139783453853
0.0139717505455
0.013964741267
0.0139573660518
0.0139496755299
0.0139417219985
0.0139335589804
0.0139252408125
0.0139168222692
0.0139083582294
0.0138999033892
0.0138915120246
0.0138832378055
0.0138751336595
0.0138672516854
0.0138596431117
0.0138523582969
0.0138454467646
0.0138389572691
0.0138329378814
0.0138274360902
0.0138224989087
0.0138181729783
0.013814504662
0.0138115401179
0.0138093253466
0.0138079062025
0.0138073283656
0.0138076372644
0.0138088779469
0.0138110948944
0.0138143317753
0.0138186311358
0.0138240340276
0.0138305795723
0.0138383044637
0.0138472424108
0.0138574235276
0.0138688736727
0.01388161375
0.0138956589768
0.0139110181337
0.0139276928084
0.0139456766485
0.0139649546435
0.0139855024522
0.0140072858
0.0140302599666
0.0140543693881
0.0140795473979
0.014105716128
0.0141327865933
0.0141606589766
0.0141892231302
0.0142183593029
0.0142479390965
0.014277826649
0.0143078800328
0.0143379528499
0.014367895995
0.0143975595538
0.0144267947938
0.0144554562006
0.0144834035109
0.0145105036886
0.0145366327944
0.0145616777008
0.0145855376095
0.0146081253374
0.0146293683425
0.0146492094739
0.0146676074388
0.0146845369881
0.0146999888347
0.0147139693222
0.0147264998721
0.0147376162414
0.0147473676237
0.0147558156326
0.0147630331999
0.0147691034269
0.0147741184155
0.0147781781109
0.0147813891757
0.0147838639147
0.0147857192641
0.0147870758528
0.01478805714
0.0147887886292
0.0147893971543
0.0147900102321
0.0147907554722
0.0147917600325
0.014793150111
0.0147950504593
0.0147975839095
0.0148008709005
0.0148050289967
0.0148101723917
0.0148164113904
0.0148238518709
0.014832594724
0.0148427352781
0.0148543627157
0.014867559494
0.0148824007856
0.0148989539546
0.0149172780905
0.0149374236203
0.0149594320208
0.0149833356528
0.0150091577376
0.0150369124934
0.0150666054443
0.0150982339128
0.015131787699
0.0151672499448
0.0152045981752
0.0152438055035
0.0152848419816
0.0153276760699
0.0153722762001
0.0154186123992
0.0154666579417
0.0155163909959
0.0155677962314
0.0156208663546
0.0156756035428
0.0157320207483
0.0157901428499
0.0158500076279
0.015911666547
0.0159751853317
0.0160406443219
0.0161081386003
0.0161777778844
0.0162496861779
0.0163240011791
0.0164008734433
0.0164804652994
0.0165629495198
0.0166485077479
0.0167373286832
0.0168296060317
0.0169255362255
0.0170253159233
0.0171291393019
0.0172371951536
0.0173496638096
0.0174667139093
0.0175884990445
0.0177151543086
0.0178467927861
0.0179835020241
0.0181253405294
0.0182723343409
0.0184244737306
0.0185817100883
0.0187439530492
0.0189110679246
0.0190828734957
0.0192591402312
0.0194395889868
0.0196238902404
0.0198116639158
0.0200024798361
0.0201958588464
0.0203912746334
0.0205881562594
0.0207858914189
0.0209838304127
0.0211812908214
0.0213775628469
0.0215719152775
0.0217636020154
0.0219518690952
0.0221359621057
0.0223151339161
0.0224886525969
0.0226558094142
0.0228159267709
0.0229683659599
0.0231125345953
0.0232478935837
0.0233739635032
0.0234903302641
0.0235966499349
0.0236926526286
0.0237781453643
0.0238530138331
0.0239172230231
0.0239708166792
0.024013915597
0.0240467147777
0.0240694794923
0.0240825403297
0.0240862873228
0.0240811632672
0.0240676563639
0.024046292328
0.0240176261171
0.0239822334349
0.0239407021707
0.0238936239276
0.0238415857902
0.02378516247
0.0237249089567
0.0236613537878
0.023594993033
0.0235262850743
0.023455646243
0.0233834473588
0.0233100111981
0.0232356109015
0.0231604693148
0.023084759242
0.0230086045749
0.0229320822508
0.0228552249776
0.0227780246531
0.0227004363988
0.0226223831163
0.0225437604682
0.0224644421805
0.0223842855584
0.0223031371033
0.0222208381211
0.0221372302123
0.0220521605361
0.0219654867511
0.0218770815412
0.0217868366459
0.0216946663294
0.0216005102353
0.0215043355914
0.0214061387444
0.0213059460233
0.0212038139437
0.0210998287846
0.0209941055798
0.0208867865807
0.0207780392546
0.0206680538922
0.0205570408996
0.0204452278544
0.0203328564017
0.0202201790658
0.0201074560459
0.0199949520578
0.0198829332778
0.0197716644334
0.0196614060802
0.0195524120928
0.0194449273911
0.0193391859165
0.0192354088629
0.0191338031655
0.0190345602431
0.0189378549864
0.0188438449825
0.0187526699637
0.0186644514666
0.0185792926877
0.018497278521
0.0184184757635
0.0183429334726
0.0182706834646
0.0182017409367
0.0181361052021
0.0180737605232
0.0180146770294
0.0179588117081
0.017906109453
0.0178565041586
0.0178099198468
0.0177662718122
0.0177254677746
0.0176874090257
0.0176519915586
0.0176191071694
0.0175886445229
0.0175604901723
0.0175345295268
0.0175106477631
0.0174887306751
0.0174686654605
0.0174503414435
0.0174336507325
0.0174184888164
0.0174047550985
0.0173923533739
0.0173811922497
0.017371185515
0.0173622524596
0.0173543181472
0.0173473136429
0.0173411761971
0.0173358493872
0.0173312832156
0.017327434165
0.0173242652077
0.0173217457694
0.0173198516432
0.0173185648534
0.0173178734657
0.0173177713425
0.0173182578422
0.0173193374622
0.0173210194251
0.017323317211
0.017326248039
0.0173298323005
0.0173340929521
0.0173390548741
0.0173447442025
0.0173511876451
0.0173584117904
0.0173664424206
0.0173753038404
0.0173850182305
0.0173956050388
0.0174070804174
0.0174194567147
0.0174327420308
0.0174469398429
0.0174620487041
0.0174780620212
0.0174949679114
0.0175127491402
0.0175313831374
0.0175508420909
0.0175710931131
0.0175920984773
0.0176138159165
0.0176361989811
0.0176591974476
0.0176827577713
0.0177068235768
0.0177313361782
0.0177562351222
0.0177814587457
0.0178069447405
0.0178326307184
0.0178584547675
0.017884355994
0.0179102750401
0.0179361545727
0.0179619397346
0.0179875785524
0.0180130222946
0.0180382257751
0.0180631475963
0.0180877503298
0.0181120006295
0.0181358692791
0.0181593311696
0.0181823652121
0.0182049541849
0.0182270845217
0.0182487460444
0.018269931649
0.0182906369501
0.0183108598961
0.0183306003617
0.0183498597301
0.0183686404752
0.0183869457526
0.0184047790117
0.0184221436367
0.018439042626
0.0184554783161
0.0184714521569
0.0184869645419
0.0185020146951
0.018516600617
0.0185307190866
0.0185443657168
0.01855753506
0.0185702207565
0.0185824157187
0.018594112344
0.0186053027466
0.0186159790001
0.0186261333805
0.0186357586023
0.0186448480389
0.0186533959188
0.0186613974927
0.0186688491653
0.018675748588
0.01868209471
0.0186878877863
0.0186931293439
0.0186978221069
0.0187019698838
0.0187055774218
0.0187086502326
0.0187111943964
0.0187132163512
0.0187147226741
0.0187157198627
0.0187162141249
0.0187162111837
0.0187157161053
0.0187147331572
0.0187132657021
0.0187113161337
0.0187088858575
0.0187059753224
0.0187025841015
0.0186987110274
0.0186943543775
0.01868951211
0.0186841821479
0.0186783627042
0.0186720526456
0.0186652518872
0.0186579618097
0.0186501856931
0.0186419291555
0.0186332005899
0.018624011588
0.0186143773416
0.0186043170132
0.018593854065
0.0185830165394
0.0185718372824
0.018560354103
0.0185486098639
0.0185366524972
0.0185245349439
0.0185123150136
0.0185000551654
0.0184878222099
0.0184756869352
0.0184637236608
0.0184520097245
0.018440624908
0.0184296508097
0.018419170171
0.0184092661681
0.0184000216761
0.0183915185169
0.0183838367015
0.018377053676
0.0183712435821
0.0183664765422
0.0183628179779
0.0183603279706
0.018359060672
0.0183590637725
0.018360378031
0.0183630368737
0.0183670660627
0.0183724834393
0.0183792987419
0.0183875134988
0.0183971209959
0.0184081063168
0.0184204464537
0.018434110485
0.0184490598163
0.0184652484812
0.0184826234965
0.0185011252685
0.0185206880443
0.0185412404049
0.0185627057956
0.0185850030876
0.0186080471698
0.0186317495642
0.0186560190628
0.0186807623811
0.0187058848267
0.0187312909772
0.0187568853646
0.0187825731638
0.0188082608783
0.0188338570212
0.0188592727857
0.0188844226994
0.0189092252579
0.0189336035303
0.0189574857315
0.0189808057535
0.0190035036494
0.0190255260629
0.0190468265963
0.0190673661112
0.019087112955
0.0191060431081
0.0191241402482
0.0191413957264
0.019157808456
0.0191733847095
0.0191881378283
0.0192020878449
0.0192152610228
0.0192276893192
0.0192394097778
0.0192504638602
0.0192608967256
0.0192707564701
0.019280093337
0.0192889589101
0.0192974053043
0.0193054843644
0.0193132468868
0.0193207418748
0.0193280158398
0.0193351121588
0.0193420704983
0.0193489263114
0.0193557104155
0.0193624486562
0.0193691616591
0.0193758646725
0.0193825674995
0.0193892745196
0.0193959847934
0.0194026922492
0.0194093859416
0.0194160503775
0.0194226658992
0.0194292091178
0.0194356533844
0.0194419692926
0.0194481251999
0.0194540877598
0.0194598224556
0.0194652941261
0.0194704674777
0.0194753075736
0.0194797802971
0.0194838527819
0.0194874938087
0.0194906741636
0.0194933669591
0.0194955479163
0.0194971956114
0.0194982916855
0.0194988210235
0.0194987719023
0.0194981361138
0.0194969090648
0.0194950898586
0.0194926813594
0.0194896902446
0.0194861270453
0.019482006178
0.019477345966
0.0194721686533
0.0194665004075
0.0194603713109
0.0194538153375
0.0194468703121
0.0194395778479
0.0194319832584
0.0194241354402
0.0194160867199
0.0194078926641
0.0193996118465
0.0193913055693
0.0193830375378
0.0193748734849
0.0193668807468
0.0193591277902
0.0193516836926
0.0193446175805
0.019337998029
0.0193318924306
0.0193263663383
0.0193214827939
0.019317301649
0.0193138788907
0.0193112659808
0.0193095092212
0.0193086491566
0.0193087200247
0.0193097492653
0.0193117570986
0.0193147561811
0.0193187513475
0.0193237394459
0.0193297092702
0.0193366415941
0.0193445093093
0.0193532776653
0.0193629046125
0.0193733412421
0.019384532319
0.019396416901
0.0194089290348
0.0194219985211
0.0194355517367
0.0194495125035
0.0194638029917
0.0194783446457
0.0194930591203
0.0195078692147
0.0195226997923
0.0195374786754
0.0195521375028
0.0195666125401
0.0195808454325
0.0195947838905
0.019608382299
0.0196216022413
0.0196344129296
0.0196467915332
0.0196587233976
0.0196702021459
0.0196812296552
0.0196918159027
0.0197019786749
0.0197117431358
0.0197211412517
0.0197302110732
0.0197389958764
0.0197475431717
0.01975590359
0.0197641296643
0.019772274527
0.0197803905508
0.0197885279658
0.0197967334885
0.0198050490044
0.0198135103445
0.0198221461999
0.0198309772123
0.0198400152769
0.0198492630863
0.0198587139344
0.0198683517902
0.0198781516414
0.0198880800922
0.0198980961945
0.0199081524786
0.0199181961438
0.0199281703636
0.0199380156592
0.0199476712944
0.0199570766485
0.0199661725285
0.019974902388
0.0199832134281
0.0199910575641
0.0199983922462
0.0200051811339
0.0200113946248
0.0200170102473
0.0200220129273
0.0200263951427
0.0200301569797
0.020033306105
0.0200358576668
0.0200378341372
0.0200392651045
0.0200401870221
0.0200406429197
0.0200406820787
0.0200403596695
0.0200397363514
0.0200388778275
0.0200378543512
0.020036740176
0.0200356129422
0.0200345529934
0.0200336426162
0.0200329651983
0.0200326043034
0.0200326426622
0.0200331610838
0.0200342372963
0.0200359447291
0.0200383512549
0.0200415179155
0.0200454976598
0.0200503341267
0.0200560605108
0.0200626985501
0.020070257677
0.0200787343721
0.020088111759
0.0200983594705
0.0201094338124
0.0201212782395
0.0201338241481
0.0201469919782
0.0201606926043
0.0201748289836
0.0201892980182
0.0202039925787
0.0202188036304
0.0202336223991
0.0202483425108
0.0202628620453
0.0202770854443
0.0202909252245
0.0203043034544
0.0203171529627
0.0203294182602
0.020341056162
0.0203520361142
0.0203623402316
0.0203719630653
0.0203809111226
0.0203892021681
0.0203968643361
0.0204039350879
0.0204104600473
0.0204164917469
0.0204220883172
0.0204273121483
0.0204322285523
0.0204369044517
0.0204414071158
0.0204458029673
0.0204501564748
0.0204545291476
0.0204589786449
0.0204635580101
0.020468315037
0.0204732917739
0.0204785241672
0.0204840418457
0.0204898680421
0.0204960196472
0.0205025073896
0.0205093361315
0.0205165052675
0.020524009215
0.0205318379798
0.0205399777807
0.0205484117166
0.0205571204585
0.020566082949
0.0205752770933
0.0205846804246
0.0205942707309
0.0206040266296
0.02061392808
0.0206239568245
0.0206340967523
0.0206443341825
0.0206546580651
0.0206650600997
0.0206755347762
0.0206860793415
0.0206966936985
0.0207073802459
0.0207181436665
0.0207289906736
0.020739929725
0.0207509707154
0.0207621246536
0.0207734033367
0.0207848190268
0.0207963841386
0.0208081109435
0.0208200112953
0.0208320963814
0.0208443765015
0.0208568608773
0.0208695574909
0.0208824729541
0.0208956124066
0.0209089794407
0.0209225760516
0.0209364026095
0.0209504578518
0.0209647388919
0.0209792412426
0.020993958851
0.0210088841428
0.0210240080747
0.0210393201921
0.0210548086925
0.021070460492
0.0210862612957
0.0211021956712
0.0211182471245
0.0211343981797
0.0211506304613
0.02116692478
0.0211832612222
0.0211996192425
0.0212159777604
0.0212323152603
0.0212486098939
0.0212648395865
0.0212809821442
0.0212970153637
0.0213129171418
0.0213286655854
0.0213442391198
0.0213596165953
0.0213747773903
0.0213897015109
0.021404369685
0.0214187634505
0.021432865238
0.0214466584447
0.0214601275014
0.0214732579315
0.0214860364004
0.0214984507571
0.0215104900659
0.0215221446303
0.0215334060067
0.0215442670109
0.0215547217152
0.0215647654381
