0.00625639896164
0.00625432923088
0.00625249200176
0.00625090789626
0.00624959767321
0.00624858204351
0.00624788146738
0.00624751593487
0.00624750473096
0.0062478661874
0.00624861742359
0.00624977407975
0.00625135004563
0.006253357189
0.00625580508814
0.00625870077336
0.00626204848276
0.00626584943743
0.00627010164204
0.00627479971606
0.00627993476133
0.00628549427094
0.00629146208436
0.00629781839272
0.00630453979771
0.00631159942626
0.00631896710247
0.0063266095766
0.00633449080981
0.00634257231199
0.00635081352836
0.00635917226918
0.00636760517577
0.00637606821424
0.00638451718786
0.00639290825769
0.00640119846063
0.00640934621366
0.0064173117931
0.00642505777799
0.0064325494474
0.00643975512243
0.00644664644509
0.00645319858781
0.00645939038924
0.00646520441389
0.00647062693559
0.00647564784664
0.00648026049693
0.00648446146917
0.00648825029838
0.00649162914545
0.0064946024356
0.00649717647392
0.00649935905053
0.00650115904805
0.00650258606398
0.00650365005988
0.00650436104822
0.00650472882656
0.00650476276704
0.00650447166733
0.00650386366735
0.00650294623377
0.00650172621237
0.00650020994633
0.00649840345623
0.0064963126762
0.00649394373851
0.00649130329798
0.00648839888611
0.00648523928417
0.00648183490397
0.00647819816464
0.00647434385401
0.00647028946342
0.00646605548544
0.00646166566494
0.00645714719492
0.00645253084992
0.00644785105124
0.00644314585975
0.00643845689376
0.006433829171
0.0064293108757
0.006424953053
0.00642080923492
0.00641693500331
0.00641338749667
0.00641022486883
0.00640750570845
0.00640528842929
0.0064036306414
0.00640258851411
0.00640221614164
0.00640256492205
0.00640368296006
0.00640561450368
0.006408399424
0.0064120727465
0.00641666424138
0.00642219807931
0.00642869255742
0.0064361598997
0.00644460613384
0.00645403104581
0.00646442821171
0.00647578510511
0.00648808327692
0.00650129860345
0.00651540159727
0.00653035777444
0.00654612807083
0.0065626692997
0.00657993464197
0.00659787416061
0.00661643533047
0.00663556357483
0.00665520280061
0.00667529592457
0.00669578538377
0.00671661362427
0.00673772356327
0.00675905902102
0.00678056512004
0.00680218865009
0.00682387839908
0.00684558545033
0.00686726344836
0.00688886883522
0.00691036106072
0.00693170276955
0.00695285996858
0.0069738021775
0.00699450256525
0.00701493807438
0.00703508953431
0.00705494176368
0.00707448366107
0.0070937082819
0.00711261289872
0.00713119904071
0.00714947250771
0.00716744335312
0.00718512582981
0.00720253829281
0.00721970305261
0.00723664617342
0.00725339721116
0.00726998888704
0.00728645669372
0.00730283843249
0.00731917368156
0.00733550319739
0.00735186825292
0.0073683099186
0.00738486829419
0.00740158170129
0.00741848584853
0.00743561298307
0.00745299104374
0.0074706428324
0.00748858522095
0.00750682841242
0.00752537527426
0.00754422076216
0.00756335145153
0.00758274519301
0.00760237090606
0.00762218852284
0.00764214909163
0.00766219504592
0.00768226064178
0.00770227256228
0.00772215068391
0.00774180899584
0.00776115665881
0.00778009918713
0.00779853973343
0.00781638045324
0.00783352392395
0.00784987459118
0.00786534021439
0.0078798332838
0.00789327238069
0.00790558345498
0.00791670099561
0.00792656907206
0.00793514222823
0.00794238621352
0.00794827853961
0.00795280885533
0.00795597913575
0.00795780368568
0.00795830896101
0.00795753321494
0.00795552597881
0.00795234739029
0.00794806738334
0.00794276475673
0.00793652613872
0.00792944486717
0.00792161980436
0.00791315410659
0.00790415396839
0.00789472736094
0.00788498278386
0.00787502804862
0.00786496911082
0.00785490896763
0.0078449466349
0.00783517621725
0.00782568608255
0.0078165581503
0.0078078673015
0.00779968091542
0.00779205853665
0.00778505167325
0.00777870372492
0.0077730500377
0.00776811807959
0.00776392772949
0.00776049166999
0.00775781587286
0.00775590016479
0.00775473885963
0.00775432144287
0.00775463329336
0.00775565642734
0.00775737025006
0.00775975230079
0.00776277897799
0.0077664262325
0.00777067021817
0.00777548789088
0.00778085754864
0.00778675930742
0.00779317550929
0.00780009106102
0.00780749370349
0.00781537421355
0.0078237265415
0.00783254788879
0.00784183873109
0.00785160279301
0.00786184698086
0.00787258128007
0.00788381862369
0.00789557473807
0.00790786797107
0.00792071910746
0.00793415117498
0.00794818924379
0.00796286022054
0.0079781926375
0.00799421643585
0.00801096274136
0.00802846362983
0.00804675187895
0.00806586070274
0.00808582346451
0.00810667336423
0.00812844309658
0.00815116447621
0.0081748680277
0.00819958253866
0.00822533457553
0.00825214796301
0.0082800432297
0.00830903702396
0.00833914150577
0.00837036372203
0.00840270497436
0.00843616018984
0.00847071730671
0.008506356688
0.008543050577
0.00858076260909
0.00861944739468
0.00865905018783
0.00869950665461
0.00874074275442
0.00878267474598
0.00882520932813
0.00886824392322
0.00891166710875
0.00895535919974
0.0089991929816
0.00904303458981
0.00908674452965
0.00913017882563
0.00917319028713
0.00921562987363
0.00925734813986
0.00929819673895
0.00933802995914
0.00937670626828
0.00941408983905
0.00945005202751
0.00948447277745
0.00951724192411
0.0095482603721
0.00957744112433
0.00960471014161
0.00963000701546
0.00965328544046
0.00967451347633
0.00969367359394
0.00971076250416
0.00972579077223
0.00973878222523
0.00974977316359
0.00975881139193
0.00976595508736
0.00977127152674
0.00977483569628
0.00977672880892
0.00977703675612
0.00977584852106
0.00977325458059
0.00976934532224
0.00976420950203
0.00975793276701
0.00975059626465
0.00974227535907
0.00973303847159
0.00972294606082
0.00971204975451
0.00970039164331
0.00968800374366
0.00967490763501
0.00966111427415
0.00964662398759
0.00963142664094
0.00961550198279
0.00959882015898
0.0095813423917
0.00956302181694
0.00954380447199
0.00952363042387
0.00950243502794
0.00948015030454
0.00945670641973
0.00943203325451
0.00940606204497
0.00937872707353
0.00934996738946
0.00931972853491
0.00928796425051
0.0092546381332
0.0092197252178
0.00918321345333
0.00914510504529
0.00910541763642
0.0090641853004
0.00902145932634
0.00897730877574
0.00893182079898
0.0088851007036
0.00883727177345
0.0087884748437
0.00873886764318
0.00868862392131
0.00863793238202
0.00858699545074
0.00853602790354
0.00848525538827
0.0084349128675
0.00838524301069
0.00833649456018
0.00828892069038
0.00824277737447
0.00819832176648
0.0081558106002
0.00811549860016
0.00807763689415
0.00804247141188
0.00801024125072
0.00798117698774
0.00795549891696
0.00793341519266
0.00791511986406
0.00790079079279
0.00789058745341
0.00788464862823
0.00788309001962
0.00788600181749
0.00789344627356
0.0079054553488
0.00792202851339
0.00794313078995
0.00796869113863
0.00799860128572
0.00803271509611
0.00807084858128
0.00811278062006
0.00815825444829
0.00820697994641
0.00825863672231
0.0083128779522
0.00836933490676
0.00842762205596
0.00848734261619
0.00854809437998
0.00860947565317
0.00867109111876
0.00873255745046
0.00879350851246
0.00885360000356
0.0089125134324
0.00896995934282
0.00902567974328
0.00907944972856
0.00913107831362
0.00918040852748
0.00922731683696
0.0092717119868
0.00931353335286
0.00935274890954
0.00938935291205
0.00942336338908
0.00945481953352
0.00948377906811
0.00951031565145
0.00953451637748
0.00955647940914
0.00957631177617
0.00959412735613
0.00961004504902
0.00962418714827
0.00963667790444
0.00964764227349
0.00965720483746
0.00966548888326
0.00967261562348
0.00967870354254
0.00968386785136
0.00968822003428
0.00969186747264
0.00969491313097
0.00969745529285
0.00969958733521
0.00970139753166
0.00970296887682
0.00970437892583
0.0097056996444
0.00970699726689
0.009708332161
0.00970975869945
0.0097113251399
0.00971307351591
0.0097150395422
0.00971725253856
0.00971973537692
0.00972250445678
0.00972556971383
0.00972893466687
0.00973259650747
0.0097365462366
0.00974076885149
0.00974524358556
0.00974994420291
0.00975483934837
0.00975989295278
0.0097650646922
0.00977031049896
0.00977558312119
0.0097808327268
0.00978600754698
0.00979105455335
0.00979592016252
0.00980055096083
0.00980489444179
0.00980889974805
0.00981251840939
0.00981570506797
0.00981841818144
0.00982062069478
0.00982228067123
0.00982337187278
0.00982387428091
0.00982377454833
0.0098230663731
0.00982175078702
0.00981983635118
0.00981733925244
0.00981428329626
0.0098106997925
0.00980662733271
0.00980211145949
0.00979720423011
0.00979196367906
0.00978645318588
0.00978074075696
0.00977489823132
0.0097690004224
0.00976312420895
0.00975734758903
0.00975174871186
0.00974640490263
0.0097413916948
0.00973678188467
0.0097326446216
0.00972904454675
0.00972604099188
0.00972368724824
0.0097220299147
0.00972110833231
0.00972095411146
0.00972159075641
0.00972303339061
0.00972528858514
0.00972835429142
0.00973221987839
0.00973686627333
0.00974226620434
0.00974838454175
0.00975517873459
0.00976259933694
0.00977059061837
0.00977909125081
0.0097880350636
0.00979735185681
0.00980696826198
0.00981680863819
0.00982679599061
0.00983685289777
0.00984690243349
0.00985686906919
0.00986667954251
0.00987626367886
0.0098855551534
0.00989449218227
0.00990301813372
0.00991108205145
0.00991863908487
0.0099256508231
0.00993208553181
0.00993791829434
0.00994313106049
0.00994771260831
0.009951658426
0.00995497052194
0.00995765717226
0.00995973261561
0.00996121670531
0.00996213452881
0.00996251600406
0.00996239546201
0.00996181122324
0.00996080517627
0.00995942236361
0.00995771058086
0.00995571999288
0.00995350277004
0.00995111274658
0.00994860510221
0.00994603606705
0.00994346264974
0.00994094238735
0.00993853311589
0.00993629275919
0.00993427913419
0.00993254977013
0.00993116173929
0.00993017149655
0.00992963472552
0.00992960618868
0.00993013957936
0.00993128737335
0.00993310067828
0.00993562907912
0.00993892047819
0.00994302092874
0.00994797446092
0.0099538228997
0.00996060567448
0.00996835962022
0.00997711877071
0.00998691414458
0.0099977735252
0.010009721236
0.0100227779129
0.0100369602766
0.0100522809071
0.0100687480231
0.0100863652705
0.0101051315236
0.0101250407025
0.0101460816119
0.0101682378055
0.0101914874799
0.0102158034047
0.0102411528917
0.0102674978082
0.0102947946391
0.010322994601
0.0103520438117
0.0103818835173
0.0104124503789
0.0104436768185
0.0104754914237
0.01050781941
0.0105405831352
0.0105737026637
0.0106070963714
0.0106406815862
0.0106743752538
0.010708094618
0.0107417579066
0.0107752850086
0.010808598133
0.0108416224352
0.0108742866006
0.0109065233739
0.010938270023
0.0109694687311
0.0110000669072
0.0110300174122
0.011059278696
0.011087814845
0.0111155955411
0.0111425959351
0.0111687964402
0.0111941824521
0.0112187440032
0.0112424753618
0.0112653745861
0.0112874430434
0.0113086849063
0.0113291066373
0.0113487164715
0.0113675239088
0.0113855392247
0.0114027730072
0.01141923573
0.0114349373646
0.0114498870408
0.0114640927561
0.01147756114
0.0114902972731
0.011502304564
0.0115135846821
0.0115241375477
0.0115339613762
0.0115430527749
0.0115514068903
0.0115590176005
0.0115658777502
0.0115719794236
0.0115773142496
0.0115818737335
0.0115856496108
0.0115886342157
0.0115908208579
0.011592204202
0.011592780642
0.0115925486644
0.0115915091938
0.0115896659139
0.0115870255586
0.0115835981667
0.0115793972966
0.0115744401958
0.011568747921
0.0115623454081
0.0115552614885
0.0115475288524
0.0115391839585
0.0115302668918
0.0115208211718
0.0115108935139
0.0115005335491
0.0114897935052
0.0114787278556
0.0114673929413
0.0114558465729
0.0114441476165
0.011432355572
0.0114205301482
0.011408730841
0.0113970165188
0.0113854450216
0.0113740727753
0.0113629544266
0.011352142501
0.0113416870841
0.0113316355308
0.0113220322006
0.0113129182208
0.0113043312779
0.0112963054367
0.0112888709865
0.0112820543148
0.0112758778073
0.0112703597752
0.0112655144083
0.011261351755
0.0112578777291
0.0112550941449
0.0112529987798
0.0112515854672
0.0112508442192
0.011250761381
0.011251319818
0.0112524991355
0.0112542759321
0.0112566240862
0.0112595150749
0.0112629183235
0.0112668015845
0.0112711313407
0.0112758732302
0.0112809924879
0.0112864543957
0.0112922247376
0.0112982702487
0.011304559052
0.0113110610734
0.0113177484258
0.011324595752
0.0113315805201
0.0113386832593
0.0113458877315
0.0113531810295
0.0113605535983
0.0113679991745
0.0113755146421
0.0113830998058
0.0113907570822
0.0113984911156
0.0114063083239
0.0114142163838
0.0114222236668
0.0114303386385
0.0114385692349
0.0114469222319
0.0114554026238
0.0114640130244
0.01147275311
0.0114816191149
0.0114906033947
0.011499694067
0.0115088747396
0.0115181243305
0.0115274169849
0.0115367220887
0.0115460043769
0.0115552241317
0.0115643374641
0.0115732966699
0.0115820506495
0.0115905453802
0.0115987244304
0.0116065295015
0.0116139009886
0.0116207785479
0.0116271016617
0.0116328101939
0.011637844929
0.0116421480903
0.0116456638354
0.0116483387266
0.011650122179
0.011650966886
0.0116508292264
0.0116496696569
0.0116474530931
0.011644149284
0.0116397331831
0.011634185318
0.0116274921617
0.0116196465039
0.011610647822
0.0116005026473
0.0115892249211
0.011576836333
0.0115633666327
0.0115488539026
0.01153334478
0.0115168946155
0.0114995675525
0.0114814365153
0.0114625830921
0.0114430973015
0.0114230772323
0.0114026285499
0.0113818638645
0.0113609019603
0.0113398668882
0.0113188869286
0.0112980934336
0.0112776195624
0.0112575989266
0.0112381641641
0.0112194454631
0.0112015690601
0.0111846557344
0.0111688193254
0.011154165296
0.0111407893658
0.0111287762375
0.0111181984371
0.0111091152874
0.0111015720332
0.0110955991325
0.0110912117277
0.0110884093088
0.0110871755754
0.0110874785079
0.0110892706485
0.0110924895975
0.0110970587238
0.0111028880861
0.0111098755607
0.0111179081675
0.0111268635813
0.0111366118156
0.0111470170583
0.0111579396379
0.0111692380932
0.0111807713164
0.011192400736
0.0112039925017
0.0112154196304
0.0112265640731
0.0112373186575
0.0112475888636
0.0112572943911
0.0112663704769
0.0112747689298
0.0112824588497
0.0112894270093
0.0112956778814
0.0113012333046
0.0113061317887
0.0113104274712
0.011314188745
0.0113174965863
0.0113204426199
0.0113231269658
0.0113256559172
0.0113281395037
0.0113306889948
0.0113334144026
0.0113364220385
0.0113398121781
0.0113436768845
0.0113480980354
0.0113531455927
0.0113588761482
0.0113653317707
0.0113725391727
0.0113805092081
0.0113892367057
0.0113987006331
0.0114088645835
0.0114196775685
0.011431075095
0.0114429805008
0.0114553065164
0.0114679570196
0.0114808289431
0.0114938142969
0.011506802261
0.0115196813072
0.0115323413045
0.0115446755681
0.0115565828083
0.011567968941
0.0115787487251
0.0115888471931
0.0115982008488
0.0116067586098
0.0116144824785
0.0116213479322
0.0116273440288
0.0116324732319
0.011636750965
0.0116402049108
0.0116428740786
0.0116448076664
0.0116460637487
0.0116467078269
0.0116468112774
0.0116464497378
0.0116457014698
0.0116446457371
0.0116433612337
0.0116419245987
0.0116404090447
0.0116388831287
0.0116374096849
0.0116360449365
0.0116348377983
0.0116338293748
0.0116330526569
0.011632532411
0.0116322852547
0.0116323199058
0.01163263759
0.0116332325879
0.0116340929034
0.011635201029
0.0116365347875
0.0116380682257
0.0116397725382
0.0116416169992
0.0116435698803
0.0116455993376
0.0116476742479
0.0116497649807
0.0116518440933
0.0116538869367
0.0116558721671
0.0116577821554
0.0116596032939
0.0116613261987
0.0116629458099
0.0116644613945
0.0116658764585
0.0116671985747
0.0116684391387
0.0116696130607
0.0116707384089
0.0116718360143
0.011672929052
0.0116740426111
0.0116752032672
0.0116764386677
0.0116777771428
0.01167924735
0.0116808779595
0.0116826973861
0.0116847335702
0.0116870138072
0.0116895646237
0.0116924116951
0.0116955797971
0.0116990927835
0.011702973577
0.0117072441646
0.0117119255829
0.011717037884
0.0117226000683
0.0117286299768
0.0117351441337
0.0117421575332
0.0117496833686
0.0117577327013
0.0117663140735
0.0117754330686
0.0117850918286
0.0117952885377
0.0118060168869
0.0118172655341
0.0118290175771
0.0118412500598
0.0118539335288
0.0118670316642
0.0118805010022
0.0118942907706
0.0119083428555
0.0119225919143
0.0119369656496
0.0119513852537
0.0119657660285
0.0119800181826
0.0119940478013
0.0120077579795
0.0120210501025
0.0120338252546
0.0120459857277
0.0120574366029
0.012068087368
0.012077853536
0.0120866582264
0.0120944336698
0.0121011225988
0.0121066794907
0.0121110716282
0.0121142799526
0.0121162996862
0.0121171407075
0.0121168276695
0.0121153998572
0.0121129107861
0.0121094275508
0.0121050299369
0.0120998093137
0.0120938673317
0.0120873144488
0.0120802683137
0.0120728520366
0.0120651923762
0.0120574178766
0.0120496569816
0.0120420361599
0.012034678068
0.0120276997812
0.0120212111176
0.0120153130828
0.0120100964572
0.0120056405506
0.012002012143
0.0119992646323
0.0119974374058
0.0119965554505
0.0119966292161
0.0119976547416
0.0119996140514
0.0120024758274
0.0120061963556
0.012010720743
0.0120159843939
0.0120219147305
0.0120284331329
0.0120354570686
0.0120429023725
0.0120506856319
0.012058726621
0.0120669507258
0.0120752912928
0.0120836918305
0.0120921079953
0.0121005092892
0.0121088804063
0.01211722217
0.0121255520159
0.0121339039876
0.0121423282319
0.012150889996
0.0121596681492
0.0121687532703
0.01217824536
0.0121882512498
0.0121988817914
0.0122102489186
0.0122224626734
0.0122356282875
0.0122498434051
0.0122651955208
0.0122817596956
0.0122995965995
0.0123187509144
0.0123392501155
0.0123611036366
0.0123843024124
0.0124088187804
0.0124346067183
0.0124616023869
0.0124897249459
0.0125188776071
0.0125489488941
0.0125798140739
0.0126113367329
0.0126433704694
0.0126757606795
0.0127083464151
0.0127409622939
0.012773440446
0.0128056124774
0.012837311436
0.0128683737612
0.0128986412004
0.0129279626716
0.0129561960514
0.012983209867
0.0130088848681
0.0130331154547
0.0130558109394
0.0130768966186
0.0130963146368
0.0131140246224
0.0131300040858
0.013144248569
0.0131567715448
0.0131676040688
0.0131767941918
0.0131844061484
0.0131905193409
0.0131952271431
0.0131986355519
0.0132008617171
0.0132020323822
0.0132022822674
0.0132017524263
0.0132005886064
0.0131989396373
0.0131969558726
0.0131947877012
0.0131925841429
0.0131904915395
0.013188652345
0.0131872040183
0.0131862780149
0.0131859988755
0.013186483403
0.0131878399213
0.0131901676064
0.0131935558827
0.0131980838753
0.013203819914
0.0132108210819
0.0132191328096
0.0132287885129
0.0132398092787
0.0132522036046
0.0132659672015
0.0132810828697
0.0132975204622
0.0133152369503
0.0133341766059
0.0133542713168
0.0133754410496
0.0133975944709
0.0134206297386
0.0134444354668
0.0134688918651
0.0134938720489
0.0135192435075
0.0135448697151
0.0135706118597
0.0135963306629
0.0136218882548
0.0136471500697
0.013671986719
0.0136962758037
0.0137199036242
0.0137427667501
0.0137647734148
0.0137858447066
0.0138059155305
0.0138249353249
0.0138428685236
0.0138596947574
0.0138754088018
0.0138900202779
0.013903553123
0.0139160448495
0.0139275456149
0.0139381171282
0.0139478314193
0.013956769498
0.0139650199302
0.0139726773567
0.0139798409802
0.0139866130436
0.0139930973209
0.0139993976417
0.014005616467
0.0140118535325
0.0140182045753
0.0140247601576
0.0140316045985
0.0140388150253
0.0140464605541
0.0140546016058
0.0140632893648
0.0140725653842
0.0140824613391
0.0140929989291
0.014104189926
0.0141160363644
0.0141285308656
0.014141657088
0.0141553902898
0.0141696979925
0.014184540729
0.0141998728595
0.0142156434385
0.0142317971142
0.0142482750437
0.0142650158052
0.0142819562928
0.0142990325785
0.0143161807285
0.0143333375635
0.0143504413542
0.0143674324466
0.0143842538121
0.0144008515221
0.0144171751465
0.0144331780793
0.0144488177938
0.0144640560335
0.0144788589434
0.0144931971478
0.0145070457818
0.0145203844811
0.0145331973366
0.0145454728183
0.0145572036723
0.0145683867943
0.0145790230814
0.014589117262
0.0145986777061
0.0146077162124
0.014616247772
0.0146242903067
0.0146318643782
0.0146389928669
0.0146457006181
0.0146520140534
0.0146579607475
0.0146635689706
0.0146688671983
0.0146738835923
0.0146786454577
0.0146831786833
0.0146875071735
0.014691652282
0.0146956322597
0.0146994617281
0.0147031511934
0.0147067066138
0.0147101290359
0.0147134143115
0.0147165529092
0.0147195298313
0.0147223246447
0.0147249116337
0.0147272600786
0.0147293346613
0.0147310959963
0.0147325012834
0.0147335050718
0.0147340601275
0.0147341183874
0.0147336319866
0.0147325543371
0.0147308412406
0.014728452012
0.0147253505918
0.0147215066248
0.0147168964828
0.0147115042098
0.0147053223693
0.0146983527769
0.0146906070991
0.0146821073088
0.0146728859831
0.0146629864391
0.0146524627014
0.0146413793015
0.0146298109112
0.0146178418153
0.0146055652327
0.0145930824971
0.0145805021099
0.0145679386826
0.0145555117843
0.0145433447138
0.0145315632147
0.0145202941528
0.0145096641746
0.0144997983659
0.0144908189273
0.0144828438824
0.0144759858342
0.0144703507822
0.0144660370108
0.0144631340594
0.0144617217812
0.0144618694981
0.0144636352542
0.0144670651752
0.0144721929338
0.0144790393249
0.0144876119529
0.0144979050333
0.0145098993114
0.0145235621006
0.0145388474444
0.0145556964052
0.014574037485
0.0145937871813
0.014614850681
0.0146371226976
0.0146604884489
0.0146848247777
0.014710001409
0.0147358823367
0.0147623273293
0.0147891935378
0.0148163371846
0.0148436153109
0.0148708875522
0.0148980179101
0.0149248764864
0.014951341145
0.0149772990648
0.0150026481519
0.0150272982801
0.015051172335
0.0150742070411
0.0150963535579
0.0151175778409
0.0151378607638
0.0151571980124
0.0151755997611
0.0151930901499
0.0152097065844
0.0152254988813
0.0152405282876
0.0152548663955
0.0152685939811
0.0152817997875
0.0152945792726
0.0153070333395
0.0153192670635
0.0153313884258
0.0153435070619
0.0153557330305
0.0153681756051
0.0153809420906
0.0153941366642
0.0154078592417
0.0154222043687
0.0154372601381
0.0154531071366
0.0154698174245
0.0154874535549
0.0155060676426
0.015525700495
0.0155463808186
0.0155681245217
0.0155909341321
0.0156147983534
0.0156396917865
0.0156655748389
0.0156923938511
0.0157200814623
0.0157485572381
0.015777728579
0.0158074919214
0.0158377342358
0.0158683348217
0.0158991673836
0.0159301023676
0.0159610095237
0.0159917606495
0.0160222324616
0.0160523095312
0.0160818872154
0.0161108745099
0.0161391967479
0.0161667980729
0.0161936436163
0.0162197213194
0.0162450433495
0.0162696470732
0.0162935955625
0.0163169776239
0.0163399073578
0.0163625232649
0.0163849869309
0.0164074813314
0.016430208803
0.016453388736
0.0164772550427
0.0165020534572
0.0165280387215
0.0165554717049
0.0165846165043
0.0166157375616
0.0166490968322
0.0166849510306
0.0167235489725
0.0167651290298
0.0168099167085
0.0168581223578
0.0169099390139
0.0169655403838
0.0170250789701
0.0170886843421
0.017156461555
0.0172284897243
0.0173048207616
0.0173854782806
0.0174704566843
0.017559720445
0.0176532035909
0.0177508094137
0.0178524104105
0.0179578484751
0.0180669353523
0.0181794533637
0.0182951564178
0.0184137713074
0.0185349992977
0.0186585180044
0.0187839835554
0.0189110330253
0.0190392871298
0.0191683531586
0.0192978281247
0.019427302101
0.0195563617143
0.0196845937591
0.0198115888959
0.0199369453911
0.0200602728577
0.0201811959514
0.0202993579776
0.0204144243639
0.0205260859511
0.0206340620584
0.0207381032779
0.0208379939552
0.0209335543146
0.0210246421912
0.0211111543344
0.0211930272512
0.0212702375635
0.0213428018587
0.0214107760185
0.0214742540203
0.0215333662099
0.0215882770563
0.0216391824052
0.0216863062587
0.0217298971174
0.0217702239276
0.0218075716894
0.0218422367824
0.0218745220794
0.0219047319172
0.0219331670023
0.0219601193302
0.0219858671975
0.0220106703879
0.0220347656083
0.0220583622514
0.0220816385549
0.0221047382225
0.0221277675657
0.0221507932191
0.022173840472
0.0221968922532
0.0222198887946
0.0222427279927
0.0222652664737
0.0222873213599
0.0223086727249
0.0223290667108
0.0223482192729
0.0223658205024
0.0223815394678
0.0223950295036
0.0224059338615
0.022413891633
0.0224185438391
0.0224195395774
0.0224165421122
0.0224092347876
0.0223973266488
0.0223805576551
0.0223587033801
0.0223315791021
0.0222990432022
0.022260999806
0.0222174006214
0.0221682459463
0.0221135848443
0.0220535145022
0.0219881788095
0.0219177662151
0.0218425069337
0.0217626695879
0.0216785573808
0.0215905039016
0.021498868666
0.0214040324957
0.021306392834
0.021206359088
0.0211043480801
0.0210007796778
0.0208960726616
0.0207906408778
0.0206848897087
0.0205792128856
0.0204739896556
0.0203695823054
0.020266334039
0.0201645671976
0.0200645818065
0.0199666544304
0.019871037317
0.0197779578056
0.0196876179812
0.019600194551
0.0195158389253
0.019434677483
0.0193568120061
0.0192823202666
0.0192112567534
0.0191436535248
0.0190795211755
0.0190188499066
0.018961610686
0.0189077564896
0.0188572236099
0.0188099330212
0.0187657917876
0.0187246945034
0.01868652475
0.0186511565584
0.0186184558645
0.018588281944
0.0185604888158
0.0185349266036
0.0185114428464
0.0184898837486
0.0184700953648
0.0184519247121
0.0184352208083
0.018419835631
0.0184056249982
0.0183924493694
0.0183801745682
0.0183686724271
0.0183578213579
0.0183475068477
0.0183376218845
0.0183280673144
0.0183187521319
0.0183095937059
0.0183005179428
0.018291459389
0.0182823612725
0.0182731754867
0.0182638625162
0.018254391306
0.0182447390766
0.0182348910848
0.018224840334
0.0182145872354
0.018204139225
0.018193510338
0.0181827207478
0.0181717962724
0.0181607678562
0.0181496710326
0.0181385453739
0.0181274339365
0.0181163827078
0.0181054400614
0.0180946562277
0.0180840827855
0.0180737721799
0.0180637772695
0.0180541509085
0.0180449455625
0.0180362129616
0.0180280037888
0.0180203674024
0.0180133515915
0.0180070023592
0.0180013637315
0.0179964775866
0.0179923835006
0.0179891186052
0.0179867174528
0.0179852118848
0.0179846309013
0.0179850005271
0.017986343675
0.0179886800026
0.0179920257657
0.0179963936657
0.0180017926968
0.0180082279914
0.0180157006715
0.018024207706
0.0180337417822
0.0180442911934
0.0180558397493
0.0180683667146
0.0180818467788
0.0180962500641
0.0181115421729
0.0181276842811
0.0181446332763
0.0181623419452
0.0181807592085
0.0181998304043
0.0182194976159
0.0182397000433
0.0182603744115
0.0182814554124
0.0183028761727
0.0183245687413
0.0183464645873
0.018368495102
0.0183905920951
0.018412688277
0.0184347177193
0.0184566162857
0.0184783220253
0.0184997755237
0.0185209202055
0.018541702585
0.0185620724621
0.0185819830627
0.0186013911227
0.0186202569191
0.0186385442484
0.0186562203589
0.0186732558409
0.0186896244806
0.0187053030855
0.0187202712881
0.0187345113361
0.0187480078766
0.0187607477423
0.0187727197472
0.0187839144988
0.0187943242327
0.0188039426763
0.0188127649436
0.0188207874671
0.0188280079678
0.0188344254637
0.0188400403176
0.0188448543227
0.0188488708232
0.0188520948663
0.0188545333813
0.0188561953813
0.0188570921802
0.0188572376189
0.0188566482955
0.0188553437896
0.0188533468754
0.0188506837161
0.0188473840319
0.0188434812348
0.0188390125248
0.0188340189396
0.0188285453536
0.0188226404207
0.0188163564576
0.018809749262
0.0188028778656
0.0187958042191
0.0187885928088
0.0187813102047
0.0187740245439
0.0187668049498
0.0187597208936
0.0187528415028
0.0187462348237
0.0187399670475
0.0187341017093
0.0187286988703
0.0187238142975
0.018719498652
0.0187157967022
0.0187127465748
0.0187103790599
0.0187087169838
0.0187077746666
0.018707557476
0.0187080614915
0.0187092732918
0.0187111698727
0.0187137187055
0.0187168779414
0.0187205967626
0.0187248158833
0.0187294681953
0.018734479554
0.018739769695
0.0187452532703
0.018750840989
0.0187564408465
0.0187619594221
0.0187673032247
0.0187723800637
0.0187771004233
0.018781378814
0.0187851350807
0.0187882956423
0.018790794642
0.0187925749879
0.018793589266
0.0187938005093
0.0187931828103
0.0187917217668
0.0187894147542
0.0187862710195
0.0187823115978
0.0187775690529
0.0187720870478
0.018765919754
0.0187591311095
0.0187517939406
0.0187439889615
0.0187358036692
0.018727331153
0.0187186688368
0.0187099171763
0.0187011783291
0.0186925548213
0.0186841482285
0.0186760578913
0.0186683796861
0.0186612048654
0.0186546189876
0.0186487009479
0.0186435221257
0.0186391456583
0.0186356258497
0.0186330077232
0.0186313267194
0.0186306085456
0.0186308691733
0.0186321149836
0.0186343430548
0.0186375415862
0.018641690449
0.0186467618519
0.0186527211119
0.0186595275123
0.0186671352352
0.0186754943499
0.0186845518405
0.0186942526542
0.018704540752
0.0187153601441
0.0187266558914
0.0187383750567
0.0187504675905
0.0187628871343
0.0187755917325
0.0187885444373
0.0188017138021
0.0188150742525
0.0188286063335
0.0188422968286
0.0188561387523
0.0188701312163
0.0188842791771
0.0188985930681
0.0189130883269
0.0189277848277
0.0189427062287
0.0189578792501
0.0189733328937
0.0189890976202
0.0190052044989
0.0190216843442
0.0190385668547
0.0190558797687
0.0190736480518
0.0190918931275
0.0191106321666
0.0191298774441
0.0191496357749
0.0191699080385
0.019190688798
0.0192119660216
0.0192337209097
0.0192559278323
0.0192785543759
0.0193015615021
0.0193249038146
0.0193485299316
0.0193723829587
0.0193964010566
0.0194205180945
0.0194446643808
0.0194687674603
0.0194927529664
0.0195165455159
0.0195400696328
0.0195632506861
0.0195860158292
0.0196082949242
0.0196300214374
0.019651133292
0.0196715736631
0.0196912917032
0.0197102431859
0.0197283910571
0.019745705885
0.0197621662015
0.0197777587293
0.0197924784919
0.0198063288046
0.0198193211472
0.0198314749213
0.0198428170974
0.0198533817568
0.0198632095392
0.0198723470036
0.0198808459145
0.0198887624665
0.0198961564591
0.0199030904369
0.0199096288077
0.0199158369546
0.0199217803539
0.0199275237144
0.019933130149
0.0199386603924
0.0199441720742
0.019949719058
0.0199553508545
0.0199611121151
0.0199670422114
0.0199731749036
0.0199795381006
0.0199861537103
0.0199930375802
0.0200001995231
0.0200076434261
0.020015367433
0.0200233641967
0.0200316211905
0.02004012107
0.0200488420765
0.0200577584704
0.0200668409852
0.0200760572911
0.0200853724591
0.020094749415
0.0201041493758
0.0201135322598
0.0201228570643
0.0201320822059
0.0201411658191
0.0201500660107
0.0201587410715
0.0201671496432
0.020175250847
0.0201830043758
0.0201903705598
0.02019731041
0.0202037856536
0.020209758769
0.0202151930356
0.020220052609
0.0202243026368
0.0202279094262
0.0202308406757
0.020233065781
0.0202345562206
0.0202352860262
0.0202352323342
0.020234376015
0.0202327023648
0.020230201844
0.0202268708387
0.0202227124146
0.0202177370345
0.0202119632007
0.0202054179911
0.0201981374531
0.0201901668275
0.0201815605801
0.0201723822256
0.0201627039389
0.0201526059597
0.0201421758026
0.0201315073003
0.0201206995064
0.0201098554991
0.0200990811208
0.0200884836975
0.020078170774
0.0200682489
0.0200588224966
0.0200499928268
0.0200418570847
0.0200345076136
0.0200280312571
0.0200225088375
0.0200180147583
0.0200146167156
0.0200123755078
0.0200113449264
0.0200115717127
0.0200130955635
0.02001594917
0.0200201582761
0.0200257417412
0.0200327115969
0.020041073086
0.0200508246778
0.0200619580504
0.0200744580386
0.020088302544
0.0201034624074
0.0201199012478
0.0201375752718
0.0201564330636
0.0201764153649
0.0201974548608
0.0202194759885
0.0202423947883
0.0202661188211
0.0202905471767
0.0203155705994
0.0203410717579
0.0203669256857
0.0203930004156
0.0204191578282
0.0204452547276
0.0204711441519
0.0204966769135
0.0205217033569
0.0205460753072
0.0205696481719
0.0205922831474
0.0206138494704
0.0206342266472
0.0206533065899
0.0206709955856
0.0206872160291
0.0207019078555
0.0207150296207
0.0207265591897
0.0207364940112
0.0207448509702
0.0207516658307
0.0207569922947
0.0207609007154
0.0207634765162
0.0207648183723
0.0207650362152
0.0207642491218
0.0207625831466
0.0207601691506
0.0207571406744
0.0207536318952
0.0207497756994
0.0207457018946
0.0207415355782
0.0207373956743
0.0207333936427
0.020729632364
0.0207262051975
0.0207231952109
0.0207206745754
0.0207187041234
0.0207173330612
0.0207165988341
0.0207165271363
0.0207171320614
0.0207184163878
0.0207203719914
0.0207229803798
0.0207262133382
0.0207300336779
0.0207343960755
0.0207392479908
0.0207445306477
0.0207501800637
0.0207561281108
0.0207623035896
0.0207686333011
0.0207750430955
0.0207814588847
0.0207878075994
0.0207940180799
0.0208000218854
0.020805754014
0.0208111535251
0.0208161640603
0.0208207342587
0.0208248180706
0.0208283749689
0.0208313700666
0.0208337741465
0.0208355636112
0.0208367203661
0.0208372316436
0.0208370897823
0.0208362919718
0.020834839974
0.0208327398323
0.0208300015774
0.020826638939
0.0208226690683
0.0208181122796
0.0208129918108
0.0208073336083
0.020801166134
0.0207945201944
0.0207874287889
0.0207799269741
0.0207720517388
0.0207638418854
0.0207553379127
0.0207465818933
0.0207376173432
0.0207284890769
0.0207192430459
0.0207099261582
0.0207005860769
0.0206912709975
0.020682029406
0.0206729098182
0.0206639605045
0.0206552292035
0.0206467628281
0.0206386071705
0.0206308066094
0.020623403825
0.0206164395272
0.0206099522006
0.0206039778699
0.0205985498907
0.0205936987665
0.0205894519944
0.0205858339418
0.0205828657532
0.0205805652882
0.0205789470891
0.0205780223782
0.020577799082
0.0205782818823
0.0205794722893
0.0205813687377
0.0205839667011
0.0205872588229
0.0205912350619
0.02059588285
0.0206011872582
0.0206071311722
0.020613695471
0.020620859211
0.0206285998109
0.0206368932365
0.0206457141848
0.0206550362651
0.0206648321763
0.0206750738795
0.0206857327647
