0.00661467592414
0.00661521685288
0.00661574020063
0.00661624849771
0.00661674421873
0.00661722978129
0.00661770754915
0.00661817984065
0.00661864894296
0.006619117133
0.00661958670555
0.00662006000912
0.00662053949
0.0066210277448
0.00662152758154
0.0066220420892
0.00662257471545
0.00662312935182
0.00662371042544
0.00662432299615
0.00662497285725
0.00662566663818
0.00662641190666
0.00662721726781
0.00662809245743
0.00662904842613
0.00663009741125
0.00663125299294
0.00663253013102
0.00663394517916
0.00663551587324
0.00663726129064
0.00663920177819
0.00664135884634
0.00664375502813
0.00664641370221
0.0066493588796
0.00665261495511
0.00665620642499
0.00666015757326
0.00666449213035
0.00666923290799
0.00667440141579
0.00668001746509
0.00668609876659
0.00669266052868
0.00669971506368
0.00670727140957
0.00671533497446
0.00672390721142
0.00673298533044
0.00674256205429
0.00675262542411
0.00676315866007
0.0067741400815
0.00678554308993
0.00679733621766
0.00680948324328
0.00682194337469
0.00683467149907
0.00684761849821
0.00686073162674
0.00687395494982
0.00688722983608
0.00690049550052
0.00691368959193
0.00692674881796
0.00693960960113
0.00695220875793
0.00696448419307
0.00697637560039
0.00698782516161
0.00699877823385
0.00700918401668
0.0070189961894
0.00702817350915
0.00703668036085
0.00704448724987
0.00705157122928
0.00705791625357
0.00706351345204
0.0070683613157
0.00707246579286
0.00707584028971
0.00707850557408
0.00708048958171
0.0070818271265
0.00708255951769
0.00708273408899
0.00708240364613
0.00708162584134
0.00708046248433
0.00707897880107
0.00707724265251
0.00707532372623
0.0070732927145
0.00707122049233
0.0070691773091
0.00706723200651
0.00706545127522
0.00706389896105
0.00706263543055
0.00706171700413
0.00706119546324
0.00706111763629
0.00706152506628
0.00706245376125
0.00706393402679
0.00706599037845
0.00706864153005
0.00707190045291
0.00707577449964
0.00708026558525
0.00708537041779
0.00709108077017
0.00709738378463
0.00710426230139
0.00711169520324
0.00711965776823
0.00712812202338
0.0071370570929
0.00714642953554
0.00715620366652
0.0071663418606
0.00717680483412
0.00718755190458
0.00719854122779
0.00720973001342
0.0072210747206
0.00723253123637
0.00724405503994
0.00725560135684
0.0072671253067
0.00727858204915
0.00728992693194
0.00730111564535
0.00731210438653
0.00732285003694
0.00733331035539
0.00734344418833
0.00735321169844
0.00736257461121
0.00737149647874
0.00737994295868
0.00738788210546
0.00739528466995
0.00740212440312
0.00740837835826
0.00741402718601
0.0074190554158
0.00742345171719
0.00742720913426
0.00743032528649
0.00743280252944
0.00743464806927
0.00743587402536
0.00743649743608
0.00743654020367
0.00743602897488
0.00743499495527
0.00743347365612
0.00743150457406
0.00742913080474
0.00742639859322
0.00742335682492
0.00742005646214
0.00741654993249
0.00741289047655
0.00740913146303
0.00740532568088
0.0074015246182
0.00739777773874
0.00739413176714
0.0073906299943
0.00738731161461
0.00738421110651
0.00738135766788
0.00737877471709
0.00737647947018
0.00737448260378
0.00737278801239
0.00737139266757
0.00737028658532
0.00736945290644
0.00736886809308
0.00736850224285
0.00736831952032
0.00736827870336
0.0073683338402
0.00736843501058
0.00736852918281
0.00736856115592
0.00736847457471
0.00736821300307
0.00736772103973
0.00736694545868
0.00736583635554
0.00736434828
0.00736244133393
0.00736008221456
0.00735724518209
0.00735391293198
0.0073500773529
0.00734574015312
0.00734091333957
0.00733561953664
0.00732989213386
0.00732377525501
0.007317323544
0.00731060176659
0.00730368423004
0.00729665402661
0.00728960210984
0.00728262621617
0.00727582964706
0.00726931992975
0.00726320737717
0.00725760356943
0.00725261978092
0.00724836537826
0.00724494621498
0.00724246304913
0.00724101000968
0.00724067313713
0.00724152902251
0.00724364356774
0.00724707088829
0.00725185237718
0.00725801594682
0.00726557546239
0.00727453037793
0.00728486558253
0.00729655146134
0.00730954417222
0.00732378613547
0.00733920673052
0.00735572318986
0.00737324167693
0.00739165853122
0.00741086166103
0.00743073206091
0.00745114542867
0.00747197385442
0.00749308755278
0.00751435660792
0.00753565270111
0.00755685079011
0.00757783071113
0.00759847867516
0.00761868863297
0.00763836348576
0.0076574161218
0.00767577026316
0.00769336111106
0.00771013578243
0.00772605353515
0.00774108578391
0.00775521591292
0.00776843889607
0.00778076073876
0.0077921977591
0.00780277572878
0.00781252889626
0.0078214989163
0.00782973371086
0.00783728628651
0.00784421353317
0.00785057502813
0.00785643186754
0.00786184554624
0.0078668769039
0.00787158515358
0.00787602700576
0.00788025589822
0.00788432133971
0.00788826837203
0.0078921371532
0.00789596266155
0.0078997745185
0.00790359692574
0.00790744871084
0.00791134347383
0.00791528982592
0.00791929171079
0.00792334879783
0.00792745693651
0.00793160866054
0.00793579373034
0.00793999970257
0.00794421251553
0.00794841707957
0.00795259786221
0.00795673945813
0.00796082713495
0.00796484734643
0.00796878820557
0.00797263991095
0.00797639512075
0.0079800492698
0.00798360082614
0.00798705148463
0.00799040629633
0.00799367373353
0.0079968656912
0.00799999742702
0.00800308744287
0.00800615731173
0.0080092314548
0.00801233687412
0.00801550284675
0.0080187605869
0.00802214288242
0.00802568371248
0.0080294178526
0.00803338047347
0.00803760673891
0.00804213140827
0.00804698844735
0.00805221065135
0.00805782928244
0.00806387372346
0.00807037114854
0.00807734621041
0.00808482074349
0.00809281348114
0.00810133978485
0.00811041138311
0.00812003611707
0.00813021769072
0.00814095542312
0.00815224400117
0.00816407323164
0.00817642779272
0.00818928698587
0.00820262449047
0.00821640812488
0.00823059961914
0.008245154406
0.00826002143827
0.00827514304202
0.00829045481625
0.00830588559051
0.00832135745265
0.008336785859
0.00835207983921
0.00836714230687
0.00838187048621
0.00839615646284
0.00840988786423
0.00842294867274
0.00843522017038
0.00844658201071
0.00845691340942
0.00846609444086
0.00847400742388
0.0084805383769
0.00848557851877
0.00848902578998
0.00849078636697
0.00849077614209
0.00848892214222
0.00848516386075
0.00847945448006
0.00847176196547
0.00846207001514
0.00845037885545
0.00843670587541
0.00842108609853
0.00840357249417
0.00838423613368
0.00836316619931
0.00834046985458
0.00831627198542
0.00829071482026
0.00826395743525
0.00823617514781
0.00820755879832
0.0081783139155
0.00814865975723
0.00811882821441
0.00808906256253
0.00805961604335
0.00803075025818
0.00800273335524
0.00797583799638
0.00795033909356
0.00792651131245
0.00790462635012
0.00788495000496
0.0078677390696
0.00785323809163
0.00784167606003
0.00783326308886
0.00782818718048
0.0078266111589
0.00782866986869
0.00783446773449
0.00784407677143
0.0078575351262
0.00787484621337
0.00789597849194
0.00792086590383
0.00794940897154
0.00798147652638
0.00801690801482
0.00805551630886
0.00809709092907
0.0081414015764
0.0081882018621
0.008237233124
0.00828822822172
0.00834091521192
0.00839502081827
0.00845027362531
0.00850640694313
0.00856316130647
0.00862028658892
0.00867754372826
0.00873470607199
0.00879156036329
0.00884790739599
0.00890356237322
0.00895835500748
0.00901212940193
0.00906474375213
0.00911606990542
0.00916599281304
0.00921440990584
0.0092612304211
0.00930637470346
0.00934977349901
0.0093913672578
0.00943110545641
0.00946894594884
0.00950485435181
0.00953880346757
0.00957077274598
0.00960074778627
0.00962871987734
0.00965468557541
0.00967864631703
0.00970060806537
0.00972058098781
0.00973857916285
0.00975462031462
0.00976872557355
0.00978091926178
0.00979122870237
0.0097996840513
0.00980631815138
0.00981116640732
0.00981426668097
0.00981565920584
0.00981538651966
0.00981349341382
0.00981002689798
0.00980503617835
0.00979857264759
0.00979068988431
0.00978144366013
0.00977089195173
0.00975909495585
0.00974611510469
0.00973201707938
0.00971686781926
0.00970073652459
0.00968369465058
0.00966581589045
0.00964717614554
0.00962785348031
0.00960792806032
0.00958748207129
0.00956659961727
0.0095453665962
0.00952387055131
0.00950220049668
0.00948044671583
0.00945870053226
0.00943705405128
0.00941559987289
0.00939443077594
0.00937363937426
0.0093533177463
0.00933355704007
0.0093144470562
0.00929607581232
0.0092785290926
0.00926188998689
0.00924623842435
0.00923165070659
0.00921819904572
0.00920595111275
0.00919496960154
0.00918531181337
0.00917702926689
0.00917016733753
0.0091647649303
0.00916085418884
0.00915846024361
0.009157601001
0.00915828697515
0.00916052116362
0.00916429896796
0.00916960815999
0.00917642889469
0.00918473377072
0.00919448793957
0.00920564926489
0.00921816853347
0.00923198971978
0.00924705030585
0.00926328165827
0.00928060946401
0.00929895422593
0.0093182318183
0.00933835410162
0.00935922959463
0.0093807641997
0.0094028619765
0.00942542595626
0.00944835898754
0.00947156460213
0.00949494788802
0.00951841635485
0.00954188077579
0.00956525598952
0.0095884616451
0.00961142287346
0.00963407086979
0.00965634337297
0.00967818503003
0.00969954763676
0.00972039024809
0.00974067915573
0.00976038773394
0.00977949615764
0.00979799100094
0.00981586472679
0.00983311508182
0.00984974441219
0.00986575891843
0.0098811678683
0.00989598278721
0.0099102166459
0.00992388306447
0.00993699555081
0.00994956679023
0.00996160800105
0.00997312836916
0.00998413457209
0.00999463040116
0.0100046164874
0.010014090135
0.0100230452635
0.0100314724578
0.0100393591226
0.010046689736
0.0100534461965
0.010059608252
0.0100651540042
0.0100700604738
0.0100743042161
0.0100778619723
0.0100807113439
0.0100828314756
0.0100842037327
0.010084812359
0.0100846451034
0.0100836938013
0.0100819549017
0.0100794299289
0.010076125872
0.0100720554957
0.0100672375671
0.0100616969984
0.010055464902
0.0100485785614
0.0100410813198
0.0100330223906
0.0100244565958
0.0100154440377
0.0100060497127
0.00999634307328
0.00998639754708
0.00997629002006
0.00996610029186
0.00995591051018
0.00994580459067
0.00993586762825
0.00992618530497
0.00991684329873
0.00990792669651
0.0098995194151
0.00989170363172
0.00988455922637
0.0098781632375
0.00987258933218
0.009867907292
0.0098641825159
0.00986147554111
0.00985984158378
0.00985933010126
0.00985998437808
0.00986184113855
0.00986493018896
0.00986927409312
0.0098748878853
0.00988177882499
0.00988994619828
0.00989938117076
0.00991006669706
0.00992197749194
0.00993508006768
0.00994933284217
0.00996468632149
0.00998108336013
0.00999845950095
0.0100167433963
0.01003585731
0.0100557176996
0.0100762358757
0.0100973187349
0.0101188695608
0.0101407888867
0.0101629754122
0.0101853269628
0.0102077414849
0.0102301180623
0.0102523579429
0.0102743655628
0.0102960495548
0.0103173237253
0.0103381079898
0.0103583292494
0.0103779221986
0.0103968300487
0.0104150051586
0.0104324095598
0.010449015367
0.0104648050675
0.0104797716824
0.0104939187943
0.0105072604418
0.0105198208762
0.0105316341861
0.0105427437905
0.0105532018068
0.0105630683026
0.0105724104389
0.0105813015182
0.0105898199484
0.0105980481394
0.010606071347
0.0106139764805
0.0106218508933
0.0106297811733
0.0106378519509
0.0106461447446
0.0106547368585
0.0106637003509
0.010673101087
0.0106829978908
0.0106934418066
0.010704475481
0.010716132671
0.0107284378849
0.0107414061564
0.0107550429531
0.0107693442159
0.0107842965234
0.0107998773754
0.0108160555846
0.0108327917658
0.0108500389103
0.0108677430322
0.0108858438713
0.0109042756398
0.0109229677984
0.0109418458479
0.0109608321239
0.0109798465847
0.010998807581
0.0110176326
0.0110362389781
0.0110545445774
0.0110724684228
0.0110899312992
0.0111068563088
0.0111231693902
0.0111387998009
0.0111536805681
0.0111677489085
0.0111809466229
0.0111932204665
0.0112045224987
0.011214810412
0.011224047842
0.0112322046566
0.0112392572215
0.0112451886404
0.0112499889623
0.0112536553534
0.0112561922246
0.0112576113087
0.0112579316801
0.0112571797103
0.0112553889529
0.0112525999518
0.0112488599711
0.0112442226419
0.0112387475271
0.0112324996055
0.0112255486794
0.011217968711
0.0112098370971
0.0112012338905
0.0111922409819
0.0111829412541
0.0111734177236
0.0111637526843
0.0111540268695
0.0111443186459
0.0111347032558
0.0111252521202
0.0111160322154
0.0111071055346
0.0110985286418
0.0110903523271
0.0110826213663
0.0110753743872
0.0110686438448
0.0110624560996
0.0110568315988
0.0110517851506
0.0110473262851
0.0110434596927
0.0110401857263
0.0110375009585
0.0110353987787
0.0110338700162
0.0110329035786
0.0110324870883
0.0110326075069
0.0110332517332
0.0110344071637
0.0110360622045
0.0110382067249
0.0110408324439
0.0110439332429
0.0110475053975
0.0110515477253
0.0110560616439
0.0110610511393
0.0110665226425
0.0110724848144
0.011078948241
0.0110859250404
0.0110934283866
0.0111014719532
0.0111100692833
0.0111192330933
0.0111289745175
0.0111393023033
0.0111502219682
0.0111617349306
0.011173837627
0.0111865206326
0.0111997678
0.0112135554351
0.0112278515292
0.0112426150669
0.0112577954315
0.0112733319283
0.0112891534475
0.0113051782857
0.0113213141468
0.011337458336
0.0113534981629
0.0113693115626
0.0113847679403
0.011399729241
0.0114140512374
0.0114275850282
0.0114401787273
0.0114516793221
0.0114619346736
0.0114707956225
0.0114781181653
0.0114837656572
0.0114876109997
0.0114895387665
0.0114894472243
0.0114872502058
0.0114828787944
0.011476282786
0.0114674318976
0.0114563166981
0.0114429492448
0.0114273634143
0.0114096149248
0.0113897810539
0.0113679600595
0.0113442703219
0.011318849224
0.0112918517969
0.0112634491548
0.0112338267505
0.0112031824799
0.011171724666
0.0111396699529
0.0111072411363
0.01107466496
0.0110421699012
0.011009983969
0.0109783325369
0.0109474362286
0.0109175088739
0.0108887555515
0.0108613707337
0.0108355365453
0.0108114211518
0.0107891772887
0.010768940944
0.0107508302071
0.010734944295
0.0107213627678
0.010710144944
0.0107013295251
0.0106949344381
0.0106909569019
0.0106893737214
0.0106901418112
0.010693198945
0.0106984647263
0.0107058417701
0.0107152170804
0.010726463607
0.0107394419587
0.0107540022473
0.0107699860332
0.0107872283431
0.0108055597239
0.0108248083018
0.0108448018106
0.0108653695575
0.0108863442939
0.0109075639643
0.0109288733054
0.0109501252765
0.0109711823021
0.0109919173155
0.0110122145952
0.011031970391
0.0110510933431
0.0110695046984
0.0110871383356
0.0111039406136
0.0111198700572
0.0111348969029
0.0111490025226
0.0111621787483
0.0111744271216
0.0111857580877
0.0111961901581
0.0112057490608
0.0112144668985
0.0112223813305
0.0112295347935
0.011235973774
0.0112417481402
0.0112469105415
0.0112515158791
0.0112556208476
0.0112592835469
0.0112625631603
0.0112655196919
0.0112682137556
0.0112707064055
0.0112730589971
0.0112753330687
0.0112775902295
0.011279892045
0.0112822999072
0.0112848748811
0.0112876775193
0.0112907676364
0.0112942040412
0.0112980442216
0.0113023439844
0.011307157049
0.0113125346015
0.0113185248133
0.0113251723326
0.0113325177579
0.0113405971027
0.0113494412641
0.0113590755059
0.0113695189675
0.0113807842117
0.0113928768216
0.0114057950569
0.0114195295806
0.0114340632633
0.0114493710727
0.0114654200555
0.0114821694143
0.011499570685
0.0115175680153
0.0115360985448
0.0115550928863
0.0115744757069
0.0115941664031
0.0116140798681
0.0116341273426
0.0116542173428
0.0116742566564
0.0116941513946
0.0117138080898
0.0117331348226
0.011752042363
0.0117704453078
0.0117882631949
0.0118054215727
0.0118218530023
0.0118374979707
0.0118523056905
0.0118662347647
0.0118792536956
0.0118913412193
0.011902486451
0.0119126888312
0.0119219578658
0.0119303126621
0.0119377812669
0.0119443998181
0.0119502115304
0.0119552655379
0.0119596156234
0.0119633188659
0.0119664342417
0.0119690212142
0.0119711383478
0.0119728419781
0.0119741849705
0.0119752155918
0.0119759765176
0.0119765039925
0.0119768271546
0.0119769675329
0.011976938718
0.0119767462074
0.0119763874199
0.0119758518705
0.0119751214993
0.0119741711411
0.0119729691245
0.0119714779886
0.0119696553027
0.0119674545761
0.0119648262449
0.0119617187191
0.0119580794784
0.0119538561985
0.0119489978942
0.0119434560604
0.0119371857969
0.0119301468966
0.0119223048814
0.0119136319664
0.0119041079375
0.0118937209239
0.0118824680533
0.0118703559745
0.0118574012398
0.0118436305377
0.0118290807727
0.0118137989905
0.0117978421517
0.0117812767577
0.0117641783396
0.0117466308187
0.0117287257537
0.0117105614877
0.0116922422127
0.0116738769669
0.0116555785814
0.0116374625943
0.0116196461447
0.0116022468646
0.0115853817797
0.0115691662314
0.0115537128329
0.0115391304656
0.0115255233276
0.0115129900392
0.011501622813
0.0114915066945
0.0114827188778
0.0114753281021
0.0114693941317
0.0114649673253
0.0114620882969
0.0114607876719
0.0114610859413
0.0114629934157
0.0114665102801
0.0114716267521
0.0114783233396
0.0114865712005
0.0114963325978
0.0115075614486
0.0115202039598
0.0115341993433
0.0115494806026
0.0115659753786
0.0115836068443
0.0116022946327
0.0116219557843
0.0116425056981
0.0116638590683
0.0116859307905
0.0117086368197
0.0117318949649
0.0117556256031
0.0117797523013
0.0118042023344
0.0118289070906
0.0118538023598
0.0118788285046
0.0119039305143
0.0119290579503
0.0119541647922
0.0119792091967
0.0120041531875
0.012028962291
0.0120536051392
0.0120780530571
0.012102279654
0.0121262604359
0.0121499724533
0.0121733939979
0.0121965043564
0.0122192836296
0.0122417126188
0.0122637727803
0.0122854462466
0.0123067159092
0.0123275655565
0.0123479800604
0.0123679456014
0.0123874499243
0.0124064826137
0.0124250353804
0.0124431023485
0.0124606803334
0.0124777691024
0.0124943716079
0.0125104941849
0.0125261467048
0.0125413426776
0.0125560992949
0.0125704374078
0.0125843814333
0.0125979591856
0.0126112016284
0.0126241425462
0.0126368181363
0.0126492665214
0.0126615271903
0.0126736403705
0.0126856463446
0.0126975847206
0.0127094936706
0.0127214091534
0.0127333641391
0.012745387853
0.0127575050583
0.0127697353968
0.0127820928046
0.0127945850208
0.0128072132041
0.0128199716689
0.0128328477523
0.0128458218184
0.0128588674039
0.0128719515056
0.0128850350079
0.0128980732449
0.0129110166886
0.0129238117533
0.0129364017031
0.012948727649
0.0129607296172
0.0129723476743
0.0129835230885
0.012994199509
0.0130043241428
0.0130138489098
0.0130227315548
0.0130309366959
0.0130384367898
0.0130452129929
0.0130512558991
0.0130565661376
0.0130611548112
0.0130650437627
0.0130682656554
0.0130708638591
0.0130728921347
0.0130744141167
0.0130755025948
0.0130762386027
0.013076710327
0.013077011853
0.0130772417713
0.0130775016719
0.0130778945583
0.0130785232166
0.013079488576
0.0130808881017
0.0130828142552
0.0130853530626
0.0130885828204
0.0130925729723
0.0130973831773
0.0131030625891
0.0131096493553
0.0131171703411
0.0131256410714
0.0131350658815
0.013145438258
0.0131567413475
0.0131689486068
0.013182024563
0.013195925656
0.0132106011283
0.0132259939363
0.0132420416528
0.0132586773387
0.0132758303636
0.0132934271604
0.0133113919026
0.0133296471018
0.0133481141214
0.0133667136137
0.0133853658861
0.0134039912087
0.0134225100767
0.0134408434424
0.0134589129337
0.0134766410749
0.0134939515255
0.0135107693505
0.0135270213338
0.0135426363443
0.0135575457586
0.0135716839433
0.0135849887945
0.0135974023281
0.0136088713119
0.0136193479265
0.0136287904382
0.0136371638671
0.0136444406301
0.0136506011383
0.0136556343284
0.0136595381106
0.0136623197132
0.013663995911
0.0136645931258
0.0136641473902
0.0136627041717
0.0136603180573
0.0136570523017
0.0136529782489
0.0136481746361
0.0136427267961
0.0136367257735
0.0136302673723
0.0136234511544
0.0136163794081
0.013609156104
0.0136018858575
0.0135946729137
0.0135876201686
0.0135808282401
0.0135743945995
0.0135684127704
0.0135629716027
0.0135581546247
0.0135540394767
0.0135506974254
0.013548192959
0.0135465834615
0.0135459189626
0.0135462419602
0.0135475873114
0.0135499821892
0.0135534460989
0.0135579909522
0.013563621195
0.0135703339848
0.0135781194152
0.0135869607856
0.0135968349122
0.0136077124785
0.0136195584237
0.013632332366
0.0136459890579
0.013660478872
0.0136757483138
0.0136917405578
0.0137083960034
0.0137256528465
0.013743447663
0.0137617159971
0.0137803929523
0.0137994137776
0.0138187144445
0.0138382322092
0.013857906156
0.0138776777157
0.0138974911559
0.0139172940395
0.0139370376464
0.013956677359
0.0139761730052
0.0139954891617
0.0140145954124
0.0140334665645
0.0140520828195
0.0140704299001
0.0140884991326
0.0141062874849
0.0141237975591
0.01414103754
0.0141580210976
0.014174767244
0.0141913001442
0.0142076488788
0.0142238471594
0.0142399329951
0.0142559483096
0.0142719385087
0.014287951998
0.0143040396526
0.0143202542373
0.0143366497829
0.0143532809173
0.0143702021578
0.0143874671678
0.0144051279835
0.0144232342154
0.0144418322344
0.0144609643477
0.0144806679746
0.0145009748313
0.0145219101343
0.0145434918349
0.0145657298934
0.0145886256071
0.014612171004
0.0146363483135
0.014661129529
0.0146864760744
0.0147123385885
0.0147386568395
0.014765359784
0.0147923657807
0.0148195829713
0.0148469098371
0.0148742359387
0.0149014428425
0.0149284052352
0.0149549922222
0.0149810687994
0.0150064974868
0.0150311400991
0.0150548596282
0.0150775222029
0.0150989990854
0.0151191686593
0.0151379183607
0.0151551465001
0.0151707639239
0.0151846954661
0.0151968811451
0.0152072770687
0.0152158560174
0.0152226076901
0.0152275386062
0.0152306716729
0.0152320454376
0.015231713059
0.0152297410396
0.0152262077696
0.0152212019406
0.0152148208862
0.0152071689094
0.0151983556511
0.0151884945509
0.0151777014427
0.0151660933183
0.015153787285
0.0151408997311
0.0151275457044
0.015113838502
0.0150998894588
0.0150858079171
0.0150717013551
0.0150576756465
0.015043835422
0.0150302845002
0.0150171263569
0.0150044646007
0.0149924034236
0.0149810479988
0.014970504797
0.0149608817988
0.0149522885803
0.0149448362543
0.0149386372545
0.0149338049488
0.0149304530804
0.0149286950313
0.0149286429157
0.0149304065108
0.0149340920401
0.0149398008325
0.0149476278812
0.0149576603376
0.0149699759771
0.0149846416805
0.0150017119777
0.0150212277026
0.015043214811
0.0150676834111
0.0150946270536
0.0151240223261
0.0151558287868
0.0151899892667
0.0152264305578
0.015265064494
0.0153057894198
0.0153484920272
0.0153930495315
0.0154393321446
0.0154872057925
0.0155365350196
0.0155871860129
0.0156390296785
0.0156919447018
0.0157458205223
0.015800560162
0.0158560828484
0.0159123263823
0.0159692492084
0.0160268321545
0.0160850798154
0.0161440215635
0.0162037121775
0.0162642320859
0.0163256872276
0.0163882085363
0.0164519510596
0.0165170927244
0.0165838327617
0.0166523898082
0.0167229996975
0.0167959129592
0.0168713920414
0.0169497082747
0.0170311385965
0.0171159620556
0.0172044561203
0.0172968928157
0.0173935347177
0.0174946308375
0.0176004124323
0.0177110887834
0.0178268429863
0.0179478278029
0.0180741616285
0.0182059246302
0.0183431551172
0.0184858462034
0.018633942825
0.018787339176
0.0189458766218
0.0191093421492
0.0192774674076
0.0194499283888
0.0196263457889
0.0198062860855
0.0199892633541
0.0201747418392
0.0203621392829
0.0205508310003
0.0207401546813
0.0209294158819
0.0211178941574
0.0213048497736
0.0214895309205
0.0216711813408
0.0218490482709
0.0220223905836
0.0221904870116
0.0223526443224
0.0225082053116
0.0226565564751
0.0227971352251
0.0229294365127
0.0230530187293
0.0231675087665
0.0232726061263
0.0233680859907
0.0234538011769
0.023529682926
0.0235957404969
0.0236520595599
0.0236987994134
0.0237361890688
0.0237645222753
0.0237841515805
0.0237954815401
0.0237989612108
0.0237950760738
0.0237843395462
0.0237672842435
0.023744453161
0.0237163909358
0.0236836353506
0.0236467092256
0.0236061128383
0.0235623169936
0.0235157568495
0.0234668265908
0.0234158750189
0.0233632021136
0.0233090565991
0.0232536345323
0.0231970789113
0.0231394802885
0.0230808783526
0.0230212644329
0.0229605848625
0.0228987451245
0.0228356146931
0.0227710324696
0.0227048127041
0.0226367512838
0.0225666322626
0.022494234502
0.0224193382899
0.0223417318039
0.0222612172898
0.0221776168312
0.022090777595
0.0220005764517
0.0219069238841
0.0218097671145
0.0217090924046
0.0216049264993
0.0214973372116
0.0213864331654
0.0212723627348
0.0211553122389
0.021035503465
0.0209131906099
0.0207886567363
0.0206622098504
0.0205341787064
0.0204049084461
0.0202747561746
0.0201440865686
0.0200132676022
0.0198826664673
0.0197526457491
0.0196235599103
0.0194957521198
0.019369551453
0.0192452704778
0.0191232032326
0.0190036235894
0.018886783993
0.0187729145576
0.0186622224981
0.0185548918716
0.0184510836001
0.0183509357455
0.018254564007
0.018162062412
0.0180735041698
0.0179889426617
0.0179084125402
0.0178319309113
0.0177594985769
0.0176911013154
0.0176267111784
0.0175662877866
0.0175097796068
0.0174571251948
0.0174082543903
0.0173630894539
0.0173215461344
0.0172835346599
0.0172489606468
0.017217725923
0.0171897292627
0.0171648670344
0.0171430337617
0.0171241226023
0.0171080257488
0.0170946347573
0.0170838408112
0.0170755349279
0.0170696081168
0.0170659514961
0.0170644563792
0.0170650143368
0.0170675172455
0.0170718573282
0.0170779271958
0.0170856198951
0.0170948289702
0.0171054485405
0.0171173734012
0.0171304991489
0.0171447223338
0.017159940641
0.0171760531003
0.0171929603254
0.0172105647792
0.017228771065
0.0172474862394
0.0172666201429
0.0172860857456
0.0173057995005
0.0173256817009
0.0173456568351
0.0173656539326
0.0173856068954
0.0174054548084
0.0174251422224
0.0174446194049
0.0174638425529
0.0174827739623
0.0175013821519
0.0175196419368
0.0175375344499
0.01755504711
0.0175721735357
0.0175889134052
0.0176052722636
0.0176212612783
0.0176368969472
0.0176522007597
0.0176671988167
0.0176819214111
0.0176964025751
0.0177106795961
0.017724792508
0.0177387835602
0.0177526966704
0.0177665768649
0.0177804697108
0.0177944207453
0.0178084749068
0.0178226759715
0.017837066002
0.0178516848116
0.0178665694498
0.0178817537144
0.017897267696
0.0179131373588
0.0179293841642
0.017946024742
0.0179630706142
0.017980527975
0.0179983975322
0.0180166744119
0.0180353481301
0.0180544026311
0.0180738163945
0.0180935626083
0.018113609407
0.0181339201702
0.0181544538774
0.0181751655113
0.0181960065046
0.0182169252192
0.0182378674497
0.0182587769412
0.0182795959104
0.0183002655601
0.0183207265774
0.0183409196045
0.0183607856748
0.0183802666068
0.0183993053487
0.0184178462704
0.0184358353989
0.018453220598
0.0184699516914
0.0184859805333
0.0185012610303
0.0185157491213
0.0185294027212
0.0185421816379
0.0185540474714
0.0185649635031
0.0185748945859
0.0185838070436
0.0185916685878
0.0185984482615
0.0186041164136
0.0186086447128
0.0186120062037
0.018614175408
0.0186151284734
0.0186148433706
0.0186133001366
0.0186104811632
0.0186063715278
0.0186009593622
0.0185942362548
0.0185861976809
0.0185768434558
0.0185661782044
0.0185542118397
0.0185409600457
0.0185264447555
0.0185106946193
0.018493745454
0.0184756406668
0.0184564316463
0.0184361781115
0.0184149484108
0.0183928197628
0.0183698784296
0.0183462198126
0.0183219484622
0.0182971779911
0.0182720308826
0.0182466381837
0.0182211390764
0.0181956803178
0.0181704155462
0.0181455044464
0.0181211117747
0.0180974062452
0.0180745592795
0.0180527436308
0.0180321318912
0.0180128948988
0.017995200064
0.0179792096359
0.0179650789358
0.0179529545864
0.0179429727659
0.0179352575204
0.0179299191673
0.0179270528196
0.0179267370651
0.0179290328269
0.0179339824309
0.0179416089037
0.0179519155143
0.0179648855762
0.0179804825112
0.0179986501799
0.0180193134709
0.0180423791403
0.0180677368847
0.0180952606285
0.01812481
0.018156231971
0.0181893626268
0.0182240290376
0.0182600511962
0.0182972439898
0.0183354191723
0.018374387306
0.0184139596426
0.0184539499147
0.0184941760141
0.0185344615343
0.0185746371576
0.0186145418737
0.0186540240175
0.0186929421191
0.0187311655623
0.0187685750537
0.018805062905
0.0188405331369
0.0188749014165
0.0189080948414
0.0189400515879
0.0189707204406
0.0190000602257
0.0190280391672
0.0190546341895
0.0190798301866
0.0191036192801
0.0191260000845
0.0191469769999
0.0191665595457
0.0191847617506
0.0192016016103
0.0192171006179
0.0192312833756
0.0192441772874
0.0192558123316
0.0192662209107
0.0192754377712
0.0192834999855
0.0192904469845
0.0192963206313
0.0193011653203
0.0193050280917
0.0193079587452
0.019310009943
0.0193112372874
0.0193116993633
0.0193114577366
0.0193105768997
0.0193091241581
0.0193071694553
0.0193047851326
0.0193020456246
0.0192990270921
0.0192958069955
0.0192924636149
0.0192890755223
0.0192857210141
0.0192824775124
0.0192794209438
0.0192766251052
0.0192741610259
0.0192720963359
0.0192704946488
0.0192694149681
0.0192689111252
0.0192690312568
0.0192698173277
0.019271304706
0.0192735217953
0.0192764897301
0.0192802221368
0.0192847249655
0.0192899963946
0.019296026811
0.0193027988685
0.0193102876246
0.0193184607575
0.0193272788628
0.0193366958302
0.0193466592974
0.019357111181
0.0193679882784
0.019379222939
0.0193907437975
0.0194024765625
0.0194143448528
0.0194262710717
0.0194381773088
0.0194499862568
0.0194616221313
0.01947301158
0.0194840845659
0.0194947752116
0.01950502259
0.0195147714464
0.0195239728402
0.019532584694
0.0195405722387
0.0195479083467
0.0195545737469
0.0195605571163
0.0195658550464
0.0195704718864
0.0195744194642
0.0195777166929
0.0195803890692
0.0195824680753
0.0195839904941
0.0195849976544
0.0195855346176
0.0195856493239
0.0195853917134
0.0195848128386
0.0195839639844
0.0195828958116
0.0195816575388
0.0195802961765
0.0195788558254
0.0195773770511
0.019575896344
0.0195744456711
0.019573052127
0.019571737687
0.0195705190644
0.0195694076715
0.0195684096832
0.0195675261994
0.0195667534999
0.0195660833864
0.0195655036017
0.0195649983184
0.0195645486847
0.0195641334176
0.0195637294311
0.0195633124861
0.0195628578524
0.0195623409678
0.0195617380844
0.0195610268905
0.0195601870972
0.0195592009821
0.0195580538787
0.0195567346078
0.0195552358419
0.0195535544003
0.0195516914692
0.0195496527456
0.0195474485036
0.0195450935815
0.0195426072903
0.0195400132454
0.0195373391209
0.0195346163301
0.0195318796326
0.0195291666712
0.019526517441
0.0195239736937
0.0195215782796
0.019519374433
0.0195174050041
0.0195157116455
0.0195143339597
0.019513308619
0.0195126684684
0.0195124416279
0.0195126506119
0.019513311486
0.0195144330874
0.0195160163324
0.0195180536442
0.0195205285267
0.0195234153188
0.0195266791531
0.0195302761484
0.0195341538511
0.0195382519406
0.0195425031985
0.0195468347351
0.0195511694504
0.0195554276972
0.0195595291025
0.01956339449
0.0195669478428
0.0195701182364
0.0195728416757
0.0195750627669
0.0195767361682
0.0195778277669
0.019578315549
0.0195781901373
0.0195774549913
0.0195761262778
0.0195742324308
0.0195718134344
0.0195689198685
0.0195656117631
0.0195619573088
0.0195580314733
0.0195539145671
0.0195496908012
0.0195454468715
0.0195412705984
0.0195372496452
0.0195334703297
0.0195300165396
0.0195269687573
0.0195244031918
0.0195223910176
0.0195209977126
0.0195202824886
0.0195202978064
0.0195210889662
0.019522693766
0.0195251422214
0.0195284563398
0.0195326499469
0.019537728561
0.0195436893179
0.0195505209455
0.0195582037945
0.0195667099286
0.0195760032844
0.0195860399063
0.0195967682695
0.0196081296967
0.0196200588809
0.0196324845196
0.0196453300666
0.0196585146032
0.019671953828
0.0196855611567
0.0196992489226
0.0197129296575
0.0197265174315
0.0197399292222
0.0197530862803
0.0197659154542
0.0197783504357
0.0197903328872
0.0198018134148
0.0198127523525
0.0198231203331
0.0198328986231
0.0198420792131
0.0198506646615
0.019858667698
0.0198661106052
0.0198730244015
0.0198794478562
0.0198854263728
0.019891010778
0.0198962560543
0.0199012200556
0.019905962239
0.0199105424456
0.0199150197561
0.0199194514425
0.0199238920332
0.0199283925016
0.0199329995846
0.0199377552339
0.0199426961971
0.0199478537255
0.0199532533998
0.019958915066
0.0199648528712
0.0199710753875
0.0199775858132
0.0199843822396
0.0199914579703
0.0199988018837
0.0200063988258
0.0200142300229
0.0200222735057
0.0200305045324
0.0200388960059
0.0200474188746
0.020056042512
0.0200647350689
0.0200734637945
0.0200821953233
0.0200908959272
0.0200995317311
0.0201080688959
0.0201164737686
0.0201247130062
0.0201327536762
0.0201405633414
0.020148110133
0.0201553628217
0.0201622908915
0.0201688646238
0.0201750551985
0.0201808348161
0.0201861768477
0.0201910560133
0.0201954485922
0.0201993326648
0.0202026883834
0.0202054982697
0.0202077475328
0.0202094243996
0.0202105204511
0.0202110309514
0.0202109551598
0.0202102966135
0.0202090633667
0.0202072681758
0.0202049286161
0.0202020671218
0.020198710937
0.0201948919739
0.020190646571
0.0201860151522
0.0201810417873
0.02017577366
0.0201702604525
0.0201645536584
0.0201587058391
0.020152769842
0.0201467979981
0.0201408413214
0.0201349487291
0.0201291663039
0.020123536616
0.0201180981224
0.020112884657
0.0201079250225
0.0201032426916
0.0200988556211
0.0200947761794
0.0200910111838
0.0200875620422
0.0200844249901
0.0200815914114
0.0200790482321
0.0200767783712
0.0200747612374
0.0200729732557
0.0200713884114
0.0200699787985
0.0200687151619
0.0200675674216
0.0200665051717
0.0200654981459
0.0200645166454
0.0200635319221
0.0200625165181
0.0200614445564
0.020060291985
0.0200590367736
0.0200576590645
0.0200561412809
0.0200544681935
0.0200526269507
0.0200506070731
0.0200484004192
0.0200460011227
0.0200434055075
0.0200406119826
0.0200376209214
0.0200344345281
0.0200310566938
