0.00567237240472
0.00568769931909
0.00570269458038
0.00571733372177
0.00573159296436
0.00574544944741
0.00575888147192
0.00577186875585
0.00578439269893
0.00579643665444
0.00580798620505
0.00581902943918
0.00582955722408
0.00583956347116
0.00584904538905
0.00585800371924
0.00586644294892
0.00587437149578
0.00588180185894
0.00588875073064
0.00589523906336
0.00590129208721
0.00590693927317
0.00591221423811
0.00591715458851
0.00592180170059
0.00592620043573
0.00593039879127
0.00593444748783
0.00593839949623
0.00594230950788
0.00594623335444
0.00595022738374
0.00595434780033
0.00595864998035
0.00596318777143
0.0059680127891
0.00597317372213
0.00597871565934
0.00598467945062
0.00599110111473
0.00599801130586
0.00600543485011
0.00601339036203
0.00602188994973
0.00603093901557
0.00604053615767
0.00605067317512
0.00606133517804
0.00607250080132
0.00608414251848
0.00609622705062
0.00610871586283
0.00612156573916
0.00613472942563
0.00614815632943
0.0061617932617
0.0061755852106
0.00618947613118
0.00620340973858
0.00621733029149
0.00623118335348
0.00624491652065
0.00625848010526
0.00627182776623
0.00628491707876
0.00629771003686
0.00631017348405
0.00632227946884
0.00633400552315
0.00634533486298
0.00635625651194
0.00636676534916
0.00637686208409
0.00638655316134
0.00639585059936
0.0064047717671
0.00641333910335
0.00642157978316
0.00642952533661
0.00643721122449
0.00644467637607
0.0064519626938
0.00645911452992
0.00646617813998
0.00647320111817
0.00648023181972
0.00648731877531
0.00649451010296
0.00650185292266
0.00650939277951
0.00651717308087
0.00652523455352
0.00653361472666
0.00654234744678
0.00655146243022
0.00656098485939
0.0065709350281
0.00658132804139
0.00659217357475
0.00660347569697
0.00661523276052
0.00662743736221
0.0066400763765
0.00665313106246
0.00666657724464
0.00668038556699
0.00669452181787
0.00670894732289
0.00672361940146
0.00673849188164
0.00675351566671
0.00676863934627
0.00678380984319
0.00679897308747
0.00681407470713
0.00682906072574
0.00684387825601
0.00685847617874
0.00687280579627
0.00688682145023
0.00690048109363
0.00691374680815
0.00692658525844
0.00693896807636
0.00695087216934
0.00696227994844
0.00697317947342
0.00698356451334
0.0069934345233
0.00700279453915
0.0070116549938
0.00702003146004
0.00702794432621
0.0070354184121
0.00704248253348
0.00704916902426
0.00705551322577
0.00706155295302
0.00706732794739
0.00707287932545
0.00707824903263
0.00708347931018
0.00708861218268
0.00709368897272
0.00709874984809
0.00710383340563
0.00710897629507
0.00711421288474
0.00711957497014
0.00712509152523
0.0071307884956
0.00713668863171
0.00714281135994
0.00714917268851
0.00715578514526
0.00716265774387
0.00716979597517
0.00717720182033
0.00718487378286
0.00719280693666
0.00720099298789
0.00720942034869
0.00721807422155
0.00722693669329
0.00723598683849
0.0072452008325
0.00725455207454
0.00726401132209
0.00727354683766
0.00728312454977
0.00729270822955
0.00730225968502
0.0073117389745
0.00732110464093
0.00733031396827
0.00733932326108
0.00734808814784
0.00735656390811
0.00736470582307
0.00737246954852
0.0073798115085
0.00738668930745
0.00739306215771
0.00739889131897
0.00740414054528
0.00740877653499
0.00741276937806
0.00741609299527
0.00741872556301
0.00742064991735
0.0074218539309
0.00742233085598
0.00742207962766
0.0074211051207
0.00741941835453
0.00741703664143
0.00741398367326
0.00741028954345
0.00740599070143
0.00740112983827
0.0073957557029
0.00738992285001
0.00738369132146
0.00737712626465
0.00737029749216
0.00736327898818
0.00735614836825
0.00734898629952
0.00734187588945
0.00733490205135
0.00732815085541
0.00732170887376
0.00731566252816
0.00731009744825
0.00730509784805
0.00730074592732
0.00729712130383
0.00729430048128
0.00729235635698
0.00729135777191
0.00729136910502
0.0072924499124
0.00729465461117
0.00729803220696
0.00730262606322
0.00730847370988
0.00731560668873
0.00732405043233
0.00733382417335
0.0073449408813
0.0073574072236
0.00737122354864
0.0073863838886
0.00740287598038
0.00742068130382
0.00743977513656
0.00746012662611
0.00748169887957
0.00750444907271
0.00752832858021
0.00755328312913
0.00757925297844
0.00760617312703
0.00763397355309
0.00766257948725
0.00769191172194
0.00772188695853
0.00775241819391
0.00778341514674
0.00781478472337
0.00784643152234
0.00787825837531
0.00791016692151
0.00794205821159
0.00797383333599
0.00800539407166
0.00803664354063
0.00806748687256
0.00809783186331
0.00812758962079
0.00815667518909
0.008185008142
0.0082125131368
0.00823912041984
0.00826476627587
0.00828939341365
0.0083129512817
0.00833539630887
0.00835669206591
0.00837680934563
0.0083957261608
0.00841342766061
0.00842990596806
0.00844515994241
0.00845919487234
0.00847202210677
0.00848365863188
0.00849412660353
0.00850345284559
0.00851166832482
0.00851880761351
0.00852490835092
0.00853001071437
0.00853415691002
0.00853739069259
0.00853975692219
0.00854130116489
0.00854206934221
0.00854210743309
0.0085414612301
0.00854017614985
0.00853829709609
0.00853586837199
0.00853293363704
0.00852953590241
0.00852571755786
0.00852152042205
0.00851698580831
0.00851215459701
0.00850706730619
0.0085017641526
0.00849628509552
0.0084906698572
0.00848495791466
0.00847918845881
0.00847340031871
0.00846763184983
0.0084619207873
0.0084563040661
0.00845081761206
0.00844549610845
0.00844037274448
0.00843547895224
0.00843084414007
0.00842649542975
0.00842245740573
0.00841875188374
0.00841539770593
0.00841241056867
0.0084098028882
0.00840758370796
0.00840575865028
0.00840432991332
0.00840329631303
0.00840265336811
0.00840239342479
0.00840250581683
0.00840297705526
0.00840379104117
0.00840492929452
0.00840637119142
0.00840809420212
0.00841007412225
0.0084122852901
0.00841470078344
0.00841729259026
0.00842003174894
0.00842288845433
0.00842583212816
0.00842883145296
0.00843185437089
0.00843486804993
0.00843783882165
0.00844073209612
0.00844351226075
0.00844614257106
0.00844858504226
0.00845080035084
0.0084527477563
0.00845438505239
0.00845566855753
0.00845655315302
0.00845699237697
0.00845693858017
0.0084563431493
0.00845515680055
0.00845332994533
0.00845081312796
0.00844755753332
0.00844351556088
0.00843864146026
0.00843289202197
0.00842622731643
0.00841861147317
0.00841001349219
0.00840040807873
0.00838977649291
0.0083781074051
0.00836539774833
0.00835165355791
0.00833689078853
0.00832113609776
0.00830442758357
0.00828681546223
0.00826836267034
0.00824914537291
0.00822925335685
0.00820879028664
0.00818787379708
0.00816663539624
0.0081452201509
0.00812378612731
0.00810250356183
0.00808155373963
0.00806112756538
0.00804142381736
0.00802264708639
0.00800500541277
0.00798870764741
0.00797396057789
0.00796096587432
0.00794991692378
0.00794099563388
0.00793436929541
0.00793018759929
0.00792857990416
0.00792965284705
0.00793348838048
0.00794014230548
0.00794964335222
0.00796199283865
0.00797716491518
0.00799510737982
0.00801574302651
0.00803897147008
0.00806467137506
0.00809270300471
0.00812291099952
0.0081551272932
0.00818917407652
0.00822486672612
0.0082620166249
0.00830043381249
0.0083399294168
0.0083803178312
0.00842141861423
0.00846305810049
0.00850507072161
0.00854730004443
0.00858959954053
0.00863183310558
0.00867387535102
0.00871561169162
0.00875693825377
0.00879776162872
0.00883799849416
0.00887757512618
0.00891642682191
0.00895449725152
0.00899173775643
0.00902810660916
0.00906356824892
0.00909809250554
0.00913165382407
0.00916423050095
0.00919580394273
0.00922635795735
0.00925587808814
0.00928435099991
0.00931176392649
0.00933810418826
0.00936335878784
0.0093875140911
0.00941055559968
0.00943246782002
0.00945323423221
0.00947283736053
0.00949125894538
0.00950848021452
0.00952448224923
0.00953924643884
0.00955275501504
0.00956499165527
0.00957594214263
0.00958559506797
0.0095939425588
0.00960098101824
0.00960671185692
0.0096111422002
0.00961428555355
0.00961616240917
0.00961680077801
0.00961623663261
0.00961451424753
0.00961168642623
0.00960781460485
0.00960296882581
0.00959722757604
0.00959067748707
0.0095834128964
0.00957553527184
0.00956715250253
0.00955837806287
0.00954933005722
0.00954013015559
0.00953090243237
0.009521772122
0.00951286430719
0.00950430255703
0.00949620753378
0.00948869558821
0.00948187736467
0.00947585643743
0.00947072800046
0.00946657763258
0.00946348015941
0.00946149863271
0.00946068344588
0.00946107160289
0.00946268615505
0.00946553581734
0.00946961477309
0.00947490267193
0.00948136482265
0.00948895257898
0.00949760391265
0.00950724416471
0.00951778696313
0.00952913529173
0.00954118269345
0.00955381458867
0.00956690968834
0.00958034148044
0.00959397976772
0.009607692235
0.009621346024
0.00963480929468
0.00964795275273
0.00966065112378
0.0096727845562
0.00968423993572
0.00969491209622
0.00970470491299
0.00971353226595
0.00972131886244
0.00972800091075
0.0097335266379
0.00973785664704
0.00974096411245
0.00974283481248
0.00974346700341
0.00974287113989
0.00974106945024
0.00973809537767
0.00973399290074
0.00972881574875
0.00972262652943
0.00971549578797
0.00970750101714
0.00969872563869
0.009689257976
0.00967919023722
0.00966861752653
0.00965763689954
0.00964634647632
0.00963484462308
0.00962322921035
0.0096115969529
0.00960004283338
0.00958865960884
0.00957753739685
0.00956676333545
0.00955642130935
0.00954659173324
0.00953735138228
0.00952877325899
0.00952092648611
0.00951387621503
0.00950768354053
0.00950240541352
0.00949809454514
0.0094947992972
0.00949256355585
0.00949142658741
0.00949142287735
0.00949258195509
0.00949492820957
0.00949848070163
0.00950325298104
0.0095092529166
0.00951648254878
0.00952493797416
0.00953460927105
0.00954548047473
0.00955752960985
0.00957072878593
0.00958504436024
0.00960043717005
0.00961686283423
0.00963427212173
0.00965261138235
0.0096718230328
0.00969184608956
0.009712616738
0.00973406892653
0.00975613497338
0.00977874617362
0.00980183339425
0.00982532764564
0.00984916061897
0.00987326518053
0.00989757581564
0.00992202901675
0.00994656361234
0.00997112103523
0.00999564553101
0.0100200843089
0.0100443876394
0.0100685089034
0.0100924046004
0.0101160343221
0.0101393606991
0.0101623493297
0.0101849686961
0.0102071900778
0.0102289874664
0.0102503374887
0.0102712193413
0.0102916147414
0.0103115078938
0.0103308854762
0.010349736641
0.0103680530324
0.0103858288147
0.0104030607082
0.0104197480282
0.0104358927198
0.0104514993851
0.0104665752943
0.0104811303759
0.0104951771812
0.0105087308164
0.0105218088402
0.0105344311221
0.0105466196617
0.0105583983664
0.0105697927906
0.0105808298369
0.0105915374239
0.0106019441264
0.0106120787912
0.0106219701397
0.0106316463601
0.0106411347019
0.0106504610774
0.0106596496809
0.0106687226317
0.0106776996501
0.0106865977717
0.0106954311059
0.0107042106445
0.0107129441228
0.0107216359352
0.0107302871079
0.0107388953274
0.0107474550236
0.0107559575054
0.0107643911449
0.0107727416067
0.0107809921163
0.010789123762
0.0107971158257
0.0108049461337
0.0108125914233
0.0108200277176
0.0108272307021
0.0108341760983
0.0108408400263
0.0108471993545
0.0108532320284
0.0108589173777
0.0108642363957
0.0108691719908
0.0108737092058
0.0108778354055
0.0108815404318
0.0108848167239
0.0108876594078
0.0108900663521
0.0108920381938
0.0108935783346
0.0108946929087
0.0108953907257
0.0108956831887
0.0108955841898
0.0108951099862
0.0108942790567
0.0108931119418
0.0108916310688
0.0108898605625
0.0108878260444
0.0108855544212
0.0108830736631
0.0108804125749
0.0108776005607
0.0108746673827
0.0108716429172
0.0108685569084
0.0108654387218
0.0108623170993
0.0108592199183
0.0108561739555
0.0108532046587
0.0108503359291
0.0108475899142
0.0108449868163
0.0108425447165
0.0108402794182
0.0108382043101
0.0108363302532
0.0108346654915
0.0108332155888
0.010831983394
0.0108309690346
0.0108301699404
0.0108295808981
0.0108291941365
0.0108289994435
0.0108289843141
0.0108291341277
0.0108294323565
0.0108298607997
0.0108303998454
0.010831028755
0.0108317259692
0.010832469431
0.0108332369231
0.0108340064157
0.0108347564189
0.0108354663375
0.0108361168209
0.0108366901047
0.0108371703378
0.0108375438916
0.010837799644
0.0108379292353
0.0108379272916
0.0108377916102
0.010837523306
0.0108371269134
0.0108366104442
0.0108359853985
0.010835266728
0.0108344727532
0.0108336250341
0.0108327481965
0.0108318697173
0.0108310196705
0.0108302304386
0.0108295363938
0.0108289735525
0.0108285792094
0.0108283915555
0.0108284492852
0.0108287911983
0.0108294558008
0.0108304809099
0.0108319032679
0.0108337581677
0.0108360790942
0.0108388973839
0.010842241906
0.0108461387646
0.0108506110246
0.0108556784619
0.0108613573355
0.0108676601841
0.0108745956431
0.0108821682822
0.0108903784618
0.0108992222056
0.0109086910879
0.0109187721335
0.0109294477297
0.0109406955462
0.0109524884657
0.0109647945212
0.0109775768425
0.0109907936117
0.0110043980291
0.011018338293
0.0110325575951
0.0110469941365
0.011061581169
0.0110762470662
0.0110909154317
0.0111055052503
0.0111199310882
0.0111341033501
0.011147928599
0.011161309944
0.0111741475026
0.0111863389402
0.0111977800899
0.0112083656526
0.0112179899777
0.0112265479193
0.0112339357624
0.0112400522129
0.0112447994379
0.0112480841467
0.0112498186956
0.0112499222018
0.0112483216486
0.011244952963
0.011239762049
0.0112327057566
0.0112237527708
0.0112128844034
0.0112000952747
0.0111853938726
0.0111688029794
0.0111503599586
0.0111301168998
0.0111081406162
0.0110845124987
0.0110593282272
0.0110326973441
0.011004742697
0.0109755997568
0.0109454158198
0.0109143491022
0.0108825677365
0.0108502486772
0.0108175765247
0.010784742277
0.0107519420139
0.0107193755246
0.0106872448828
0.0106557529787
0.0106251020129
0.0105954919625
0.0105671190245
0.0105401740472
0.0105148409595
0.0104912952083
0.010469702218
0.0104502158841
0.0104329771185
0.0104181124624
0.0104057327845
0.0103959320841
0.0103887864193
0.010384352979
0.0103826693186
0.0103837527791
0.0103876001041
0.0103941872718
0.010403469553
0.010415381803
0.0104298389923
0.0104467369773
0.0104659535043
0.0104873494392
0.0105107702088
0.010536047434
0.0105630007329
0.0105914396673
0.0106211658026
0.0106519748496
0.0106836588545
0.0107160084031
0.0107488148065
0.0107818722328
0.0108149797575
0.0108479433007
0.0108805774276
0.01091270699
0.0109441685884
0.0109748118438
0.0110045004643
0.0110331131031
0.0110605440022
0.0110867034244
0.0111115178746
0.0111349301184
0.0111568990063
0.0111773991136
0.0111964202109
0.0112139665769
0.0112300561717
0.0112447196857
0.0112579994821
0.011269948452
0.0112806287991
0.0112901107741
0.0112984713767
0.0113057930446
0.0113121623471
0.0113176687007
0.0113224031246
0.0113264570509
0.0113299212037
0.0113328845618
0.0113354334142
0.0113376505185
0.0113396143703
0.0113413985869
0.0113430714088
0.0113446953194
0.0113463267799
0.0113480160754
0.0113498072653
0.0113517382299
0.0113538408019
0.0113561409724
0.0113586591573
0.0113614105122
0.0113644052812
0.0113676491669
0.0113711437086
0.0113748866566
0.0113788723328
0.011383091968
0.0113875340083
0.0113921843866
0.0113970267545
0.0114020426744
0.0114072117717
0.011412511851
0.0114179189798
0.0114234075456
0.0114289502953
0.0114345183639
0.0114400813021
0.0114456071138
0.0114510623115
0.0114564120011
0.011461620005
0.0114666490317
0.0114714608994
0.0114760168212
0.0114802777532
0.0114842048115
0.0114877597555
0.0114909055361
0.0114936069038
0.0114958310691
0.0114975484031
0.0114987331666
0.0114993642501
0.011499425907
0.0114989084584
0.0114978089496
0.0114961317337
0.0114938889623
0.0114911009608
0.0114877964701
0.0114840127391
0.0114797954559
0.0114751985105
0.0114702835878
0.0114651195925
0.0114597819168
0.011454351563
0.0114489141397
0.0114435587526
0.0114383768155
0.0114334608039
0.0114289029798
0.0114247941091
0.0114212221962
0.0114182712542
0.0114160201271
0.0114145413784
0.0114139002538
0.0114141537263
0.0114153496275
0.0114175258662
0.0114207097381
0.0114249173249
0.0114301529856
0.0114364089431
0.0114436649689
0.0114518881723
0.0114610329036
0.0114710407795
0.0114818408425
0.0114933498687
0.0115054728341
0.0115181035526
0.0115311254965
0.011544412805
0.011557831486
0.011571240807
0.0115844948707
0.0115974443581
0.0116099384212
0.0116218266966
0.011632961408
0.0116431995171
0.0116524048828
0.0116604503803
0.0116672199364
0.0116726104326
0.0116765334344
0.0116789167067
0.0116797054818
0.0116788634536
0.0116763734776
0.0116722379672
0.0116664789819
0.0116591380127
0.0116502754765
0.0116399699377
0.0116283170805
0.0116154284586
0.0116014300531
0.0115864606701
0.0115706702099
0.0115542178394
0.0115372700993
0.0115199989729
0.0115025799448
0.0114851900714
0.0114680060858
0.0114512025537
0.0114349500973
0.0114194136998
0.0114047511009
0.0113911112924
0.0113786331222
0.0113674440107
0.0113576587867
0.0113493786462
0.0113426902385
0.0113376648852
0.0113343579361
0.0113328082697
0.0113330379432
0.0113350520034
0.0113388384657
0.0113443684737
0.0113515966502
0.0113604616518
0.0113708869387
0.0113827817683
0.0113960424204
0.0114105536553
0.0114261904024
0.0114428196667
0.0114603026357
0.0114784969557
0.0114972591403
0.0115164470604
0.01153592246
0.0115555534322
0.0115752167868
0.0115948002415
0.0116142043672
0.0116333442288
0.0116521506718
0.0116705712153
0.0116885705328
0.0117061305145
0.011723249924
0.0117399436762
0.0117562417785
0.0117721879863
0.0117878382303
0.011803258878
0.0118185248898
0.0118337179274
0.0118489244652
0.0118642339496
0.01187973704
0.0118955239579
0.0119116829614
0.0119282989545
0.0119454522345
0.0119632173747
0.011981662238
0.0120008471124
0.0120208239594
0.0120416357687
0.0120633160096
0.0120858881748
0.0121093654133
0.0121337502502
0.0121590343964
0.0121851986492
0.0122122128907
0.0122400361881
0.0122686170036
0.0122978935186
0.0123277940778
0.0123582377559
0.0123891350483
0.0124203886833
0.0124518945506
0.0124835427367
0.0125152186572
0.0125468042667
0.0125781793318
0.0126092227439
0.0126398138499
0.0126698337784
0.0126991667377
0.0127277012639
0.0127553313989
0.0127819577802
0.0128074886302
0.0128318406321
0.0128549396878
0.0128767215533
0.0128971323547
0.0129161289881
0.0129336794098
0.0129497628291
0.0129643698111
0.0129775023048
0.0129891736046
0.0129994082591
0.0130082419348
0.0130157212426
0.013021903532
0.013026856656
0.0130306587045
0.0130333977043
0.0130351712776
0.0130360862508
0.0130362582015
0.0130358109311
0.0130348758481
0.0130335912478
0.0130321014742
0.0130305559516
0.0130291080756
0.0130279139588
0.0130271310269
0.0130269164718
0.013027425571
0.0130288098921
0.0130312154067
0.0130347805466
0.0130396342434
0.0130458939954
0.0130536640139
0.013063033502
0.0130740751202
0.0130868436912
0.0131013751924
0.0131176860776
0.0131357729586
0.013155612669
0.0131771627163
0.0132003621175
0.013225132598
0.0132513801218
0.0132789967086
0.0133078624856
0.0133378479117
0.0133688161129
0.0134006252602
0.0134331309298
0.0134661883834
0.013499654716
0.0135333908276
0.0135672631792
0.0136011453085
0.0136349190865
0.0136684757061
0.0137017164021
0.0137345529094
0.0137669076717
0.0137987138176
0.0138299149264
0.0138604646061
0.0138903259089
0.0139194706114
0.0139478783847
0.0139755358808
0.0140024357608
0.0140285756881
0.0140539573106
0.0140785852526
0.0141024661364
0.0141256076522
0.0141480176918
0.0141697035626
0.0141906712919
0.0142109250342
0.0142304665895
0.0142492950371
0.0142674064909
0.0142847939755
0.0143014474236
0.0143173537898
0.0143324972761
0.0143468596607
0.0143604207202
0.0143731587343
0.0143850510589
0.0143960747548
0.0144062072563
0.0144154270648
0.0144237144513
0.0144310521541
0.0144374260546
0.0144428258193
0.0144472454943
0.0144506840394
0.0144531457931
0.0144546408584
0.0144551854014
0.0144548018588
0.014453519048
0.0144513721785
0.0144484027634
0.0144446584317
0.0144401926436
0.014435064312
0.0144293373362
0.0144230800531
0.0144163646131
0.0144092662901
0.0144018627341
0.0143942331757
0.0143864575941
0.0143786158595
0.0143707868601
0.0143630476265
0.0143554724638
0.0143481321043
0.0143410928901
0.0143344159986
0.0143281567196
0.0143223637953
0.0143170788312
0.0143123357876
0.0143081605588
0.0143045706465
0.0143015749342
0.0142991735661
0.0142973579345
0.0142961107785
0.0142954063945
0.0142952109577
0.0142954829541
0.0142961737191
0.0142972280777
0.0142985850813
0.0143001788326
0.0143019393899
0.0143037937405
0.0143056668305
0.0143074826394
0.0143091652839
0.0143106401351
0.0143118349356
0.0143126808964
0.0143131137591
0.0143130748051
0.0143125117958
0.0143113798273
0.0143096420844
0.0143072704819
0.0143042461798
0.0143005599631
0.0142962124812
0.0142912143393
0.0142855860435
0.0142793577994
0.0142725691692
0.0142652685956
0.0142575128018
0.0142493660822
0.0142408994964
0.0142321899863
0.0142233194319
0.0142143736662
0.0142054414679
0.0141966135499
0.0141879815632
0.0141796371307
0.0141716709275
0.0141641718194
0.0141572260707
0.0141509166282
0.0141453224874
0.0141405181434
0.014136573126
0.0141335516164
0.0141315121413
0.0141305073377
0.0141305837799
0.0141317818591
0.0141341357061
0.0141376731465
0.0141424156773
0.0141483784562
0.0141555702946
0.0141639936467
0.0141736445907
0.0141845127974
0.0141965814876
0.0142098273791
0.0142242206293
0.0142397247797
0.0142562967135
0.0142738866376
0.0142924381019
0.0143118880714
0.0143321670635
0.0143531993652
0.0143749033411
0.014397191841
0.014419972713
0.0144431494243
0.0144666217866
0.0144902867799
0.0145140394634
0.014537773959
0.0145613844906
0.0145847664569
0.0146078175187
0.0146304386779
0.0146525353272
0.0146740182517
0.0146948045648
0.0147148185649
0.0147339925016
0.0147522672444
0.014769592849
0.0147859290216
0.0148012454809
0.0148155222236
0.0148287496966
0.0148409288836
0.0148520713124
0.0148621989891
0.0148713442655
0.0148795496442
0.0148868675259
0.0148933599006
0.0148990979838
0.0149041617971
0.0149086396913
0.0149126278094
0.0149162294857
0.0149195545755
0.0149227187144
0.0149258425003
0.0149290505984
0.0149324707673
0.0149362328081
0.0149404674417
0.0149453051207
0.0149508747896
0.0149573026068
0.014964710649
0.0149732156207
0.0149829275964
0.0149939488236
0.0150063726193
0.0150202823916
0.0150357508172
0.0150528392062
0.0150715970783
0.0150920619729
0.0151142595085
0.0151382036983
0.0151638975229
0.0151913337526
0.0152204960022
0.0152513599956
0.0152838950098
0.0153180654623
0.015353832603
0.0153911562683
0.0154299966544
0.0154703160696
0.0155120806231
0.0155552618178
0.0155998380121
0.0156457957256
0.0156931307653
0.0157418491562
0.015791967865
0.0158435153063
0.0158965316306
0.0159510687911
0.0160071903923
0.016064971323
0.0161244971798
0.0161858634864
0.0162491747166
0.0163145431265
0.0163820874067
0.0164519311599
0.0165242012156
0.0165990257919
0.0166765325147
0.0167568463108
0.0168400871875
0.0169263679193
0.0170157916613
0.0171084495134
0.0172044180622
0.0173037569303
0.0174065063658
0.0175126849073
0.0176222871622
0.0177352817371
0.0178516093613
0.0179711812445
0.018093877708
0.0182195471301
0.0183480052414
0.0184790348047
0.018612385709
0.0187477755035
0.0188848903896
0.0190233866856
0.0191628927695
0.0193030114978
0.019443323092
0.019583388475
0.0197227530302
0.0198609507493
0.0199975087255
0.0201319519406
0.0202638082856
0.0203926137487
0.0205179176966
0.0206392881697
0.0207563171058
0.0208686254067
0.0209758677559
0.0210777370988
0.0211739686984
0.0212643436803
0.0213486919923
0.0214268947059
0.0214988856034
0.021564652002
0.0216242347834
0.0216777276105
0.0217252753324
0.0217670715915
0.021803355668
0.0218344086098
0.0218605487126
0.0218821264285
0.021899518793
0.0219131234674
0.0219233525038
0.0219306259396
0.0219353653328
0.0219379873448
0.0219388974757
0.0219384840499
0.021937112543
0.0219351203304
0.0219328119304
0.0219304548029
0.0219282757546
0.0219264579919
0.0219251388529
0.0219244082402
0.0219243077673
0.0219248306243
0.0219259221582
0.0219274811594
0.0219293618333
0.0219313764324
0.0219332985148
0.0219348667856
0.0219357894708
0.0219357491632
0.0219344080718
0.0219314135955
0.0219264041358
0.021919015055
0.0219088846782
0.0218956602378
0.0218790036522
0.0218585970357
0.0218341478368
0.0218053935117
0.0217721056477
0.021734093464
0.0216912066348
0.0216433373924
0.02159042189
0.0215324408208
0.0214694193084
0.021401426102
0.0213285721235
0.0212510084305
0.0211689236666
0.0210825410794
0.0209921151922
0.0208979282165
0.0208002862893
0.020699515618
0.0205959586092
0.0204899700485
0.0203819133909
0.0202721572124
0.0201610718621
0.0200490263461
0.0199363854642
0.0198235072134
0.0197107404631
0.0195984229034
0.0194868792595
0.0193764197642
0.0192673388752
0.0191599142245
0.0190544057827
0.0189510552244
0.018850085477
0.0187517004402
0.0186560848592
0.01856340434
0.0184738054936
0.0183874161963
0.0183043459573
0.0182246863809
0.0181485117143
0.0180758794722
0.0180068311267
0.0179413928543
0.01787957633
0.0178213795594
0.0177667877379
0.0177157741285
0.0176683009481
0.0176243202531
0.0175837748149
0.0175465989772
0.0175127194873
0.0174820562934
0.0174545233025
0.0174300290929
0.0174084775776
0.0173897686149
0.0173737985639
0.017360460785
0.0173496460843
0.0173412431047
0.0173351386645
0.0173312180488
0.0173293652568
0.0173294632117
0.0173313939381
0.0173350387155
0.0173402782137
0.0173469926203
0.0173550617663
0.0173643652602
0.0173747826371
0.0173861935319
0.0173984778833
0.0174115161743
0.0174251897153
0.0174393809731
0.0174539739478
0.0174688545979
0.0174839113132
0.0174990354294
0.0175141217828
0.0175290692936
0.0175437815715
0.0175581675325
0.0175721420134
0.0175856263732
0.0175985490667
0.0176108461778
0.0176224618979
0.0176333489395
0.0176434688707
0.0176527923637
0.0176612993477
0.0176689790605
0.0176758299955
0.0176818597422
0.0176870847212
0.017691529816
0.017695227907
0.0176982193144
0.0177005511575
0.0177022766414
0.0177034542798
0.0177041470679
0.0177044216152
0.017704347251
0.017703995117
0.0177034372559
0.0177027457107
0.0177019916459
0.0177012445002
0.0177005711832
0.0177000353248
0.0176996965866
0.0176996100437
0.0176998256453
0.0177003877589
0.0177013348061
0.017702698993
0.0177045061396
0.0177067756112
0.0177095203515
0.0177127470195
0.017716456226
0.0177206428687
0.0177252965596
0.0177304021388
0.0177359402652
0.0177418880762
0.0177482199011
0.0177549080181
0.0177619234373
0.0177692366954
0.0177768186437
0.0177846412128
0.0177926781354
0.0178009056101
0.0178093028899
0.0178178527782
0.0178265420211
0.0178353615818
0.0178443067892
0.0178533773549
0.0178625772537
0.0178719144706
0.0178814006145
0.0178910504092
0.017900881069
0.0179109115744
0.0179211618625
0.0179316519521
0.0179424010219
0.0179534264667
0.0179647429508
0.0179763614853
0.0179882885499
0.0180005252833
0.0180130667628
0.0180259013926
0.0180390104192
0.0180523675883
0.0180659389566
0.0180796828665
0.0180935500911
0.0181074841508
0.018121421802
0.0181352936913
0.0181490251685
0.0181625372456
0.0181757476868
0.0181885722112
0.0182009257856
0.0182127239855
0.0182238843965
0.0182343280295
0.0182439807202
0.0182527744853
0.0182606488059
0.0182675518093
0.0182734413256
0.0182782857935
0.0182820649939
0.0182847705963
0.0182864065025
0.0182869889786
0.0182865465723
0.0182851198151
0.0182827607134
0.0182795320402
0.0182755064408
0.01827076537
0.0182653978841
0.0182594993112
0.0182531698282
0.0182465129717
0.0182396341149
0.0182326389374
0.0182256319208
0.0182187148947
0.0182119856626
0.0182055367303
0.0181994541572
0.01819381655
0.0181886942131
0.0181841484646
0.0181802311271
0.0181769841951
0.0181744396786
0.0181726196193
0.0181715362714
0.018171192437
0.018171581943
0.0181726902443
0.018174495137
0.0181769675624
0.0181800724839
0.0181837698165
0.0181880153909
0.0181927619321
0.0181979600358
0.0182035591256
0.0182095083757
0.0182157575866
0.0182222580013
0.0182289630533
0.0182358290393
0.0182428157094
0.0182498867739
0.0182570103227
0.0182641591583
0.0182713110435
0.0182784488665
0.0182855607257
0.0182926399408
0.0182996849925
0.0183066993974
0.0183136915229
0.0183206743478
0.018327665173
0.0183346852889
0.0183417596022
0.0183489162287
0.0183561860551
0.018363602275
0.0183711999022
0.0183790152654
0.0183870854892
0.0183954479643
0.0184041398109
0.0184131973411
0.0184226555226
0.0184325474511
0.0184429038334
0.0184537524896
0.0184651178767
0.0184770206423
0.0184894772111
0.0185024994115
0.0185160941476
0.0185302631201
0.0185450026038
0.0185603032819
0.0185761501445
0.0185925224516
0.0186093937636
0.0186267320397
0.0186444998058
0.018662654389
0.0186811482183
0.0186999291882
0.0187189410812
0.0187381240448
0.0187574151172
0.018776748795
0.0187960576375
0.0188152728982
0.0188343251772
0.0188531450865
0.0188716639196
0.0188898143181
0.0189075309282
0.0189247510387
0.0189414151953
0.0189574677846
0.0189728575827
0.0189875382631
0.0190014688615
0.0190146141939
0.0190269452248
0.0190384393857
0.0190490808416
0.0190588607048
0.0190677771974
0.0190758357603
0.0190830491112
0.0190894372505
0.0190950274149
0.0190998539808
0.0191039583144
0.0191073885704
0.0191101994378
0.0191124518314
0.0191142125286
0.0191155537507
0.0191165526867
0.0191172909605
0.0191178540394
0.0191183305858
0.0191188117525
0.0191193904239
0.0191201604058
0.019121215569
0.0191226489523
0.0191245518317
0.0191270127644
0.0191301166187
0.0191339436001
0.0191385682868
0.0191440586878
0.019150475339
0.0191578704511
0.0191662871259
0.0191757586555
0.0191863079185
0.0191979468889
0.0192106762689
0.0192244852575
0.0192393514642
0.0192552409746
0.0192721085729
0.0192898981228
0.0193085431058
0.0193279673134
0.0193480856852
0.0193688052832
0.0193900263888
0.0194116437075
0.0194335476614
0.0194556257502
0.0194777639574
0.0194998481789
0.0195217656483
0.019543406335
0.0195646642901
0.0195854389173
0.0196056361446
0.0196251694797
0.0196439609285
0.0196619417638
0.0196790531319
0.0196952464898
0.0197104838676
0.0197247379576
0.0197379920311
0.0197502396912
0.019761484471
0.0197717392902
0.0197810257849
0.0197893735291
0.0197968191654
0.0198034054656
0.0198091803403
0.0198141958196
0.0198185070213
0.0198221711291
0.0198252463947
0.0198277911826
0.0198298630702
0.0198315180169
0.0198328096123
0.0198337884136
0.0198345013784
0.0198349914007
0.0198352969521
0.0198354518334
0.0198354850373
0.019835420723
0.0198352783014
0.0198350726298
0.0198348143116
0.019834510096
0.0198341633713
0.0198337747408
0.0198333426721
0.019832864204
0.0198323356944
0.0198317535906
0.0198311152
0.0198304194374
0.0198296675249
0.0198288636186
0.0198280153389
0.0198271341823
0.0198262357968
0.0198253401067
0.0198244712812
0.019823657544
0.0198229308325
0.0198223263192
0.0198218818156
0.0198216370847
0.0198216330904
0.0198219112163
0.0198225124856
0.0198234768122
0.0198248423101
0.019826644684
0.0198289167179
0.0198316878747
0.0198349840099
0.0198388272022
0.0198432356951
0.0198482239397
0.0198538027295
0.0198599794106
0.0198667581545
0.0198741402757
0.0198821245812
0.0198907077358
0.0198998846308
0.0199096487435
0.0199199924784
0.019930907479
0.019942384905
0.0199544156667
0.0199669906132
0.019980100669
0.0199937369166
0.0200078906241
0.0200225532137
0.0200377161744
0.0200533709158
0.0200695085672
0.0200861197231
0.0201031941386
0.0201207203813
0.0201386854442
0.0201570743296
0.0201758696126
0.0201950509967
0.0202145948739
0.0202344739047
0.0202546566335
0.0202751071556
0.0202957848536
0.0203166442177
0.0203376347654
0.0203587010732
0.0203797829291
0.020400815611
0.0204217302919
0.0204424545686
0.0204629131027
0.020483028361
0.0205027214358
0.0205219129232
0.0205405238338
0.0205584765105
0.0205756955271
0.0205921085439
0.0206076470978
0.0206222473115
0.0206358505076
0.0206484037194
0.0206598600973
0.0206701792117
0.020679327258
0.0206872771742
0.0206940086821
0.0206995082639
0.0207037690897
0.0207067909062
0.0207085798985
0.0207091485353
0.020708515403
0.0207067050336
0.0207037477297
0.0206996793842
0.0206945412942
0.0206883799635
0.02068124689
0.020673198331
0.0206642950403
0.020654601972
0.0206441879456
0.0206331252685
0.0206214893147
0.0206093580584
0.0205968115653
0.0205839314456
0.0205708002746
0.020557500989
0.0205441162699
0.0205307279229
0.0205174162681
0.0205042595539
0.0204913334066
0.0204787103296
0.0204664592639
0.0204546452204
0.0204433289928
0.0204325669579
0.0204224109677
0.0204129083343
0.0204041019072
0.0203960302393
0.0203887278345
0.0203822254683
0.020376550571
0.0203717276596
0.0203677788049
0.0203647241167
0.0203625822328
0.0203613707938
0.0203611068882
0.020361807452
0.0203634896084
0.0203661709351
0.0203698696485
0.0203746046954
0.0203803957481
0.0203872630983
0.0203952274507
0.0204043096201
0.0204145301378
0.0204259087761
0.0204384640054
0.0204522123967
0.0204671679874
0.0204833416297
0.0205007403401
0.0205193666716
0.0205392181276
0.0205602866374
0.0205825581102
0.020606012083
0.0206306214752
0.0206563524589
0.0206831644505
0.0207110102261
0.0207398361586
0.0207695825711
0.0208001841983
0.0208315707442
0.0208636675222
0.0208963961611
0.0209296753614
0.0209634216825
0.0209975503448
0.0210319760287
0.0210666136548
0.0211013791313
0.0211361900559
0.0211709663617
0.0212056308993
0.0212401099482
0.0212743336547
0.0213082363942
0.0213417570575
0.0213748392637
0.0214074315018
0.021439487207
0.0214709647747
0.0215018275194
0.0215320435853
0.0215615858131
0.0215904315712
0.0216185625572
0.0216459645744
0.0216726272918
0.0216985439896
0.0217237112976
0.0217481289292
0.0217717994154
0.0217947278419
0.0218169215921
0.0218383900979
0.0218591446008
