     5638.4610805046    4732.55    16.4345
     5639.0376159040    4860.72    16.6250
     5639.6142102544    4909.80    16.8697
     5640.1908635619    4881.99    17.3248
     5640.7675758325    4838.84    16.6136
     5641.3443470722    4786.81    17.2609
     5641.9211772870    4808.41    16.5965
     5642.4980664830    4799.00    16.5619
     5643.0750146661    4867.96    17.1858
     5643.6520218426    4779.34    17.4705
     5644.2290880182    5102.63    17.9617
     5644.8062131992    5103.14    26.3586
     5645.3833973916    5527.65    34.2434
     5645.9606406012    4909.93    31.5815
     5646.5379428343    3938.50    19.1703
     5647.1153040968    5092.46    16.8134
     5647.6927243948    5000.47    16.8724
     5648.2702037343    4981.10    16.8489
     5648.8477421214    4972.38    16.7241
     5649.4253395620    4859.95    16.7046
     5650.0029960622    4950.83    16.7031
     5650.5807116281    4879.89    16.7160
     5651.1584862657    4967.58    16.7512
     5651.7363199811    4987.86    16.8201
     5652.3142127802    5035.55    16.9129
     5652.8921646691    5065.45    16.9852
     5653.4701756539    5031.14    16.9888
     5654.0482457406    4938.49    16.7574
     5654.6263749353    4845.00    16.5791
     5655.2045632439    4805.62    16.4980
     5655.7828106726    4827.78    16.6045
     5656.3611172274    4961.94    16.7158
     5656.9394829143    4889.38    16.9540
     5657.5179077394    4798.97    17.2848
     5658.0963917087    4568.23    16.7416
     5658.6749348282    4378.91    16.4068
     5659.2535371041    4526.72    17.3500
     5659.8321985423    4693.67    17.0239
     5660.4109191490    4905.34    16.6224
     5660.9896989301    4967.77    16.7647
     5661.5685378918    4890.46    16.6149
     5662.1474360400    4691.74    16.8808
     5662.7263933808    4676.56    16.4446
     5663.3054099203    4813.02    16.4853
     5663.8844856645    4908.07    16.6641
     5664.4636206195    5027.06    16.8284
     5665.0428147913    5077.52    16.9229
     5665.6220681860    5065.25    16.9365
     5666.2013808097    5063.60    16.9259
     5666.7807526683    5017.05    16.8468
     5667.3601837680    4990.33    16.7857
     5667.9396741149    5009.75    16.8243
     5668.5192237148    5011.49    16.8379
     5669.0988325741    5051.01    16.9041
     5669.6785006986    5063.42    16.9085
     5670.2582280944    5072.47    16.9429
     5670.8380147677    5062.13    16.9048
     5671.4178607245    5053.07    16.8728
     5671.9977659707    5073.47    16.9216
     5672.5777305126    5150.32    17.0360
     5673.1577543561    5208.46    17.1391
     5673.7378375074    5198.32    17.0944
     5674.3179799724    5184.06    17.0892
     5674.8981817573    5074.07    16.8809
     5675.4784428681    5029.33    16.8312
     5676.0587633109    5079.35    17.6237
     5676.6391430917    5170.07    17.2631
     5677.2195822166    5207.35    17.0684
     5677.8000806918    5168.83    17.0461
     5678.3806385231    5155.60    16.9973
     5678.9612557169    5074.52    16.9275
     5679.5419322789    5069.75    16.9043
     5680.1226682155    5129.02    16.9327
     5680.7034635326    5141.67    16.9598
     5681.2843182363    5118.75    16.9999
     5681.8652323327    4946.40    16.6465
     5682.4462058278    4865.30    16.5282
     5683.0272387277    4847.09    16.4620
     5683.6083310386    4932.20    16.6596
     5684.1894827664    5036.92    16.7965
     5684.7706939173    5034.80    16.8036
     5685.3519644972    5068.49    16.8091
     5685.9332945124    5019.09    16.7922
     5686.5146839689    4990.88    16.7462
     5687.0961328727    5007.35    16.7447
     5687.6776412300    4860.27    16.5223
     5688.2592090468    4828.67    16.4343
     5688.8408363291    4952.72    16.6378
     5689.4225230832    5021.25    16.7822
     5690.0042693150    5070.97    16.9033
     5690.5860750306    5116.38    16.9610
     5691.1679402361    5155.75    16.9641
     5691.7498649377    5154.36    16.9623
     5692.3318491413    5206.38    17.0397
     5692.9138928531    5229.14    17.0739
     5693.4959960792    5160.28    16.9904
     5694.0781588256    5154.48    16.9445
     5694.6603810984    5133.70    16.9277
     5695.2426629037    5147.08    16.9328
     5695.8250042477    5220.87    17.0691
     5696.4074051363    5237.35    17.0581
     5696.9898655757    5236.01    17.0708
     5697.5723855719    5171.76    16.9420
     5698.1549651311    5030.48    16.7425
     5698.7376042594    5015.89    16.6903
     5699.3203029628    5083.18    16.8067
     5699.9030612474    5148.04    16.9009
     5700.4858791194    5083.49    16.7991
     5701.0687565847    4924.00    16.5716
     5701.6516936496    4913.79    16.5051
     5702.2346903200    4986.28    16.6448
     5702.8177466022    5063.22    16.7315
     5703.4008625021    5094.26    16.8236
     5703.9840380259    5134.40    16.8911
     5704.5672731797    5170.81    16.9028
     5705.1505679696    5070.15    16.7644
     5705.7339224017    4972.99    16.6051
     5706.3173364820    4909.22    16.5276
     5706.9008102168    4927.26    16.7163
     5707.4843436119    4932.27    16.8005
     5708.0679366737    4885.20    16.4595
     5708.6515894081    4782.82    16.2859
     5709.2353018214    4629.75    16.0634
     5709.8190739195    4683.88    16.3800
     5710.4029057085    4730.87    16.1608
     5710.9867971947    4720.30    16.1617
     5711.5707483841    4682.27    16.0971
     5712.1547592827    4759.11    16.4750
     5712.7388298967    5020.74    16.7279
     5713.3229602323    5150.04    16.8207
     5713.9071502955    5181.29    16.8628
     5714.4914000923    5189.63    16.8689
     5715.0757096291    5132.61    16.8554
     5715.6600789117    5201.42    16.9058
     5716.2445079464    5260.23    16.9993
     5716.8289967392    5217.36    16.9127
     5717.4135452964    5191.96    16.8818
     5717.9981536238    5190.37    16.8732
     5718.5828217278    5275.51    17.0424
     5719.1675496144    5296.33    17.0617
     5719.7523372897    5312.90    17.1747
     5720.3371847598    5300.68    17.1189
     5720.9220920308    5350.26    17.1372
     5721.5070591089    5393.53    17.1713
     5722.0920860002    5347.07    17.1345
     5722.6771727108    5418.58    17.1702
     5723.2623192467    5349.85    17.1499
     5723.8475256142    5308.06    17.0174
     5724.4327918193    5407.59    17.1791
     5725.0181178682    5351.17    17.0685
     5725.6035037669    5364.64    17.1405
     5726.1889495217    5301.68    16.9826
     5726.7744551385    5182.46    16.8349
     5727.3600206236    5189.25    16.8230
     5727.9456459831    5249.40    16.9327
     5728.5313312230    5375.15    17.0974
     5729.1170763495    5402.67    18.3476
     5729.7028813688    5362.34    19.0263
     5730.2887462869    5351.54    17.0367
     5730.8746711099    5242.76    16.9239
     5731.4606558441    5176.93    16.7753
     5732.0467004955    5210.45    16.8019
     5732.6328050703    5259.91    16.9914
     5733.2189695745    5347.65    17.0550
     5733.8051940143    5370.52    17.0716
     5734.3914783959    5387.86    17.0739
     5734.9778227253    5401.43    17.0998
     5735.5642270088    5416.05    17.1004
     5736.1506912523    5345.09    17.0220
     5736.7372154621    5330.11    16.9417
     5737.3237996443    5324.21    16.9266
     5737.9104438051    5321.03    16.9357
     5738.4971479504    5366.99    17.0111
     5739.0839120866    5334.10    16.9355
     5739.6707362197    5365.53    16.9995
     5740.2576203558    5334.78    16.9597
     5740.8445645011    5419.82    18.0290
     5741.4315686617    5330.75    17.1913
     5742.0186328439    5324.41    16.9468
     5742.6057570536    5349.00    16.9107
     5743.1929412970    5292.75    16.8815
     5743.7801855803    5340.62    16.8891
     5744.3674899096    5355.41    17.0430
     5744.9548542911    5382.35    17.1868
     5745.5422787309    5380.71    16.9845
     5746.1297632351    5366.67    16.9446
     5746.7173078099    5363.04    16.9322
     5747.3049124614    5289.08    16.8366
     5747.8925771958    5217.99    16.6882
     5748.4803020192    5261.06    16.7782
     5749.0680869377    5314.69    16.8622
     5749.6559319576    5397.20    16.9608
     5750.2438370848    5403.85    16.9689
     5750.8318023257    5367.00    16.8954
     5751.4198276863    5270.73    16.7266
     5752.0079131728    5154.73    16.5601
     5752.5960587912    5094.23    16.4744
     5753.1842645479    5036.32    16.3824
     5753.7725304489    5039.71    16.3787
     5754.3608565004    5035.47    16.3441
     5754.9492427085    5177.26    16.5626
     5755.5376890794    5350.75    16.8619
     5756.1261956192    5339.82    16.8097
     5756.7147623341    5377.23    16.8738
     5757.3033892302    5404.57    16.9237
     5757.8920763137    5428.41    16.9616
     5758.4808235908    5449.71    16.9453
     5759.0696310675    5350.06    16.8102
     5759.6584987501    5283.94    16.7196
     5760.2474266447    5283.18    16.7550
     5760.8364147575    5298.38    16.7200
     5761.4254630946    5260.34    16.6549
     5762.0145716622    5133.90    16.4578
     5762.6037404664    5044.54    16.3294
     5763.1929695134    5091.22    16.4065
     5763.7822588094    5248.41    16.9473
     5764.3716083605    5389.43    16.8842
     5764.9610181728    5485.43    16.9398
     5765.5504882526    5433.38    16.8752
     5766.1400186061    5439.16    16.9047
     5766.7296092392    5480.13    16.9233
     5767.3192601583    5430.53    16.8924
     5767.9089713695    5481.88    16.9207
     5768.4987428790    5478.74    16.9431
     5769.0885746929    5469.44    16.8882
     5769.6784668174    5457.42    16.9207
     5770.2684192586    5416.20    16.8123
     5770.8584320228    5446.14    16.8620
     5771.4485051161    5315.80    16.6328
     5772.0386385446    5325.24    16.7069
     5772.6288323145    5393.45    16.7637
     5773.2190864321    5392.40    16.7710
     5773.8094009034    5354.26    16.7009
     5774.3997757346    5309.82    16.6629
     5774.9902109320    5324.91    16.6712
     5775.5807065017    5349.55    16.7128
     5776.1712624498    5386.98    16.7691
     5776.7618787826    5435.43    16.7819
     5777.3525555062    5462.56    16.8329
     5777.9432926267    5425.86    16.7934
     5778.5340901504    5429.19    16.7955
     5779.1249480835    5407.09    16.7528
     5779.7158664320    5287.45    16.5552
     5780.3068452023    5194.35    16.3959
     5780.8978844004    5102.35    16.2242
     5781.4889840326    5061.39    16.1840
     5782.0801441050    5110.35    16.2651
     5782.6713646238    5180.04    16.3683
     5783.2626455952    5193.16    16.4016
     5783.8539870253    5192.34    16.3761
     5784.4453889204    5148.05    16.3196
     5785.0368512866    5069.89    16.1972
     5785.6283741302    5099.89    16.2179
     5786.2199574573    5237.70    16.4131
     5786.8116012740    5360.82    16.6246
     5787.4033055866    5319.19    16.5454
     5787.9950704012    5333.46    16.5639
     5788.5868957242    5363.99    16.8653
     5789.1787815615    5415.92    16.7652
     5789.7707279194    5398.15    16.6068
     5790.3627348042    5211.58    16.3922
     5790.9548022219    5198.94    16.3404
     5791.5469301788    5294.20    16.4528
     5792.1391186811    5347.81    16.5353
     5792.7313677350    5394.83    16.6000
     5793.3236773466    5395.82    16.6107
     5793.9160475222    5414.07    16.6379
     5794.5084782679    5442.31    16.6724
     5795.1009695899    5507.66    16.7637
     5795.6935214945    5505.64    16.7638
     5796.2861339878    5440.66    16.6484
     5796.8788070760    5418.43    16.6182
     5797.4715407653    5349.61    16.5076
     5798.0643350619    5318.01    16.4968
     5798.6571899720    5414.06    16.5909
     5799.2501055019    5474.09    16.6826
     5799.8430816576    5518.94    16.7469
     5800.4361184455    5538.15    16.9114
     5801.0292158716    5544.06    17.0482
     5801.6223739422    5519.96    16.7275
     5802.2155926636    5510.32    16.6878
     5802.8088720418    5535.73    16.7842
     5803.4022120832    5456.64    16.6545
     5803.9956127938    5410.21    16.5569
     5804.5890741800    5310.67    16.4399
     5805.1825962479    5400.50    16.5695
     5805.7761790037    5390.30    16.4870
     5806.3698224537    5353.77    16.4475
     5806.9635266039    5389.98    16.4731
     5807.5572914608    5420.95    16.5471
     5808.1511170303    5459.75    16.5953
     5808.7450033188    5435.62    16.5692
     5809.3389503325    5446.19    16.5467
     5809.9329580775    5459.64    16.5684
     5810.5270265602    5513.00    16.6562
     5811.1211557866    5550.88    16.6942
     5811.7153457630    5554.19    16.7106
     5812.3095964957    5508.34    16.6185
     5812.9039079907    5533.45    16.7026
     5813.4982802544    5567.02    16.7079
     5814.0927132930    5495.58    16.6218
     5814.6872071126    5506.71    16.6171
     5815.2817617196    5433.58    16.5240
     5815.8763771200    5346.01    16.4031
     5816.4710533201    5336.12    16.3918
     5817.0657903262    5426.03    16.5098
     5817.6605881444    5558.57    16.6573
     5818.2554467810    5553.95    16.6993
     5818.8503662421    5602.18    16.7044
     5819.4453465341    5612.61    16.7502
     5820.0403876631    5606.68    16.7507
     5820.6354896353    5606.27    16.7147
     5821.2306524570    5563.87    16.6533
     5821.8258761344    5595.58    16.7406
     5822.4211606738    5571.25    16.6795
     5823.0165060812    5557.96    16.6437
     5823.6119123630    5561.01    16.6658
     5824.2073795254    5616.63    16.7175
     5824.8029075746    5600.87    16.7112
     5825.3984965168    5615.73    16.7112
     5825.9941463583    5616.60    16.7081
     5826.5898571053    5551.30    16.6215
     5827.1856287640    5608.72    16.6838
     5827.7814613406    5571.08    16.6237
     5828.3773548414    5581.29    16.6547
     5828.9733092726    5575.81    16.6289
     5829.5693246405    5612.07    16.7003
     5830.1654009512    5673.55    17.1153
     5830.7615382110    5586.26    16.7115
     5831.3577364261    5572.86    16.6290
     5831.9539956028    5586.50    16.6444
     5832.5503157472    5600.48    16.6602
     5833.1466968657    5591.09    16.6214
     5833.7431389645    5544.63    16.5642
     5834.3396420498    5544.95    16.5286
     5834.9362061277    5521.55    16.5163
     5835.5328312047    5578.67    16.5572
     5836.1295172869    5598.73    16.5933
     5836.7262643805    5572.79    16.5663
     5837.3230724918    5596.58    16.6256
     5837.9199416270    5534.41    16.4957
     5838.5168717923    5549.53    16.5262
     5839.1138629941    5585.06    16.5724
     5839.7109152385    5609.97    16.5879
     5840.3080285318    5628.25    16.6058
     5840.9052028802    5640.00    16.6425
     5841.5024382900    5648.04    16.6500
     5842.0997347674    5660.56    16.6514
     5842.6970923187    5623.60    16.6181
     5843.2945109500    5606.23    16.6007
     5843.8919906677    5637.73    16.6312
     5844.4895314780    5619.59    16.6048
     5845.0871333872    5640.58    16.6654
     5845.6847964014    5603.45    16.7869
     5846.2825205270    5555.83    16.4924
     5846.8803057701    5561.56    16.4873
     5847.4781521371    5512.94    16.4130
     5848.0760596341    5544.08    16.5402
     5848.6740282675    5588.83    16.9004
     5849.2720580435    5611.12    16.6750
     5849.8701489683    5628.43    16.5851
     5850.4683010482    5624.27    16.5724
     5851.0665142895    5582.78    16.5142
     5851.6647886983    5535.06    16.4550
     5852.2631242810    5518.79    16.3809
     5852.8615210438    5427.68    16.2841
     5853.4599789930    5457.84    16.2900
     5854.0584981348    5511.19    16.3930
     5854.6570784754    5505.45    16.3399
     5855.2557200212    5549.20    16.4527
     5855.8544227784    5433.94    16.2547
     5856.4531867532    5241.64    15.9609
     5857.0520119519    4961.50    15.5242
     5857.6508983808    5043.70    15.6924
     5858.2498460462    5236.80    15.9210
     5858.8488549542    5332.89    16.1139
     5859.4479251112    5452.64    16.2451
     5860.0470565234    5471.90    16.3080
     5860.6462491970    5564.88    16.4017
     5861.2455031385    5509.31    16.3547
     5861.8448183539    5388.90    16.1930
     5862.4441948496    5457.62    16.2271
     5863.0436326318    5497.71    16.3022
     5863.6431317069    5553.79    16.4324
     5864.2426920810    5599.56    16.7903
     5864.8423137604    5614.94    16.4781
     5865.4419967515    5536.98    16.3620
     5866.0417410604    5405.00    16.1169
     5866.6415466935    5414.05    16.1650
     5867.2414136570    5462.40    16.2332
     5867.8413419573    5569.25    16.3923
     5868.4413316004    5667.65    16.7896
     5869.0413825928    5652.35    16.6607
     5869.6414949407    5663.38    16.5359
     5870.2416686504    5685.58    16.5724
     5870.8419037282    5692.12    16.5483
     5871.4422001802    5664.87    16.5020
     5872.0425580129    5635.29    16.4485
     5872.6429772325    5658.98    16.4991
     5873.2434578452    5636.99    16.4982
     5873.8439998573    5615.87    16.4158
     5874.4446032752    5665.50    16.4610
     5875.0452681051    5665.15    16.4931
     5875.6459943532    5618.36    16.4375
     5876.2467820259    5654.40    16.4827
     5876.8476311294    5643.98    16.4681
     5877.4485416700    5625.35    16.4274
     5878.0495136541    5606.15    16.3785
     5878.6505470878    5601.52    16.3475
     5879.2516419774    5557.83    16.2967
     5879.8527983294    5535.51    16.2650
     5880.4540161498    5541.77    16.2853
     5881.0552954451    5580.28    16.3317
     5881.6566362214    5606.65    16.3604
     5882.2580384852    5557.94    16.2994
     5882.8595022426    5490.00    16.2118
     5883.4610275000    5367.07    16.0205
     5884.0626142636    5388.87    16.0218
     5884.6642625398    5441.92    16.0852
     5885.2659723348    5497.75    16.1607
     5885.8677436550    5455.94    16.0875
     5886.4695765065    5350.40    15.9324
     5887.0714708958    5219.79    15.7226
     5887.6734268290    4993.51    15.4042
     5888.2754443125    4637.08    16.4514
     5888.8775233526    3890.20    14.9738
     5889.4796639556    3252.83    12.7192
     5890.0818661278    3345.80    12.7670
     5890.6841298754    3910.87    13.6531
     5891.2864552048    4545.99    14.6123
     5891.8888421222    4841.45    15.1329
     5892.4912906340    4962.08    15.3508
     5893.0938007465    5068.76    15.5028
     5893.6963724659    5017.87    15.4756
     5894.2990057986    4834.39    16.2062
     5894.9017007508    4193.64    14.8236
     5895.5044573289    3641.83    13.2784
     5896.1072755391    3788.44    13.5072
     5896.7101553878    4342.76    14.4006
     5897.3130968812    4931.46    15.2645
     5897.9161000257    5287.78    15.7625
     5898.5191648276    5311.72    15.8645
     5899.1222912931    5309.82    15.8823
     5899.7254794286    5397.19    15.9655
     5900.3287292404    5472.82    16.0839
     5900.9320407348    5562.03    16.1940
     5901.5354139181    5559.05    16.2151
     5902.1388487966    5567.73    16.2018
     5902.7423453766    5599.74    16.2567
     5903.3459036644    5585.20    16.2293
     5903.9495236663    5653.76    16.3147
     5904.5532053887    5601.12    16.2622
     5905.1569488378    5519.34    16.0996
     5905.7607540200    5541.14    16.1280
     5906.3646209416    5579.32    16.1902
     5906.9685496088    5607.04    16.2464
     5907.5725400281    5625.72    16.2418
     5908.1765922057    5626.10    16.2366
     5908.7807061479    5597.00    16.1963
     5909.3848818610    5579.44    16.1684
     5909.9891193514    5598.71    16.1800
     5910.5934186254    5608.14    16.2035
     5911.1977796893    5650.81    16.2488
     5911.8022025494    5669.39    16.2872
     5912.4066872120    5620.76    16.2095
     5913.0112336835    5501.97    16.0313
     5913.6158419702    5316.85    15.7842
     5914.2205120783    5323.40    15.7800
     5914.8252440143    5421.40    15.8920
     5915.4300377844    5459.54    15.9736
     5916.0348933950    5517.07    16.2250
     5916.6398108523    5558.67    16.1390
     5917.2447901627    5623.71    16.1853
     5917.8498313326    5601.21    16.1591
     5918.4549343682    5578.15    16.1291
     5919.0600992759    5578.84    16.1155
     5919.6653260621    5579.02    16.1235
     5920.2706147329    5631.06    16.1842
     5920.8759652948    5621.77    16.2008
     5921.4813777541    5594.98    16.1475
     5922.0868521172    5602.27    16.1509
     5922.6923883902    5623.66    16.1640
     5923.2979865797    5630.01    16.1841
     5923.9036466919    5604.78    16.1403
     5924.5093687331    5608.85    16.1025
     5925.1151527096    5666.46    16.2262
     5925.7209986279    5711.01    16.2841
     5926.3269064943    5707.76    16.2659
     5926.9328763150    5670.11    16.1943
     5927.5389080964    5608.67    16.1488
     5928.1450018448    5634.83    16.1599
     5928.7511575667    5539.50    15.9749
     5929.3573752682    5374.76    15.7950
     5929.9636549559    5388.33    15.7793
     5930.5699966359    5464.68    15.9001
     5931.1764003146    5601.04    16.0764
     5931.7828659984    5700.94    16.2059
     5932.3893936937    5682.29    16.2246
     5932.9959834066    5664.82    16.1544
     5933.6026351437    5567.84    16.0279
     5934.2093489112    5506.99    15.9690
     5934.8161247155    5584.53    16.0973
     5935.4229625629    5651.48    16.6128
     5936.0298624598    5707.50    16.2215
     5936.6368244125    5686.06    16.1591
     5937.2438484274    5694.74    16.2097
     5937.8509345107    5731.58    16.2528
     5938.4580826689    5709.91    16.2833
     5939.0652929083    5751.71    16.4137
     5939.6725652352    5686.49    16.2136
     5940.2798996561    5643.73    16.0756
     5940.8872961771    5544.48    16.3444
     5941.4947548048    5481.62    16.2460
     5942.1022755454    5579.51    15.9796
     5942.7098584053    5584.18    16.0083
     5943.3175033908    5637.23    16.0343
     5943.9252105084    5654.77    16.0907
     5944.5329797643    5703.25    16.1397
     5945.1408111648    5751.89    16.3324
     5945.7487047165    5670.67    16.5727
     5946.3566604256    5654.13    16.0734
     5946.9646782984    5593.07    15.9999
     5947.5727583413    5546.71    15.9253
     5948.1809005608    5444.50    16.4370
     5948.7891049630    5437.10    15.8485
     5949.3973715545    5544.69    15.9210
     5950.0057003415    5629.95    16.0276
     5950.6140913305    5700.60    16.1134
     5951.2225445277    5686.29    16.0695
     5951.8310599395    5558.60    15.9068
     5952.4396375724    5447.66    16.5632
     5953.0482774326    5501.26    16.5553
     5953.6569795265    5633.26    15.9873
     5954.2657438606    5703.11    16.0989
     5954.8745704410    5734.94    16.1055
     5955.4834592743    5670.36    16.0278
     5956.0924103668    5554.67    15.9108
     5956.7014237248    5608.46    15.9607
     5957.3104993547    5651.26    16.0313
     5957.9196372629    5579.83    15.8986
     5958.5288374558    5644.29    15.9887
     5959.1380999397    5692.18    16.0548
     5959.7474247209    5691.43    16.0244
     5960.3568118059    5769.34    16.1605
     5960.9662612011    5789.46    16.1886
     5961.5757729127    5760.98    16.1432
     5962.1853469472    5739.50    16.1095
     5962.7949833110    5777.62    16.1492
     5963.4046820104    5784.32    16.1862
     5964.0144430517    5792.71    16.1892
     5964.6242664414    5723.78    16.0789
     5965.2341521859    5607.70    15.9590
     5965.8441002915    5663.35    15.9856
     5966.4541107646    5699.38    16.0548
     5967.0641836115    5724.50    16.0859
     5967.6743188387    5756.42    16.1195
     5968.2845164525    5708.18    16.0508
     5968.8947764593    5696.85    16.0065
     5969.5050988655    5761.08    16.1018
     5970.1154836775    5791.54    16.1656
     5970.7259309016    5753.65    16.0996
     5971.3364405442    5785.60    16.1316
     5971.9470126118    5784.33    16.1268
     5972.5576471106    5797.34    16.1335
     5973.1683440471    5772.12    16.1087
     5973.7791034277    5787.22    16.1037
     5974.3899252587    5693.74    15.9905
     5975.0008095466    5633.26    15.9069
     5975.6117562976    5580.21    15.8089
     5976.2227655183    5508.61    15.7580
     5976.8338372150    5563.87    15.7901
     5977.4449713940    5572.86    15.8494
     5978.0561680618    5611.36    15.9011
     5978.6674272248    5661.70    15.9391
     5979.2787488893    5729.89    16.0127
     5979.8901330617    5790.22    16.0803
     5980.5015797485    5776.97    16.0793
     5981.1130889560    5767.28    16.0455
     5981.7246606906    5752.26    16.0308
     5982.3362949588    5715.73    15.9997
     5982.9479917668    5588.05    15.7838
     5983.5597511211    5465.19    16.2195
     5984.1715730281    5412.17    15.6169
     5984.7834574943    5485.17    15.6570
     5985.3954045259    5569.73    15.7676
     5986.0074141293    5615.42    15.8027
     5986.6194863111    5564.79    15.7480
     5987.2316210775    5645.66    15.8490
     5987.8438184351    5706.26    15.9407
     5988.4560783901    5736.01    16.0183
     5989.0684009489    5768.88    16.0508
     5989.6807861181    5774.32    16.0424
     5990.2932339039    5759.14    16.0300
     5990.9057443129    5740.56    15.9897
     5991.5183173513    5723.21    15.9861
     5992.1309530256    5720.75    15.9557
     5992.7436513422    5826.36    16.0966
     5993.3564123075    5801.76    16.0698
     5993.9692359279    5847.41    16.1229
     5994.5821222098    5860.37    16.1501
     5995.1950711597    5812.18    16.0863
     5995.8080827838    5743.62    15.9696
     5996.4211570888    5703.23    15.9117
     5997.0342940808    5626.75    15.8015
     5997.6474937664    5642.56    15.8621
     5998.2607561520    5710.01    15.9268
     5998.8740812440    5708.68    15.9242
     5999.4874690488    5760.45    16.4100
     6000.1009195727    5793.81    16.2789
     6000.7144328223    5821.57    16.0777
     6001.3280088039    5792.52    16.0044
     6001.9416475239    5638.10    15.8396
     6002.5553489888    5568.97    15.7388
     6003.1691132050    5619.38    15.7766
     6003.7829401789    5704.18    15.8753
     6004.3968299169    5747.40    15.9546
     6005.0107824254    5767.49    15.9943
     6005.6247977108    5751.34    15.9508
     6006.2388757796    5681.14    15.8530
     6006.8530166382    5598.44    15.7385
     6007.4672202930    5468.95    15.5920
     6008.0814867505    5399.32    15.4475
     6008.6958160169    5490.63    15.5666
     6009.3102080989    5717.78    16.0369
     6009.9246630027    5785.43    16.5364
     6010.5391807348    5853.62    16.1694
     6011.1537613017    5784.70    15.9756
     6011.7684047097    5774.97    15.9542
     6012.3831109654    5640.29    15.7347
     6012.9978800750    5541.74    15.6569
     6013.6127120451    5637.34    15.7674
     6014.2276068820    5686.69    15.8492
     6014.8425645923    5752.10    15.8682
     6015.4575851823    5671.85    15.7946
     6016.0726686584    5588.73    15.7113
     6016.6878150271    5626.92    15.7646
     6017.3030242949    5717.88    15.8625
     6017.9182964680    5753.81    15.9027
     6018.5336315531    5733.95    15.8356
     6019.1490295565    5598.07    15.7025
     6019.7644904846    5447.09    15.4813
     6020.3800143439    5491.90    15.5004
     6020.9956011408    5446.67    15.4637
     6021.6112508818    5559.21    15.6223
     6022.2269635733    5663.32    15.7535
     6022.8427392216    5598.46    15.6734
     6023.4585778334    5549.66    15.6083
     6024.0744794149    5565.53    15.6280
     6024.6904439727    5676.00    15.7595
     6025.3064715132    5759.34    15.8393
     6025.9225620427    5781.08    15.8671
     6026.5387155679    5718.83    15.8322
     6027.1549320950    5771.11    15.8906
     6027.7712116306    5825.65    15.9450
     6028.3875541810    5846.27    15.9855
     6029.0039597528    5887.92    16.0073
     6029.6204283523    5865.37    15.9817
     6030.2369599861    5849.44    15.9530
     6030.8535546605    5850.96    15.9588
     6031.4702123821    5875.85    15.9861
     6032.0869331571    5888.80    15.9908
     6032.7037169922    5894.36    16.0106
     6033.3205638938    5886.58    16.0962
     6033.9374738682    5896.60    16.5219
     6034.5544469220    5900.85    16.1850
     6035.1714830616    5888.08    16.0156
     6035.7885822934    5887.81    16.0019
     6036.4057446239    5909.04    16.0044
     6037.0229700596    5896.24    16.0157
     6037.6402586068    5932.12    16.1025
     6038.2576102722    5881.63    15.9964
     6038.8750250620    5847.02    16.3667
     6039.4925029828    5840.81    16.0174
     6040.1100440410    5836.81    15.8842
     6040.7276482431    5813.39    15.8605
     6041.3453155955    5817.22    15.8894
     6041.9630461047    5844.76    15.9396
     6042.5808397772    5867.45    15.9536
     6043.1986966194    5886.99    15.9655
     6043.8166166377    5903.29    15.9839
     6044.4345998386    5892.03    15.9738
     6045.0526462287    5898.13    15.9710
     6045.6707558142    5920.05    15.9908
     6046.2889286018    5920.23    15.9900
     6046.9071645979    5934.11    15.9994
     6047.5254638089    5907.11    15.9673
     6048.1438262413    5927.83    15.9707
     6048.7622519015    5908.43    15.9597
     6049.3807407961    5889.68    15.9169
     6049.9992929315    5910.74    15.9562
     6050.6179083141    5914.35    15.9438
     6051.2365869504    5957.70    16.0308
     6051.8553288470    5922.43    15.9872
     6052.4741340102    5901.15    15.9383
     6053.0930024465    5858.89    15.8677
     6053.7119341624    5833.68    15.8226
     6054.3309291644    5830.79    15.8043
     6054.9499874590    5781.77    15.7335
     6055.5691090525    5681.88    15.6393
     6056.1882939516    5751.03    15.6908
     6056.8075421626    5789.78    15.7485
     6057.4268536920    5870.39    15.8394
     6058.0462285463    5879.72    15.8414
     6058.6656667320    5860.97    15.8462
     6059.2851682556    5912.88    15.8879
     6059.9047331235    5907.77    15.8999
     6060.5243613422    5935.91    15.9227
     6061.1440529183    5916.06    15.9139
     6061.7638078580    5911.34    15.8962
     6062.3836261680    5851.09    15.8221
     6063.0035078548    5825.20    15.7929
     6063.6234529247    5803.62    15.8419
     6064.2434613844    5636.75    15.5184
     6064.8635332402    5492.59    15.3355
     6065.4836684986    5547.26    15.3628
     6066.1038671662    5712.19    15.5856
     6066.7241292494    5891.42    15.8315
     6067.3444547547    5929.04    15.9049
     6067.9648436886    5935.93    15.9060
     6068.5852960576    5990.63    16.4365
     6069.2058118681    5967.83    16.0126
     6069.8263911267    5956.44    15.9333
     6070.4470338398    5967.04    15.9497
     6071.0677400139    5969.98    15.9611
     6071.6885096555    5976.26    15.9607
     6072.3093427711    5971.89    15.9308
     6072.9302393672    5952.01    15.9065
     6073.5511994503    5949.81    15.8985
     6074.1722230269    5960.37    15.8988
     6074.7933101034    5961.84    15.8984
     6075.4144606864    5971.20    15.9066
     6076.0356747824    5950.35    15.8874
     6076.6569523977    5909.48    15.8068
     6077.2782935391    5803.88    15.6739
     6077.8996982128    5672.44    15.5221
     6078.5211664255    5671.95    15.5016
     6079.1426981836    5746.92    15.6084
     6079.7642934937    5869.19    15.7580
     6080.3859523621    5907.87    15.8102
     6081.0076747955    5851.62    15.7295
     6081.6294608003    5831.44    15.7103
     6082.2513103831    5786.01    15.6560
     6082.8732235502    5845.07    15.7072
     6083.4952003083    5872.01    15.7107
     6084.1172406638    5845.99    15.7138
     6084.7393446233    5815.36    15.6949
     6085.3615121931    5783.24    15.6083
     6085.9837433800    5810.47    15.6347
     6086.6060381902    5852.67    15.6980
     6087.2283966304    5905.88    15.7597
     6087.8508187071    5905.82    15.7601
     6088.4733044267    5854.88    15.6866
     6089.0958537958    5782.24    15.6090
     6089.7184668208    5735.34    15.5499
     6090.3411435084    5758.29    15.5540
     6090.9638838649    5766.49    15.5596
     6091.5866878970    5782.61    15.5933
     6092.2095556111    5841.58    15.6599
     6092.8324870137    5841.07    15.6750
     6093.4554821113    5849.87    15.7016
     6094.0785409105    5912.66    15.7850
     6094.7016634177    5969.60    15.8232
     6095.3248496396    5956.14    15.8027
     6095.9480995825    5896.42    15.7397
     6096.5714132531    5877.35    15.6980
     6097.1947906577    5859.82    15.6693
     6097.8182318030    5927.30    15.7507
     6098.4417366955    5934.52    15.7841
     6099.0653053417    5909.11    15.7331
     6099.6889377480    5978.44    15.8547
     6100.3126339211    5920.81    15.7446
     6100.9363938674    5730.98    15.4818
     6101.5602175935    5322.49    16.1959
     6102.1841051058    4977.89    15.1822
     6102.8080564110    5126.49    14.7335
     6103.4320715155    5530.45    15.9038
     6104.0561504258    5769.94    15.6257
     6104.6802931485    5935.07    15.7301
     6105.3044996901    5973.09    15.7835
     6105.9287700571    5953.58    15.7831
     6106.5531042561    5927.04    15.7326
     6107.1775022936    5852.99    15.6563
     6107.8019641760    5834.73    15.6257
     6108.4264899100    5849.95    15.6567
     6109.0510795021    5952.36    15.7729
     6109.6757329587    5993.15    15.7963
     6110.3004502865    5876.66    15.6928
     6110.9252314919    5845.72    15.6299
     6111.5500765815    5882.19    15.6800
     6112.1749855618    5972.65    15.7795
     6112.7999584393    5972.33    15.7966
     6113.4249952207    5980.24    15.7832
     6114.0500959123    6034.15    15.8405
     6114.6752605208    5943.65    15.7510
     6115.3004890528    5869.57    15.6364
     6115.9257815146    5823.45    15.5925
     6116.5511379128    5873.10    15.6403
     6117.1765582541    5927.28    15.7105
     6117.8020425449    5983.49    15.7880
     6118.4275907918    5948.41    15.7792
     6119.0532030013    5857.25    15.7485
     6119.6788791800    5858.00    15.6385
     6120.3046193343    5771.09    15.5331
     6120.9304234709    5431.05    15.5772
     6121.5562915963    5045.94    14.8915
     6122.1822237170    5099.89    14.6286
     6122.8082198395    5451.54    15.0716
     6123.4342799705    5770.80    15.5005
     6124.0604041164    5903.48    15.6834
     6124.6865922838    5913.48    15.6711
     6125.3128444793    5847.56    15.5968
     6125.9391607093    5863.99    15.6139
     6126.5655409805    5863.42    15.6097
     6127.1919852994    5856.45    15.6255
     6127.8184936725    5890.58    15.6541
     6128.4450661064    5871.10    15.6272
     6129.0717026076    5902.72    15.6479
     6129.6984031828    5948.70    15.7031
     6130.3251678383    5949.66    15.7165
     6130.9519965809    5942.95    15.6881
     6131.5788894170    5935.94    15.8735
     6132.2058463532    6006.95    15.9698
     6132.8328673961    6029.05    15.8051
     6133.4599525522    6012.16    15.7737
     6134.0871018280    5958.20    15.7090
     6134.7143152301    5885.24    15.5822
     6135.3415927652    5622.73    15.7948
     6135.9689344396    5209.00    16.1254
     6136.5963402601    5030.75    14.6394
     6137.2238102331    5086.16    14.7388
     6137.8513443652    5461.66    15.6704
     6138.4789426630    5766.82    15.4395
     6139.1066051330    5950.07    15.6519
     6139.7343317818    6000.60    15.7413
     6140.3621226160    5886.01    15.5944
     6140.9899776421    5706.01    15.3778
     6141.6178968667    5669.74    15.3204
     6142.2458802963    5757.71    15.4073
     6142.8739279375    5922.92    15.6467
     6143.5020397969    5968.61    16.0317
     6144.1302158811    5968.48    15.7283
     6144.7584561966    5972.76    15.7070
     6145.3867607499    5984.80    15.7312
     6146.0151295477    6007.49    15.7250
     6146.6435625965    5969.78    15.6750
     6147.2720599029    5918.62    15.6213
     6147.9006214735    5921.09    15.6309
     6148.5292473148    5940.07    15.6049
     6149.1579374333    5911.93    15.5875
     6149.7866918358    5940.97    15.6264
     6150.4155105287    5914.46    15.5898
     6151.0443935186    5875.33    15.5591
     6151.6733408121    5927.18    15.6089
     6152.3023524158    5991.31    15.6931
     6152.9314283362    5990.53    15.6790
     6153.5605685799    5912.16    15.5808
     6154.1897731536    5805.81    15.4761
     6154.8190420637    5768.12    15.4291
     6155.4483753169    5838.74    15.4895
     6156.0777729197    5905.56    15.5616
     6156.7072348787    5902.75    15.6899
     6157.3367612005    5894.69    15.7729
     6157.9663518916    5944.94    15.6111
     6158.5960069588    5966.58    15.6913
     6159.2257264085    5949.53    15.6466
     6159.8555102473    5710.93    15.3171
     6160.4853584817    5321.63    14.9550
     6161.1152711185    4859.06    14.6285
     6161.7452481642    4632.68    14.0786
     6162.3752896253    4849.22    14.1166
     6163.0053955085    5134.53    14.6173
     6163.6355658203    5575.64    15.8890
     6164.2658005673    5740.31    15.3838
     6164.8960997562    5817.54    15.4380
     6165.5264633934    5738.34    15.3404
     6166.1568914856    5743.08    15.3276
     6166.7873840394    5862.45    15.4517
     6167.4179410614    5907.53    15.5878
     6168.0485625581    5658.56    15.6615
     6168.6792485362    5269.85    14.7328
     6169.3099990023    5198.25    14.5904
     6169.9408139629    5396.40    14.8531
     6170.5716934246    5717.82    15.2498
     6171.2026373941    5917.39    15.5027
     6171.8336458779    6019.03    15.6310
     6172.4647188826    5913.54    15.5182
     6173.0958564148    5897.28    15.5046
     6173.7270584812    5929.90    15.5251
     6174.3583250883    5981.62    15.5854
     6174.9896562427    5972.73    15.5550
     6175.6210519510    5929.81    15.7322
     6176.2525122198    5897.79    15.5814
     6176.8840370558    5893.80    15.4832
     6177.5156264655    5997.35    15.5912
     6178.1472804555    6057.56    15.7113
     6178.7789990324    6058.33    15.7005
     6179.4107822029    5959.94    15.5768
     6180.0426299735    5943.34    15.5427
     6180.6745423508    6012.27    15.6128
     6181.3065193415    6077.55    15.6902
     6181.9385609522    6096.14    15.7104
     6182.5706671894    6076.33    15.6857
     6183.2028380598    6098.96    15.8371
     6183.8350735700    6119.59    15.9558
     6184.4673737265    6123.92    15.7362
     6185.0997385361    6073.17    15.6666
     6185.7321680052    6034.69    15.6384
     6186.3646621406    6025.96    15.6056
     6186.9972209489    5943.37    15.5106
     6187.6298444365    5926.89    15.4616
     6188.2625326103    5993.06    15.5313
     6188.8952854767    5981.51    15.5043
     6189.5281030424    5987.82    15.4794
     6190.1609853140    5732.02    15.2189
     6190.7939322981    5446.71    14.8731
     6191.4269440014    5504.12    14.9099
     6192.0600204304    5764.77    15.2332
     6192.6931615918    6003.63    15.5423
     6193.3263674922    6113.33    15.6916
     6193.9596381382    6076.07    15.6145
     6194.5929735364    6121.08    15.7239
     6195.2263736935    6099.48    15.6336
     6195.8598386160    6120.70    15.7040
     6196.4933683107    6123.44    15.6661
     6197.1269627841    6146.67    15.6997
     6197.7606220428    6095.49    15.6303
     6198.3943460935    6003.80    15.7554
     6199.0281349428    5872.86    15.3934
     6199.6619885973    5849.05    15.3399
     6200.2959070636    5924.76    15.4308
     6200.9298903485    6027.29    15.5212
     6201.5639384584    6086.60    15.6121
     6202.1980514000    6116.91    15.6590
     6202.8322291801    6125.72    15.6820
     6203.4664718051    6127.15    15.6561
     6204.1007792817    6103.86    15.6165
     6204.7351516165    6105.31    15.6355
     6205.3695888163    6141.46    15.6767
     6206.0040908875    6169.37    15.6982
     6206.6386578370    6175.90    15.7215
     6207.2732896711    6177.56    15.8946
     6207.9079863967    6121.10    15.7558
     6208.5427480204    6129.62    15.6458
     6209.1775745487    6165.69    15.6519
     6209.8124659884    6092.61    15.6229
     6210.4474223460    6128.99    15.6264
     6211.0824436282    6090.92    15.6088
     6211.7175298417    6092.01    15.5733
     6212.3526809930    5941.85    15.4082
     6212.9878970889    5791.65    15.2364
     6213.6231781359    5824.42    15.2292
     6214.2585241407    5827.57    15.2589
     6214.8939351099    5834.84    15.2639
     6215.5294110502    5822.07    15.2604
     6216.1649519683    5928.09    15.3541
     6216.8005578707    6009.20    15.4653
     6217.4362287641    6100.66    15.5534
     6218.0719646552    5977.59    15.4276
     6218.7077655506    5805.39    15.2230
     6219.3436314570    5831.04    15.2263
     6219.9795623809    5868.28    15.2980
     6220.6155583291    5967.67    15.3886
     6221.2516193082    6038.83    15.4975
     6221.8877453248    6083.63    15.5600
     6222.5239363857    6172.89    15.6666
     6223.1601924973    6085.00    15.5667
     6223.7965136665    6054.11    15.5034
     6224.4328998999    6095.37    15.5647
     6225.0693512040    6087.60    15.5626
     6225.7058675856    6096.18    15.5684
     6226.3424490513    6089.50    15.5419
     6226.9790956077    6093.05    15.5237
     6227.6158072616    6067.19    15.5152
     6228.2525840196    6049.06    15.5101
     6228.8894258883    5952.41    15.3865
     6229.5263328744    5618.41    15.1937
     6230.1633049845    5437.49    14.6819
     6230.8003422254    5601.89    14.9142
     6231.4374446036    5745.07    15.1193
     6232.0746121258    5800.77    15.1706
     6232.7118447988    5889.25    15.2744
     6233.3491426290    6045.30    15.4788
     6233.9865056234    6129.42    15.5619
     6234.6239337883    6163.28    15.5681
     6235.2614271307    6168.20    15.6004
     6235.8989856570    6168.05    15.6061
     6236.5366093740    6035.40    15.4344
     6237.1742982883    6002.59    15.3904
     6237.8120524067    6017.05    15.4058
     6238.4498717357    6084.34    15.5041
     6239.0877562820    6043.35    15.4319
     6239.7257060524    5966.37    15.3635
     6240.3637210534    5974.17    15.3723
     6241.0018012918    6041.67    15.4391
     6241.6399467742    5994.96    15.3701
     6242.2781575072    5900.39    15.2609
     6242.9164334977    5790.57    15.1232
     6243.5547747521    5832.50    15.1800
     6244.1931812773    5965.52    15.3210
     6244.8316530799    5861.75    15.1836
     6245.4701901665    5680.14    14.9884
     6246.1087925438    5695.85    15.1675
     6246.7474602186    5817.29    15.3878
     6247.3861931974    6012.79    15.4539
     6248.0249914870    6104.14    15.4979
     6248.6638550940    6130.21    15.5254
     6249.3027840251    6148.62    15.5339
     6249.9417782870    6144.70    15.5201
     6250.5808378864    6069.02    15.4066
     6251.2199628300    5840.07    15.1869
     6251.8591531244    5650.70    14.9586
     6252.4984087763    5646.16    14.8870
     6253.1377297924    5659.77    14.9111
     6253.7771161794    5741.10    15.0296
     6254.4165679440    5846.38    15.1326
     6255.0560850929    5852.04    15.1399
     6255.6956676326    5826.11    15.1111
     6256.3353155700    5799.93    15.0717
     6256.9750289117    5764.95    15.0111
     6257.6148076645    5641.33    14.8960
     6258.2546518349    5636.45    14.8992
     6258.8945614296    5811.83    15.0849
     6259.5345364555    5956.90    15.2363
     6260.1745769191    5946.61    15.2500
     6260.8146828272    5910.29    15.2266
     6261.4548541864    6011.50    15.3219
     6262.0950910034    6110.51    15.4667
     6262.7353932850    6190.14    15.5384
     6263.3757610378    6150.75    15.4794
     6264.0161942685    5992.65    15.3088
     6264.6566929838    5916.55    15.2161
     6265.2972571904    5957.18    15.2557
     6265.9378868950    6076.27    15.3880
     6266.5785821044    6137.00    15.4554
     6267.2193428251    6121.71    15.4387
     6267.8601690639    6140.54    15.4438
     6268.5010608275    6125.02    15.4352
     6269.1420181226    6074.93    15.3786
     6269.7830409559    6039.10    15.3394
     6270.4241293341    6038.83    15.3171
     6271.0652832639    6101.23    15.4098
     6271.7065027520    6147.76    15.4766
     6272.3477878051    6217.81    15.5457
     6272.9891384300    6200.80    15.5327
     6273.6305546332    6140.15    15.4583
     6274.2720364216    6121.78    15.4152
     6274.9135838017    6151.52    15.4321
     6275.5551967805    6141.80    15.4358
     6276.1968753644    6076.57    15.3647
     6276.8386195603    5907.87    15.1716
     6277.4804293749    5783.19    14.9931
     6278.1223048148    5742.06    14.9331
     6278.7642458868    5780.37    14.9824
     6279.4062525976    5759.90    14.9756
     6280.0483249539    5723.05    14.9417
     6280.6904629624    5805.13    15.0151
     6281.3326666298    5933.76    15.1869
     6281.9749359629    5934.62    15.2066
     6282.6172709683    6017.08    15.2787
     6283.2596716528    6078.97    15.3549
     6283.9021380231    6103.92    15.3902
     6284.5446700859    6099.87    15.3874
     6285.1872678479    6083.60    15.3552
     6285.8299313158    6141.83    15.4256
     6286.4726604964    6216.22    15.5148
     6287.1154553963    6205.89    15.5155
     6287.7583160224    6207.97    15.5156
     6288.4012423812    6207.60    15.4888
     6289.0442344796    6162.88    15.4262
     6289.6872923243    6061.51    15.3329
     6290.3304159219    5995.86    15.2274
     6290.9736052792    6027.90    15.2588
     6291.6168604030    6034.13    15.2801
     6292.2601812999    6011.35    15.2541
     6292.9035679767    6022.52    15.2609
     6293.5470204400    6091.34    15.3674
     6294.1905386968    6180.06    15.4569
     6294.8341227535    6144.01    15.4230
     6295.4777726171    6017.56    15.2484
     6296.1214882941    5988.18    15.2036
     6296.7652697915    5925.23    15.1412
     6297.4091171157    5910.83    15.1074
     6298.0530302737    5970.91    15.1711
     6298.6970092721    5974.11    15.2010
     6299.3410541177    6041.52    15.2772
     6299.9851648172    6021.06    15.2616
     6300.6293413773    5756.10    14.9351
     6301.2735838048    5617.61    14.7577
     6301.9178921064    5635.72    14.7650
     6302.5622662888    5798.54    14.9520
     6303.2067063588    5986.91    15.2088
     6303.8512123231    6142.76    15.7065
     6304.4957841885    6154.11    15.4064
     6305.1404219617    6132.89    15.3637
     6305.7851256493    6116.00    15.3498
     6306.4298952583    6161.06    15.4030
     6307.0747307952    6194.30    15.4596
     6307.7196322669    6237.81    15.4870
     6308.3645996801    6238.07    15.5055
     6309.0096330416    6212.20    15.4800
     6309.6547323580    6151.05    15.3649
     6310.2998976361    6086.27    15.3117
     6310.9451288827    6058.91    15.2713
     6311.5904261045    6073.22    15.6090
     6312.2357893082    6153.57    15.3781
     6312.8812185007    6188.12    15.4091
     6313.5267136886    6054.17    15.2456
     6314.1722748787    5844.74    14.9625
     6314.8179020778    5818.73    14.9526
     6315.4635952925    5909.91    15.0628
     6316.1093545297    6012.30    15.1653
     6316.7551797961    5928.51    15.0745
     6317.4010710984    5696.48    14.7637
     6318.0470284435    5661.28    14.7295
     6318.6930518380    5809.24    14.9419
     6319.3391412887    5994.36    16.3124
     6319.9852968023    6089.17    15.2781
     6320.6315183857    6176.24    15.3757
     6321.2778060456    6162.19    15.3872
     6321.9241597887    6031.65    15.2049
     6322.5705796217    6011.72    15.1575
     6323.2170655516    6116.49    15.2867
     6323.8636175849    6194.17    15.3947
     6324.5102357284    6231.15    15.4532
     6325.1569199890    6268.71    15.4819
     6325.8036703734    6253.20    15.4826
     6326.4504868883    6221.37    15.4398
     6327.0973695406    6168.91    15.3589
     6327.7443183369    6227.16    15.4488
     6328.3913332840    6251.56    15.8297
     6329.0384143887    6185.26    15.3794
     6329.6855616578    6104.17    15.2523
     6330.3327750980    6138.23    15.2918
     6330.9800547161    6203.84    15.3843
     6331.6274005188    6265.74    15.4902
     6332.2748125130    6281.65    15.4946
     6332.9222907054    6317.62    15.5247
     6333.5698351027    6230.97    15.4237
     6334.2174457118    6041.01    15.1729
     6334.8651225393    5887.58    14.9911
     6335.5128655922    5737.60    14.7882
     6336.1606748770    5683.66    14.6740
     6336.8085504007    5842.31    15.1928
     6337.4564921700    5987.53    15.0352
     6338.1045001916    6000.64    15.0648
     6338.7525744724    6042.59    15.1226
     6339.4007150191    6107.93    15.1877
     6340.0489218385    6188.17    15.2840
     6340.6971949373    6223.11    15.3472
     6341.3455343224    6226.71    15.3589
     6341.9939400005    6172.62    15.2865
     6342.6424119784    6083.83    15.1725
     6343.2909502629    5995.34    15.0655
     6343.9395548607    6017.77    15.1027
     6344.5882257787    6106.10    15.2195
     6345.2369630236    6185.40    15.2913
     6345.8857666022    6240.46    15.3961
     6346.5346365212    6240.82    15.3851
     6347.1835727876    6294.10    15.4747
     6347.8325754080    6290.91    15.4703
     6348.4816443892    6299.77    15.4350
     6349.1307797380    6305.64    15.4908
     6349.7799814613    6325.26    15.5070
     6350.4292495657    6351.03    15.5700
     6351.0785840582    6303.84    15.6315
     6351.7279849453    6328.80    15.5092
     6352.3774522341    6265.98    15.4238
     6353.0269859312    6308.14    15.4688
     6353.6765860434    6226.88    15.4025
     6354.3262525776    6063.11    15.1852
     6354.9759855405    6131.13    15.2851
     6355.6257849389    6225.04    15.4038
     6356.2756507796    6271.82    15.5857
     6356.9255830694    6269.91    15.4075
     6357.5755818151    6131.25    15.3320
     6358.2256470235    6020.98    15.4161
     6358.8757787013    6068.77    15.1532
     6359.5259768555    6120.33    15.2436
     6360.1762414927    6162.02    15.2823
     6360.8265726198    6078.95    15.1887
     6361.4769702436    5998.82    15.0730
     6362.1274343709    6025.08    15.1097
     6362.7779650084    6051.29    15.1513
     6363.4285621630    6119.80    15.2161
     6364.0792258415    6180.87    15.2917
     6364.7299560506    6235.69    15.3573
     6365.3807527973    6247.78    15.3893
     6366.0316160882    6230.31    15.3705
     6366.6825459302    6291.23    15.4356
     6367.3335423302    6345.48    15.5125
     6367.9846052948    6361.27    15.5306
     6368.6357348309    6358.89    15.5206
     6369.2869309453    6350.53    15.5584
     6369.9381936449    6331.30    15.5902
     6370.5895229364    6353.03    15.4962
     6371.2409188266    6356.66    15.5060
     6371.8923813223    6371.93    15.5236
     6372.5439104305    6386.79    15.5513
     6373.1955061578    6421.15    15.5909
     6373.8471685111    6402.64    15.5660
     6374.4988974971    6394.92    15.5523
     6375.1506931228    6401.90    15.5472
     6375.8025553949    6391.07    15.5430
     6376.4544843202    6372.74    15.5733
     6377.1064799056    6364.47    15.5680
     6377.7585421579    6296.88    15.4344
     6378.4106710838    6315.48    15.4502
     6379.0628666903    6355.48    15.4757
     6379.7151289840    6250.84    15.3781
     6380.3674579719    6226.42    15.3550
     6381.0198536608    6293.86    15.4141
     6381.6723160574    6309.30    15.4374
     6382.3248451686    6377.00    15.4761
     6382.9774410013    6332.95    15.4720
     6383.6301035622    6357.58    15.4759
     6384.2828328581    6360.55    15.4832
     6384.9356288960    6350.36    15.4852
     6385.5884916825    6396.66    15.5115
     6386.2414212246    6375.20    15.4914
     6386.8944175291    6382.09    15.4960
     6387.5474806028    6384.70    15.4984
     6388.2006104524    6364.21    15.4748
     6388.8538070850    6397.36    15.5007
     6389.5070705072    6404.94    15.5178
     6390.1604007259    6408.24    15.5124
     6390.8137977479    6402.50    15.5224
     6391.4672615801    6384.27    15.4919
     6392.1207922293    6147.84    15.2541
     6392.7743897023    5885.41    14.9641
     6393.4280540060    5925.30    14.9362
     6394.0817851472    6084.21    15.1304
     6394.7355831327    6278.53    15.3411
     6395.3894479693    6359.23    15.4549
     6396.0433796640    6436.36    15.5404
     6396.6973782235    6402.27    15.4819
     6397.3514436547    6394.31    15.4952
     6398.0055759644    6386.53    15.4405
     6398.6597751594    6015.12    16.6173
     6399.3140412466    5609.50    15.4515
     6399.9683742329    5618.67    14.8007
     6400.6227741250    5992.48    15.3612
     6401.2772409298    6277.84    15.3996
     6401.9317746542    6418.70    15.5045
     6402.5863753050    6450.47    15.5517
     6403.2410428890    6469.00    15.5872
     6403.8957774131    6457.59    15.5527
     6404.5505788841    6375.21    15.4564
     6405.2054473088    6391.25    15.4670
     6405.8603826942    6349.32    15.4198
     6406.5153850471    6222.07    15.2591
     6407.1704543743    6026.31    15.0160
     6407.8255906826    6017.53    15.0014
     6408.4807939789    6189.07    15.1958
     6409.1360642701    6338.53    15.3778
     6409.7914015630    6341.30    15.4066
     6410.4468058645    6037.78    15.4312
     6411.1022771813    5897.27    14.8525
     6411.7578155205    6007.29    14.9777
     6412.4134208887    6231.75    15.2521
     6413.0690932929    6347.16    15.3849
     6413.7248327400    6348.67    15.4008
     6414.3806392367    6303.47    15.3387
     6415.0365127899    6315.72    15.3306
     6415.6924534066    6352.90    15.3678
     6416.3484610935    6358.05    15.4046
     6417.0045358575    6373.17    15.4214
     6417.6606777054    6397.06    15.4423
     6418.3168866442    6333.01    15.3545
     6418.9731626807    6195.53    15.2190
     6419.6295058217    6108.17    15.0753
     6420.2859160741    5976.29    14.9433
     6420.9423934448    5995.61    14.9799
     6421.5989379406    6186.21    15.1863
     6422.2555495685    6347.93    15.4006
     6422.9122283351    6472.23    15.5038
     6423.5689742476    6473.42    15.5273
     6424.2257873125    6438.36    15.4769
     6424.8826675370    6467.12    15.5075
     6425.5396149278    6462.08    15.5061
     6426.1966294917    6467.82    15.5011
     6426.8537112358    6466.08    15.5213
     6427.5108601667    6506.19    15.5390
     6428.1680762915    6436.76    15.4902
     6428.8253596169    6455.88    15.4501
     6429.4827101499    6235.73    15.4645
     6430.1401278972    6010.50    15.2540
     6430.7976128659    6080.52    15.0487
     6431.4551650627    6195.36    15.1621
     6432.1127844946    6336.91    15.3207
     6432.7704711683    6364.59    15.3697
     6433.4282250909    6409.16    15.3990
     6434.0860462691    6452.52    15.4622
     6434.7439347098    6485.59    15.4973
     6435.4018904200    6457.46    15.4758
     6436.0599134065    6449.59    15.4540
     6436.7180036761    6417.16    15.4010
     6437.3761612358    6268.23    15.1978
     6438.0343860924    5852.44    15.0914
     6438.6926782528    5695.49    14.6967
     6439.3510377239    5923.41    15.5362
     6440.0094645126    6225.43    15.3320
     6440.6679586257    6409.15    15.3921
     6441.3265200702    6455.26    15.4466
     6441.9851488530    6433.56    15.4033
     6442.6438449808    6489.88    15.4751
     6443.3026084607    6464.85    15.9041
     6443.9614392994    6480.36    15.5012
     6444.6203375039    6470.06    15.4193
     6445.2793030811    6503.79    15.5341
     6445.9383360378    6493.89    15.4734
     6446.5974363809    6473.41    15.4343
     6447.2566041174    6491.36    15.4699
     6447.9158392542    6371.71    15.3405
     6448.5751417980    6029.86    15.3187
     6449.2345117558    5820.52    14.7658
     6449.8939491346    5910.47    14.7676
     6450.5534539411    6157.72    15.0633
     6451.2130261823    6331.74    15.2616
     6451.8726658651    6417.59    15.3510
     6452.5323729964    6454.69    15.4046
     6453.1921475831    6471.66    15.4130
     6453.8519896320    6425.44    15.3488
     6454.5118991501    6291.53    15.2252
     6455.1718761443    6207.69    15.1324
     6455.8319206214    6220.10    15.1377
     6456.4920325885    6322.56    15.2205
     6457.1522120523    6407.17    15.3244
     6457.8124590197    6467.41    15.3984
     6458.4727734978    6478.69    15.4291
     6459.1331554933    6514.08    15.4698
     6459.7936050132    6467.95    15.4571
     6460.4541220644    6466.92    15.3945
     6461.1147066537    6175.55    15.6991
     6461.7753587882    5667.44    15.3514
     6462.4360784747    5688.38    14.7026
     6463.0968657200    5984.30    14.8151
     6463.7577205313    6231.32    15.1097
     6464.4186429152    6381.81    15.3043
     6465.0796328787    6476.13    15.4387
     6465.7406904289    6514.77    15.4741
     6466.4018155724    6496.64    15.4388
     6467.0630083164    6498.78    15.4488
     6467.7242686676    6467.15    15.8710
     6468.3855966330    6377.57    15.4320
     6469.0469922195    6348.72    15.2726
     6469.7084554341    6387.81    15.2835
     6470.3699862836    6251.93    15.1251
     6471.0315847749    6145.41    15.1431
     6471.6932509150    6189.77    15.1839
     6472.3549847108    6310.57    15.2207
     6473.0167861692    6408.38    15.3110
     6473.6786552971    6478.13    15.3741
     6474.3405921014    6397.44    15.3087
     6475.0025965892    6264.75    15.1605
     6475.6646687672    6298.21    15.1888
     6476.3268086424    6379.75    15.2762
     6476.9890162217    6473.55    15.3930
     6477.6512915121    6487.01    15.3964
     6478.3136345204    6509.03    15.4295
     6478.9760452537    6480.44    15.3986
     6479.6385237187    6473.41    15.3667
     6480.3010699225    6402.12    15.2960
     6480.9636838720    6314.40    15.2125
     6481.6263655741    6220.04    15.1253
     6482.2891150357    6270.98    15.1425
     6482.9519322638    6301.81    15.1892
     6483.6148172652    6377.43    15.2857
     6484.2777700470    6451.99    15.3623
     6484.9407906160    6481.66    15.3946
     6485.6038789792    6527.33    15.4295
     6486.2670351435    6490.19    15.3929
     6486.9302591159    6500.39    15.4135
     6487.5935509032    6525.60    15.4354
     6488.2569105124    6516.56    15.4225
     6488.9203379505    6505.19    15.4034
     6489.5838332243    6495.34    15.4027
     6490.2473963409    6427.41    15.3412
     6490.9110273071    6354.62    15.2471
     6491.5747261299    6398.52    15.2610
     6492.2384928163    6281.66    15.1282
     6492.9023273731    5940.78    14.8382
     6493.5662298073    5618.50    14.3669
     6494.2302001259    5476.77    14.1606
     6494.8942383357    5564.57    14.2437
     6495.5583444438    5726.55    14.4667
     6496.2225184570    5867.02    14.6336
     6496.8867603824    6080.86    14.9063
     6497.5510702269    6229.28    15.1304
     6498.2154479973    6191.75    15.5190
     6498.8798937007    6076.57    14.8961
     6499.5444073440    6164.92    15.0091
     6500.2089889341    6301.27    15.1506
     6500.8736384781    6400.87    15.2671
     6501.5383559827    6491.21    15.3724
     6502.2031414551    6515.15    15.4065
     6502.8679949021    6520.71    15.4078
     6503.5329163307    6509.28    15.4087
     6504.1979057478    6539.98    15.4301
     6504.8629631604    6545.89    15.4386
     6505.5280885755    6538.78    15.4225
     6506.1932819999    6551.25    15.4265
     6506.8585434408    6559.18    15.4215
     6507.5238729049    6501.66    15.6680
     6508.1892703993    6477.79    15.6294
     6508.8547359309    6510.23    15.4073
     6509.5202695067    6533.68    15.4222
     6510.1858711336    6572.56    15.4602
     6510.8515408186    6583.65    15.4796
     6511.5172785686    6551.95    15.4238
     6512.1830843907    6523.76    15.4062
     6512.8489582917    6562.37    15.4406
     6513.5149002787    6570.80    15.4655
     6514.1809103586    6516.54    15.3803
     6514.8469885383    6448.00    15.3044
     6515.5131348248    6384.44    15.2476
     6516.1793492251    6349.32    15.1664
     6516.8456317462    6351.80    15.1844
     6517.5119823950    6279.87    15.1081
     6518.1784011784    6269.93    15.0828
     6518.8448881035    6379.18    15.2404
     6519.5114431773    6512.73    15.5117
     6520.1780664066    6554.44    15.4136
     6520.8447577984    6584.26    15.4513
     6521.5115173598    6567.84    15.4399
     6522.1783450977    6533.89    15.3933
     6522.8452410190    6551.22    15.4158
     6523.5122051307    6538.85    15.4172
     6524.1792374399    6553.15    15.4180
     6524.8463379534    6581.73    15.4547
     6525.5135066784    6536.22    15.4043
     6526.1807436216    6474.96    15.3377
     6526.8480487901    6457.11    15.3253
     6527.5154221909    6510.56    15.3657
     6528.1828638310    6530.15    15.3790
     6528.8503737173    6561.80    15.4032
     6529.5179518568    6582.70    15.4443
     6530.1855982565    6578.26    15.4461
     6530.8533129234    6572.91    15.4234
     6531.5210958644    6512.29    15.3686
     6532.1889470865    6507.34    15.3692
     6532.8568665968    6484.22    15.3184
     6533.5248544022    6420.83    15.2481
     6534.1929105096    6516.52    15.3553
     6534.8610349261    6526.42    15.3697
     6535.5292276587    6567.38    15.4924
     6536.1974887143    6561.33    15.3942
     6536.8658180999    6580.61    15.4445
     6537.5342158225    6616.43    15.4843
     6538.2026818891    6599.58    15.4667
     6538.8712163067    6624.84    15.5021
     6539.5398190823    6631.25    15.4906
     6540.2084902228    6628.24    15.4774
     6540.8772297352    6581.76    15.4158
     6541.5460376267    6605.00    15.4533
     6542.2149139040    6571.65    15.4363
     6542.8838585743    6517.58    15.3662
     6543.5528716445    6530.53    15.3646
     6544.2219531216    6534.26    15.3556
     6544.8911030126    6382.46    15.2497
     6545.5603213245    6205.09    15.0552
     6546.2296080643    6215.65    15.0073
     6546.8989632390    6351.63    15.1619
     6547.5683868556    6499.37    15.3070
     6548.2378789211    6515.26    15.3397
     6548.9074394425    6528.61    15.3661
     6549.5770684268    6551.33    15.3998
     6550.2467658810    6550.58    15.3700
     6550.9165318120    6533.12    15.3649
     6551.5863662270    6531.78    15.3639
     6552.2562691328    6437.35    15.2227
     6552.9262405366    6412.67    15.1871
     6553.5962804452    6314.40    15.0965
     6554.2663888658    6300.68    15.0684
     6554.9365658053    6235.62    15.0281
     6555.6068112707    6189.63    14.9599
     6556.2771252690    6244.14    15.0122
     6556.9475078072    6286.82    15.0445
     6557.6179588924    6278.38    15.0449
     6558.2884785316    6220.92    15.1442
     6558.9590667317    6154.01    15.1624
     6559.6297234997    6030.43    14.7599
     6560.3004488428    5840.82    14.5232
     6560.9712427679    5309.79    14.7914
     6561.6421052819    4119.77    14.1539
     6562.3130363920    3439.86    12.6254
     6562.9840361051    3784.79    14.8545
     6563.6551044283    4664.27    19.2301
     6564.3262413685    5566.69    16.6623
     6564.9974469328    5987.77    14.8194
     6565.6687211282    6088.22    14.7855
     6566.3400639617    6247.93    14.9999
     6567.0114754404    6337.97    15.1099
     6567.6829555712    6317.47    15.0684
     6568.3545043611    6194.83    14.9416
     6569.0261218173    6204.20    14.9539
     6569.6978079467    6303.80    15.0702
     6570.3695627563    6443.46    15.2272
     6571.0413862532    6461.14    15.2515
     6571.7132784443    6367.73    15.1496
     6572.3852393368    6334.04    15.1096
     6573.0572689376    6322.12    15.0752
     6573.7293672537    6300.51    15.0487
     6574.4015342922    6238.84    15.0019
     6575.0737700601    6312.10    15.0755
     6575.7460745645    6470.10    15.2528
     6576.4184478123    6571.55    15.3702
     6577.0908898106    6594.26    15.3920
     6577.7634005665    6593.66    15.3974
     6578.4359800869    6618.53    15.4271
     6579.1086283789    6618.83    15.4156
     6579.7813454495    6554.87    15.3430
     6580.4541313057    6537.26    15.3350
     6581.1269859546    6526.12    15.3141
     6581.7999094033    6540.22    15.3125
     6582.4729016587    6594.51    15.3915
     6583.1459627279    6617.49    15.4180
     6583.8190926179    6614.14    15.4062
     6584.4922913357    6614.10    15.4067
     6585.1655588885    6528.13    15.3172
     6585.8388952832    6489.53    15.2774
     6586.5123005269    6510.88    15.2957
     6587.1857746266    6571.05    15.3479
     6587.8593175893    6615.85    15.3941
     6588.5329294221    6680.58    15.4550
     6589.2066101321    6642.98    15.4330
     6589.8803597263    6633.39    15.4126
     6590.5541782117    6634.96    15.4006
     6591.2280655953    6513.02    15.2535
     6591.9020218843    6262.73    14.9662
     6592.5760470856    6005.77    14.7058
     6593.2501412064    6041.61    14.7378
     6593.9243042536    6261.65    14.9857
     6594.5985362343    6504.93    15.2474
     6595.2728371555    6599.56    15.3491
     6595.9472070243    6591.90    15.3461
     6596.6216458478    6566.60    15.3315
     6597.2961536330    6524.49    15.2730
     6597.9707303870    6478.37    15.2336
     6598.6453761167    6503.02    15.2257
     6599.3200908293    6566.56    15.3008
     6599.9948745318    6606.82    15.4719
     6600.6697272313    6633.17    15.6786
     6601.3446489347    6663.94    15.4229
     6602.0196396493    6661.88    15.4264
     6602.6946993820    6653.78    15.4121
     6603.3698281399    6632.45    15.3823
     6604.0450259300    6567.43    15.3129
     6604.7202927594    6516.66    15.2451
     6605.3956286352    6552.20    15.2950
     6606.0710335644    6601.62    15.3385
     6606.7465075541    6602.62    15.3404
     6607.4220506114    6552.58    15.2740
     6608.0976627432    6420.38    15.1259
     6608.7733439567    6355.71    15.0616
     6609.4490942590    6456.86    15.1556
     6610.1249136570    6569.34    15.4751
     6610.8008021579    6664.06    15.4024
     6611.4767597688    6647.67    15.3792
     6612.1527864966    6630.66    15.3525
     6612.8288823485    6632.85    15.3678
     6613.5050473316    6601.38    15.3362
     6614.1812814528    6677.49    15.3885
     6614.8575847193    6644.22    15.3636
     6615.5339571381    6647.63    15.3513
     6616.2103987164    6658.70    15.3822
     6616.8869094611    6660.19    15.3924
     6617.5634893794    6638.84    15.3588
     6618.2401384783    6610.94    15.3215
     6618.9168567650    6666.70    15.3749
     6619.5936442464    6673.89    15.4130
     6620.2705009296    6715.14    15.4695
     6620.9474268218    6689.24    15.4560
     6621.6244219299    6705.41    15.9607
     6622.3014862612    6668.39    15.4013
     6622.9786198226    6663.55    15.3862
     6623.6558226213    6621.16    15.3422
     6624.3330946642    6579.05    15.3637
     6625.0104359586    6598.59    15.6044
     6625.6878465114    6602.61    15.3141
     6626.3653263298    6657.05    15.3803
     6627.0428754209    6603.26    15.3493
     6627.7204937916    6634.55    15.3599
     6628.3981814492    6646.55    15.3808
     6629.0759384007    6640.52    15.3664
     6629.7537646531    6621.16    15.3477
     6630.4316602137    6607.63    15.3260
     6631.1096250893    6616.65    15.3200
     6631.7876592872    6587.16    15.3032
     6632.4657628145    6461.60    15.2559
     6633.1439356781    6315.50    15.0130
     6633.8221778853    6331.02    15.0156
     6634.5004894430    6469.41    15.1797
     6635.1788703585    6600.74    15.3761
     6635.8573206387    6672.22    15.3978
     6636.5358402908    6687.34    15.4038
     6637.2144293219    6675.58    15.4701
     6637.8930877390    6670.81    15.6431
     6638.5718155493    6655.51    15.3765
     6639.2506127598    6612.28    15.3289
     6639.9294793777    6602.38    15.2943
     6640.6084154100    6666.22    15.3518
     6641.2874208639    6699.10    15.4069
     6641.9664957463    6630.76    15.3157
     6642.6456400646    6420.99    15.1080
     6643.3248538257    6352.39    15.0760
     6644.0041370367    6480.57    15.1605
     6644.6834897047    6575.26    15.2581
     6645.3629118369    6650.69    15.3455
     6646.0424034404    6671.85    15.3620
     6646.7219645222    6642.49    15.3390
     6647.4015950894    6677.58    15.4125
     6648.0812951492    6664.20    15.3720
     6648.7610647087    6701.57    15.3990
     6649.4409037749    6662.57    15.3602
     6650.1208123550    6714.20    15.4055
     6650.8007904561    6699.26    15.4136
     6651.4808380853    6724.17    15.4443
     6652.1609552497    6728.92    15.4628
     6652.8411419563    6726.03    15.4251
     6653.5213982125    6653.47    15.3706
     6654.2017240251    6715.05    15.4176
     6654.8821194014    6686.47    15.3895
     6655.5625843485    6683.67    15.3962
     6656.2431188734    6709.05    15.4048
     6656.9237229834    6713.16    15.4123
     6657.6043966854    6687.78    15.3462
     6658.2851399866    6701.12    15.3754
     6658.9659528942    6671.89    15.3608
     6659.6468354152    6698.52    15.4260
     6660.3277875568    6646.08    15.3310
     6661.0088093261    6639.51    15.3162
     6661.6899007302    6619.29    15.2598
     6662.3710617763    6421.52    15.0639
     6663.0522924713    6301.66    14.9556
     6663.7335928226    6431.25    15.0670
     6664.4149628371    6546.56    15.2421
     6665.0964025221    6615.08    15.2827
     6665.7779118846    6623.69    15.2869
     6666.4594909318    6608.49    15.2558
     6667.1411396707    6601.08    15.2699
     6667.8228581086    6606.72    15.2778
     6668.5046462525    6654.78    15.3347
     6669.1865041096    6654.69    15.3206
     6669.8684316870    6706.11    15.3668
     6670.5504289918    6711.77    15.3858
     6671.2324960312    6691.95    15.3729
     6671.9146328122    6711.08    15.4087
     6672.5968393421    6727.15    15.4035
     6673.2791156279    6676.93    15.3471
     6673.9614616768    6706.17    15.3790
     6674.6438774960    6739.68    15.7618
     6675.3263630925    6694.55    15.6914
     6676.0089184734    6673.84    15.3747
     6676.6915436460    6387.55    15.1661
     6677.3742386174    6190.71    14.8381
     6678.0570033946    6200.02    15.0855
     6678.7398379849    6446.23    15.0798
     6679.4227423953    6619.71    15.2700
     6680.1057166330    6689.04    15.3435
     6680.7887607053    6690.78    15.3446
     6681.4718746190    6684.27    15.3464
     6682.1550583816    6715.58    15.3880
     6682.8383120000    6722.01    15.3965
     6683.5216354814    6727.76    15.4033
     6684.2050288329    6738.81    15.4019
     6684.8884920618    6726.62    15.3897
     6685.5720251751    6730.94    15.3781
     6686.2556281801    6689.90    15.3347
     6686.9393010837    6739.77    15.3933
     6687.6230438933    6693.93    15.3388
     6688.3068566158    6713.47    15.3610
     6688.9907392586    6723.45    15.3750
     6689.6746918287    6724.10    15.3739
     6690.3587143333    6711.05    15.3717
     6691.0428067795    6696.90    15.3479
     6691.7269691745    6694.56    15.3542
     6692.4112015255    6732.56    15.3871
     6693.0955038395    6727.61    15.3858
     6693.7798761238    6749.16    15.3892
     6694.4643183855    6666.95    15.3154
     6695.1488306317    6536.78    15.1607
     6695.8334128697    6493.76    15.1017
     6696.5180651065    6545.73    15.1825
     6697.2027873494    6606.50    15.2427
     6697.8875796054    6611.59    15.2604
     6698.5724418818    6593.26    15.2244
     6699.2573741856    6669.17    15.3058
     6699.9423765242    6678.84    15.3199
     6700.6274489045    6725.82    15.3732
     6701.3125913339    6708.24    15.3633
     6701.9978038194    6696.97    15.3270
     6702.6830863682    6608.88    15.2509
     6703.3684389875    6588.69    15.2113
     6704.0538616844    6545.64    15.1666
     6704.7393544661    6561.35    15.1797
     6705.4249173398    6637.36    15.2690
     6706.1105503127    6686.62    15.3289
     6706.7962533918    6702.98    15.3393
     6707.4820265844    6717.27    15.3584
     6708.1678698977    6702.85    15.7035
     6708.8537833388    6699.01    15.3373
     6709.5397669148    6664.46    15.2954
     6710.2258206330    6673.85    15.3190
     6710.9119445006    6704.05    15.3492
     6711.5981385246    6696.03    15.3383
     6712.2844027123    6638.60    15.2832
     6712.9707370709    6637.94    15.2613
     6713.6571416075    6636.45    15.2714
     6714.3436163293    6627.47    15.2302
     6715.0301612435    6581.77    15.1931
     6715.7167763572    6610.30    15.2074
     6716.4034616776    6385.37    14.9712
     6717.0902172120    6187.34    14.9410
     6717.7770429674    6302.72    14.8593
     6718.4639389512    6470.83    15.0482
     6719.1509051703    6650.73    15.2742
     6719.8379416321    6694.96    15.3278
     6720.5250483437    6686.51    15.2936
     6721.2122253123    6613.43    15.2281
     6721.8994725451    6652.84    15.2671
     6722.5867900493    6685.93    15.3099
     6723.2741778320    6752.43    15.3705
     6723.9616359004    6725.47    15.3518
     6724.6491642618    6704.78    15.3274
     6725.3367629233    6640.35    15.2522
     6726.0244318920    6579.56    15.1651
     6726.7121711753    6637.18    15.2221
     6727.3999807802    6705.99    15.3160
     6728.0878607141    6719.18    15.3452
     6728.7758109839    6729.53    15.4040
     6729.4638315970    6727.16    15.3528
     6730.1519225606    6743.57    15.3556
     6730.8400838818    6733.66    15.3702
     6731.5283155678    6754.57    15.3956
     6732.2166176259    6694.72    15.3519
     6732.9049900632    6696.30    15.3364
     6733.5934328869    6716.97    15.3428
     6734.2819461042    6760.09    15.3973
     6734.9705297223    6757.40    15.3917
     6735.6591837484    6757.13    15.4297
     6736.3479081898    6750.61    15.6753
     6737.0367030535    6695.48    15.3297
     6737.7255683469    6668.19    15.2835
     6738.4145040771    6639.39    15.2508
     6739.1035102513    6639.10    15.2544
     6739.7925868767    6722.24    15.3165
     6740.4817339605    6682.04    15.3105
     6741.1709515100    6760.07    15.3564
     6741.8602395323    6626.37    15.2258
     6742.5495980346    6590.69    15.2010
     6743.2390270242    6628.60    15.2534
     6743.9285265082    6711.74    15.3497
     6744.6180964939    6675.52    15.2830
     6745.3077369884    6673.47    15.2641
     6745.9974479991    6701.25    15.3035
     6746.6872295330    6721.56    15.3361
     6747.3770815974    6713.40    15.3408
     6748.0670041995    6701.79    15.3147
     6748.7569973465    6603.65    15.2040
     6749.4470610457    6519.01    15.1252
     6750.1371953043    6537.94    15.1216
     6750.8274001294    6607.76    15.1946
     6751.5176755282    6648.60    15.2329
     6752.2080215081    6618.84    15.2112
     6752.8984380762    6647.77    15.2617
     6753.5889252397    6695.05    15.2969
     6754.2794830059    6690.74    15.2862
     6754.9701113819    6697.61    15.2821
     6755.6608103751    6716.43    15.3388
     6756.3515799925    6763.92    15.3805
     6757.0424202415    6736.17    15.3567
     6757.7333311292    6755.62    15.3676
     6758.4243126629    6762.33    15.3630
     6759.1153648498    6775.74    15.3961
     6759.8064876971    6771.08    15.3818
     6760.4976812121    6791.83    15.4136
     6761.1889454019    6752.82    15.3640
     6761.8802802738    6810.59    15.4100
     6762.5716858351    6774.11    15.3696
     6763.2631620929    6741.41    15.3296
     6763.9547090546    6723.02    15.3095
     6764.6463267272    6727.39    15.3167
     6765.3380151181    6723.92    15.3137
     6766.0297742344    6689.52    15.2643
     6766.7216040835    6574.12    15.1692
     6767.4135046725    6510.66    15.1042
     6768.1054760086    6570.85    15.1547
     6768.7975180992    6683.02    15.2856
     6769.4896309514    6740.52    15.3310
     6770.1818145725    6702.85    15.2961
     6770.8740689697    6668.64    15.2462
     6771.5663941503    6609.14    15.2136
     6772.2587901214    6657.65    15.2395
     6772.9512568904    6700.45    15.3109
     6773.6437944645    6786.35    15.3797
     6774.3364028508    6770.05    15.3767
     6775.0290820567    6782.82    15.4003
     6775.7218320894    6794.45    15.3975
     6776.4146529561    6766.50    15.3778
     6777.1075446640    6770.93    15.3696
     6777.8005072205    6778.41    15.3731
     6778.4935406328    6776.32    15.3677
     6779.1866449080    6792.11    15.3914
     6779.8798200536    6799.25    15.3968
     6780.5730660766    6763.72    15.3629
     6781.2663829843    6780.83    15.3879
     6781.9597707840    6765.94    15.3626
     6782.6532294830    6666.79    15.2761
     6783.3467590885    6624.36    15.2054
     6784.0403596077    6660.83    15.2509
     6784.7340310479    6736.17    15.3374
     6785.4277734164    6726.87    15.3248
     6786.1215867203    6695.50    15.2911
     6786.8154709670    6730.05    15.3218
     6787.5094261637    6753.55    15.3582
     6788.2034523177    6785.95    15.3653
     6788.8975494362    6736.06    15.3127
     6789.5917175264    6780.60    15.3806
     6790.2859565957    6824.69    15.4426
     6790.9802666512    6817.61    15.4313
     6791.6746477003    6805.65    15.4066
     6792.3690997502    6771.03    15.3838
     6793.0636228081    6744.30    15.3558
     6793.7582168814    6766.66    15.3854
     6794.4528819773    6745.35    15.4083
     6795.1476181030    6746.04    15.3382
     6795.8424252658    6716.40    15.3099
     6796.5373034730    6710.40    15.3033
     6797.2322527318    6736.27    15.3143
     6797.9272730495    6723.52    15.3190
     6798.6223644334    6751.93    15.3406
     6799.3175268907    6754.79    15.3411
     6800.0127604288    6751.16    15.3520
     6800.7080650548    6773.36    15.3547
     6801.4034407760    6832.41    15.4239
     6802.0988875997    6770.46    15.3549
     6802.7944055332    6735.53    15.3089
     6803.4899945838    6725.56    15.3155
     6804.1856547587    6764.00    15.4030
     6804.8813860652    6783.03    15.3887
     6805.5771885105    6757.82    15.3486
     6806.2730621020    6705.44    15.5086
     6806.9690068469    6690.36    15.2579
     6807.6650227525    6764.31    15.3591
     6808.3611098260    6797.80    15.3868
     6809.0572680748    6765.66    15.3692
     6809.7534975061    6671.78    15.2669
     6810.4497981272    6734.26    15.3157
     6811.1461699454    6771.50    15.3842
     6811.8426129680    6789.18    15.3830
     6812.5391272022    6773.78    15.3631
     6813.2357126553    6787.62    15.3705
     6813.9323693346    6760.24    15.3653
     6814.6290972474    6713.00    15.3014
     6815.3258964010    6739.75    15.2991
     6816.0227668026    6780.59    15.3646
     6816.7197084596    6808.59    15.3951
     6817.4167213792    6841.30    15.4337
     6818.1138055687    6803.36    15.3885
     6818.8109610354    6764.36    15.3499
     6819.5081877865    6732.85    15.3405
     6820.2054858295    6719.35    15.3161
     6820.9028551715    6775.74    15.3776
     6821.6002958199    6835.82    15.4269
     6822.2978077819    6835.69    15.4475
     6822.9953910649    6803.98    15.4068
     6823.6930456761    6826.87    15.4480
     6824.3907716228    6815.08    15.4022
     6825.0885689124    6804.54    15.4000
     6825.7864375520    6848.71    15.4249
     6826.4843775491    6834.90    15.4369
     6827.1823889109    6791.30    15.4035
     6827.8804716447    6599.91    15.1669
     6828.5786257577    6665.17    15.2411
     6829.2768512574    6760.43    15.3697
     6829.9751481510    6826.17    15.4320
     6830.6735164457    6832.18    15.4451
     6831.3719561490    6822.94    15.4380
     6832.0704672681    6822.27    15.4276
     6832.7690498103    6805.77    15.3971
     6833.4677037828    6803.83    15.4050
     6834.1664291931    6838.09    15.4450
     6834.8652260484    6826.59    15.4191
     6835.5640943561    6807.49    15.4247
     6836.2630341233    6747.16    15.3218
     6836.9620453575    6783.85    15.3478
     6837.6611280659    6720.10    15.2962
     6838.3602822559    6680.57    15.2504
     6839.0595079347    6632.38    15.1938
     6839.7588051097    6639.73    15.1812
     6840.4581737882    6553.82    15.0929
     6841.1576139775    6477.50    15.0071
     6841.8571256848    6513.79    15.0439
     6842.5567089176    6508.01    15.0541
     6843.2563636831    6596.23    15.1389
     6843.9560899886    6654.06    15.2273
     6844.6558878415    6770.90    15.3367
     6845.3557572491    6801.46    15.3689
     6846.0556982187    6766.38    15.3534
     6846.7557107576    6856.45    15.6457
     6847.4557948730    6795.41    15.4277
     6848.1559505725    6786.48    15.3561
     6848.8561778632    6829.57    15.4050
     6849.5564767525    6826.99    15.4174
     6850.2568472476    6824.10    15.3969
     6850.9572893561    6806.31    15.3902
     6851.6578030850    6822.35    15.4178
     6852.3583884418    6839.11    15.4399
     6853.0590454339    6858.31    15.4412
     6853.7597740684    6711.67    15.2829
     6854.4605743528    6555.58    15.1264
     6855.1614462944    6578.51    15.1227
     6855.8623899004    6671.51    15.2333
     6856.5634051783    6710.18    15.2691
     6857.2644921353    6642.68    15.2277
     6857.9656507789    6692.15    15.2763
     6858.6668811162    6745.68    15.3185
     6859.3681831547    6770.89    15.3140
     6860.0695569016    6736.83    15.3102
     6860.7710023644    6686.05    15.2747
     6861.4725195503    6640.30    15.2255
     6862.1741084667    6704.42    15.2633
     6862.8757691209    6734.96    15.3225
     6863.5775015202    6837.98    15.4095
     6864.2793056720    6804.63    15.3895
     6864.9811815836    6784.32    15.3188
     6865.6831292624    6761.03    15.3630
     6866.3851487157    6865.46    15.8156
     6867.0872399508    6880.36    16.6874
     6867.7894029751    6823.43    20.7690
     6868.4916377959    6669.06    18.9704
     6869.1939444206    6705.69    18.2274
     6869.8963228564    6562.19    17.5650
     6870.5987731108    6654.54    17.4532
     6871.3012951910    6586.92    17.3062
     6872.0038891045    6610.30    17.2055
     6872.7065548586    6583.61    17.0977
     6873.4092924606    6762.39    17.1718
     6874.1121019178    6646.27    16.8900
     6874.8149832377    6697.93    16.8896
     6875.5179364275    6622.20    16.6141
     6876.2209614946    6686.20    16.6879
     6876.9240584464    6730.43    16.8427
     6877.6272272901    6728.67    16.3728
     6878.3304680333    6722.31    16.2038
     6879.0337806831    6753.10    16.1949
     6879.7371652470    6663.28    15.9769
     6880.4406217324    6597.54    16.4372
     6881.1441501465    6547.23    15.2061
     6881.8477504967    6535.87    15.1326
     6882.5514227904    6550.29    15.1788
     6883.2551670349    6726.47    15.6275
     6883.9589832376    6804.69    15.8348
     6884.6628714059    6695.34    15.7180
     6885.3668315471    6689.70    16.1905
     6886.0708636685    6733.01    16.3810
     6886.7749677776    6794.11    16.4590
     6887.4791438817    6726.81    15.8938
     6888.1833919881    6833.97    16.0264
     6888.8877121042    6781.24    16.3524
     6889.5921042375    6794.61    16.5529
     6890.2965683951    6694.94    16.1534
     6891.0011045845    6816.84    15.8929
     6891.7057128132    6846.51    16.0920
     6892.4103930883    6887.01    16.6436
     6893.1151454174    6779.72    16.6439
     6893.8199698077    6619.83    15.9200
     6894.5248662667    6695.92    15.6581
     6895.2298348017    6746.66    15.8307
     6895.9348754200    6798.20    16.3026
     6896.6399881291    6792.00    16.5847
     6897.3451729363    6750.80    16.1911
     6898.0504298490    6621.62    15.4913
     6898.7557588746    6764.37    15.5338
     6899.4611600204    6780.84    15.9276
     6900.1666332938    6837.02    16.4469
     6900.8721787023    6753.28    16.3632
     6901.5777962530    6715.16    15.8093
     6902.2834859535    6698.96    15.4562
     6902.9892478112    6796.54    15.5739
     6903.6950818333    6851.98    15.9847
     6904.4009880273    6804.83    16.3322
     6905.1069664005    6659.57    16.0393
     6905.8130169604    6646.39    15.5989
     6906.5191397143    6721.13    15.4281
     6907.2253346696    6743.56    15.4376
     6907.9316018337    6890.78    15.8313
     6908.6379412139    6883.70    16.1672
     6909.3443528177    6784.42    16.0417
     6910.0508366524    6711.30    15.6394
     6910.7573927254    6733.01    15.4189
     6911.4640210442    6749.97    15.3331
     6912.1707216160    6841.53    15.5228
     6912.8774944483    6733.97    15.6424
     6913.5843395485    6619.75    15.7168
     6914.2912569239    6577.06    15.5861
     6914.9982465820    6630.64    15.3385
     6915.7053085301    6529.55    15.0674
     6916.4124427756    6598.66    15.1093
     6917.1196493260    6675.10    15.2693
     6917.8269281886    6758.81    15.5843
     6918.5342793708    6766.30    15.7405
     6919.2417028800    6725.20    15.6202
     6919.9491987236    6762.42    15.4376
     6920.6567669089    6756.69    15.3321
     6921.3644074435    6775.12    15.3005
     6922.0721203347    6834.45    15.4188
     6922.7799055898    6733.42    15.4407
     6923.4877632164    6670.29    15.5650
     6924.1956932217    6573.93    15.4424
     6924.9036956133    6571.71    15.3044
     6925.6117703984    6659.30    15.2763
     6926.3199175845    6742.54    15.3254
     6927.0281371790    6770.52    15.3209
     6927.7364291893    6750.61    15.2911
     6928.4447936228    6813.76    15.5368
     6929.1532304869    6764.87    15.6259
     6929.8617397890    6771.90    15.5984
     6930.5703215366    6824.51    15.5427
     6931.2789757370    6792.21    15.4252
     6931.9877023976    6715.71    15.2959
     6932.6965015258    6698.06    15.3095
     6933.4053731292    6701.20    15.3581
     6934.1143172150    6780.58    15.4961
     6934.8233337906    6756.55    15.4172
     6935.5324228636    6742.97    15.3473
     6936.2415844413    6793.02    15.3590
     6936.9508185310    6742.80    15.3223
     6937.6601251404    6764.42    15.3968
     6938.3695042766    6739.44    15.3769
     6939.0789559472    6761.13    15.4309
     6939.7884801597    6760.33    15.5471
     6940.4980769213    6787.74    15.5966
     6941.2077462395    6774.31    15.5158
     6941.9174881217    6793.04    15.5345
     6942.6273025754    6761.92    15.4677
     6943.3371896080    6740.01    15.3770
     6944.0471492269    6569.89    15.1827
     6944.7571814395    6526.00    15.0724
     6945.4672862532    6565.77    14.9936
     6946.1774636755    6737.63    15.2222
