     5638.4610805046    1912.68    6.66884
     5639.0376159040    1950.14    6.74577
     5639.6142102544    1950.11    6.74778
     5640.1908635619    1956.37    6.74940
     5640.7675758325    1935.65    6.71660
     5641.3443470722    1924.60    6.69487
     5641.9211772870    1905.96    6.74040
     5642.4980664830    2000.84    7.50312
     5643.0750146661    2091.64    9.97430
     5643.6520218426    2179.94    11.8513
     5644.2290880182    2130.27    10.7679
     5644.8062131992    1950.76    6.79368
     5645.3833973916    1970.62    6.76746
     5645.9606406012    1977.25    6.78736
     5646.5379428343    1993.29    6.80670
     5647.1153040968    1990.23    6.80319
     5647.6927243948    2006.03    6.84286
     5648.2702037343    2017.10    7.02901
     5648.8477421214    1998.03    6.91925
     5649.4253395620    1980.23    6.78012
     5650.0029960622    1962.78    6.75430
     5650.5807116281    1957.09    6.75508
     5651.1584862657    1978.03    6.80597
     5651.7363199811    2002.29    6.92539
     5652.3142127802    1999.49    6.81866
     5652.8921646691    2010.30    6.83438
     5653.4701756539    2001.69    6.81152
     5654.0482457406    1990.65    6.79327
     5654.6263749353    1943.23    6.71066
     5655.2045632439    1923.62    6.69598
     5655.7828106726    1944.31    6.71316
     5656.3611172274    1947.35    6.81681
     5656.9394829143    1966.95    6.85909
     5657.5179077394    1960.76    6.73458
     5658.0963917087    1872.51    6.61006
     5658.6749348282    1797.37    6.47082
     5659.2535371041    1806.03    6.47328
     5659.8321985423    1873.12    6.59619
     5660.4109191490    1955.59    6.83360
     5660.9896989301    1972.45    6.77583
     5661.5685378918    1971.88    6.74677
     5662.1474360400    1923.09    6.88044
     5662.7263933808    1911.08    6.80481
     5663.3054099203    1937.48    6.69706
     5663.8844856645    1959.09    6.74416
     5664.4636206195    2006.91    6.80290
     5665.0428147913    2019.14    6.83184
     5665.6220681860    2025.25    6.83047
     5666.2013808097    2014.12    6.82648
     5666.7807526683    1999.29    6.79518
     5667.3601837680    1986.89    6.78599
     5667.9396741149    1982.48    6.77681
     5668.5192237148    2014.32    6.82190
     5669.0988325741    2020.25    6.82414
     5669.6785006986    2005.99    6.80641
     5670.2582280944    2021.82    6.81694
     5670.8380147677    2034.51    6.84229
     5671.4178607245    2035.01    6.84929
     5671.9977659707    2047.05    6.85710
     5672.5777305126    2054.75    6.87896
     5673.1577543561    2060.55    6.87929
     5673.7378375074    2075.95    6.91833
     5674.3179799724    2065.73    6.89977
     5674.8981817573    2043.36    6.84933
     5675.4784428681    2011.02    6.88651
     5676.0587633109    2029.86    6.88370
     5676.6391430917    2059.91    6.87614
     5677.2195822166    2066.60    6.88419
     5677.8000806918    2065.40    6.91433
     5678.3806385231    2041.40    6.93767
     5678.9612557169    2043.18    6.84296
     5679.5419322789    2042.02    6.85415
     5680.1226682155    2044.65    6.84768
     5680.7034635326    2060.81    6.87279
     5681.2843182363    2040.32    6.82299
     5681.8652323327    2009.50    6.78183
     5682.4462058278    1973.63    6.73365
     5683.0272387277    1959.90    6.89905
     5683.6083310386    1966.35    6.88552
     5684.1894827664    2001.96    6.78554
     5684.7706939173    2022.74    6.81175
     5685.3519644972    2018.29    6.81107
     5685.9332945124    2025.80    6.80680
     5686.5146839689    2005.83    6.78589
     5687.0961328727    1991.48    6.75117
     5687.6776412300    1970.17    6.71546
     5688.2592090468    1964.48    6.74853
     5688.8408363291    1972.04    6.73463
     5689.4225230832    1994.81    6.75618
     5690.0042693150    2030.30    6.79998
     5690.5860750306    2047.73    6.83050
     5691.1679402361    2040.05    6.83507
     5691.7498649377    2055.77    6.84502
     5692.3318491413    2076.39    6.87334
     5692.9138928531    2073.25    6.87121
     5693.4959960792    2078.18    6.87758
     5694.0781588256    2056.67    6.85473
     5694.6603810984    2046.00    6.82490
     5695.2426629037    2067.11    6.86744
     5695.8250042477    2078.97    6.88428
     5696.4074051363    2082.75    6.87910
     5696.9898655757    2077.16    6.91119
     5697.5723855719    2067.77    6.89247
     5698.1549651311    2059.28    6.84706
     5698.7376042594    2045.24    6.83130
     5699.3203029628    2055.75    6.83609
     5699.9030612474    2068.41    6.84884
     5700.4858791194    2047.19    6.82243
     5701.0687565847    2017.05    6.77442
     5701.6516936496    1997.05    6.97231
     5702.2346903200    2011.07    6.77841
     5702.8177466022    2040.67    6.80183
     5703.4008625021    2058.12    6.82817
     5703.9840380259    2066.30    6.83984
     5704.5672731797    2063.69    6.83264
     5705.1505679696    2033.99    6.80206
     5705.7339224017    2025.37    6.78100
     5706.3173364820    1994.01    6.81478
     5706.9008102168    1986.95    6.84905
     5707.4843436119    2007.55    6.73759
     5708.0679366737    1984.97    6.70604
     5708.6515894081    1963.38    6.67229
     5709.2353018214    1895.42    6.69131
     5709.8190739195    1911.07    6.59199
     5710.4029057085    1909.75    6.56637
     5710.9867971947    1925.46    6.70440
     5711.5707483841    1931.83    6.65638
     5712.1547592827    1924.01    6.66096
     5712.7388298967    1991.27    6.75535
     5713.3229602323    2066.81    6.90632
     5713.9071502955    2090.87    7.06251
     5714.4914000923    2067.23    6.81928
     5715.0757096291    2060.47    6.79390
     5715.6600789117    2051.31    6.77595
     5716.2445079464    2086.94    6.84873
     5716.8289967392    2104.79    6.86733
     5717.4135452964    2075.34    6.88628
     5717.9981536238    2072.98    6.83009
     5718.5828217278    2063.92    6.81711
     5719.1675496144    2105.00    6.86814
     5719.7523372897    2125.70    6.90041
     5720.3371847598    2109.25    6.89234
     5720.9220920308    2127.86    6.88614
     5721.5070591089    2115.40    6.88121
     5722.0920860002    2116.70    6.86797
     5722.6771727108    2116.92    6.88142
     5723.2623192467    2121.25    6.87255
     5723.8475256142    2149.79    6.93197
     5724.4327918193    2138.05    6.90272
     5725.0181178682    2131.46    6.89954
     5725.6035037669    2129.32    7.01691
     5726.1889495217    2110.89    6.93505
     5726.7744551385    2110.51    6.89178
     5727.3600206236    2093.82    6.87930
     5727.9456459831    2101.14    6.82870
     5728.5313312230    2121.52    6.86001
     5729.1170763495    2129.78    6.87945
     5729.7028813688    2146.21    6.89565
     5730.2887462869    2136.65    6.88362
     5730.8746711099    2115.85    6.86866
     5731.4606558441    2076.30    6.78200
     5732.0467004955    2076.68    6.78825
     5732.6328050703    2100.00    6.81458
     5733.2189695745    2134.08    6.86856
     5733.8051940143    2149.25    6.89090
     5734.3914783959    2144.57    6.88243
     5734.9778227253    2139.86    6.86796
     5735.5642270088    2133.81    6.86046
     5736.1506912523    2141.75    6.85786
     5736.7372154621    2124.42    6.83960
     5737.3237996443    2112.60    6.82055
     5737.9104438051    2133.60    6.85228
     5738.4971479504    2137.66    6.85784
     5739.0839120866    2132.07    6.84788
     5739.6707362197    2141.90    6.85255
     5740.2576203558    2134.30    6.84086
     5740.8445645011    2127.46    6.83500
     5741.4315686617    2119.46    6.81892
     5742.0186328439    2112.58    6.80166
     5742.6057570536    2115.12    6.80658
     5743.1929412970    2133.69    6.82873
     5743.7801855803    2134.63    6.83837
     5744.3674899096    2133.21    6.83296
     5744.9548542911    2156.81    6.87615
     5745.5422787309    2143.35    7.11042
     5746.1297632351    2135.58    6.81792
     5746.7173078099    2122.05    6.79927
     5747.3049124614    2108.73    6.78063
     5747.8925771958    2094.16    6.75049
     5748.4803020192    2088.10    6.74973
     5749.0680869377    2115.73    6.78297
     5749.6559319576    2135.37    6.80914
     5750.2438370848    2134.97    6.81015
     5750.8318023257    2131.41    6.80391
     5751.4198276863    2125.31    6.79222
     5752.0079131728    2096.13    6.74188
     5752.5960587912    2042.25    6.65533
     5753.1842645479    2010.88    6.60488
     5753.7725304489    2006.40    6.60439
     5754.3608565004    2022.26    6.62436
     5754.9492427085    2064.07    6.68015
     5755.5376890794    2101.29    6.73963
     5756.1261956192    2136.67    6.78402
     5756.7147623341    2134.53    6.78633
     5757.3033892302    2128.96    6.78616
     5757.8920763137    2160.56    6.80857
     5758.4808235908    2156.39    6.81410
     5759.0696310675    2137.65    6.78610
     5759.6584987501    2135.86    6.83231
     5760.2474266447    2116.38    7.01615
     5760.8364147575    2107.71    6.73730
     5761.4254630946    2108.10    6.74114
     5762.0145716622    2073.16    6.66861
     5762.6037404664    2037.58    6.61347
     5763.1929695134    2029.94    6.61289
     5763.7822588094    2064.36    6.66054
     5764.3716083605    2130.07    6.83275
     5764.9610181728    2168.83    6.86314
     5765.5504882526    2161.49    6.79922
     5766.1400186061    2154.63    6.83835
     5766.7296092392    2154.32    6.87393
     5767.3192601583    2148.79    6.77183
     5767.9089713695    2166.75    6.80227
     5768.4987428790    2170.56    6.80804
     5769.0885746929    2153.69    6.77424
     5769.6784668174    2152.58    6.77158
     5770.2684192586    2149.82    6.77575
     5770.8584320228    2156.85    6.78114
     5771.4485051161    2134.83    6.73577
     5772.0386385446    2119.23    6.72038
     5772.6288323145    2134.13    6.73542
     5773.2190864321    2130.58    6.80068
     5773.8094009034    2141.57    6.81203
     5774.3997757346    2134.25    6.73029
     5774.9902109320    2111.18    6.70238
     5775.5807065017    2129.13    6.71281
     5776.1712624498    2144.98    6.75079
     5776.7618787826    2155.43    6.75568
     5777.3525555062    2155.94    6.81177
     5777.9432926267    2146.36    6.75274
     5778.5340901504    2155.63    6.76189
     5779.1249480835    2148.64    6.73757
     5779.7158664320    2121.38    6.68390
     5780.3068452023    2086.63    6.64994
     5780.8978844004    2072.52    6.62270
     5781.4889840326    2050.80    6.59716
     5782.0801441050    2066.00    6.60648
     5782.6713646238    2088.93    6.63636
     5783.2626455952    2082.84    6.63174
     5783.8539870253    2102.81    6.64119
     5784.4453889204    2069.29    6.60591
     5785.0368512866    2049.93    6.57301
     5785.6283741302    2061.99    6.59569
     5786.2199574573    2085.99    6.62688
     5786.8116012740    2133.70    6.69240
     5787.4033055866    2131.71    6.69121
     5787.9950704012    2140.01    6.70542
     5788.5868957242    2156.73    6.72189
     5789.1787815615    2158.42    6.72505
     5789.7707279194    2151.46    6.70582
     5790.3627348042    2120.80    6.70788
     5790.9548022219    2094.89    6.71542
     5791.5469301788    2098.52    6.62928
     5792.1391186811    2126.17    6.66156
     5792.7313677350    2135.84    6.67545
     5793.3236773466    2144.20    6.70904
     5793.9160475222    2145.74    6.69503
     5794.5084782679    2161.54    6.71680
     5795.1009695899    2182.94    6.73855
     5795.6935214945    2184.85    6.73401
     5796.2861339878    2174.28    6.72678
     5796.8788070760    2164.19    6.70496
     5797.4715407653    2136.54    6.67559
     5798.0643350619    2138.20    6.66307
     5798.6571899720    2133.45    6.66525
     5799.2501055019    2157.82    6.68613
     5799.8430816576    2200.43    6.73944
     5800.4361184455    2183.47    6.72596
     5801.0292158716    2201.69    6.75378
     5801.6223739422    2204.18    6.75581
     5802.2155926636    2195.68    6.74625
     5802.8088720418    2184.09    6.72628
     5803.4022120832    2188.43    6.72997
     5803.9956127938    2161.23    6.67468
     5804.5890741800    2142.67    6.65335
     5805.1825962479    2146.90    6.64764
     5805.7761790037    2138.18    6.64227
     5806.3698224537    2141.50    6.64407
     5806.9635266039    2146.33    6.64470
     5807.5572914608    2148.11    6.64433
     5808.1511170303    2171.03    6.66889
     5808.7450033188    2180.41    6.69485
     5809.3389503325    2168.72    6.67211
     5809.9329580775    2178.20    6.68846
     5810.5270265602    2191.93    6.71153
     5811.1211557866    2212.09    6.73613
     5811.7153457630    2190.71    6.70648
     5812.3095964957    2203.66    6.71854
     5812.9039079907    2203.42    6.71980
     5813.4982802544    2207.07    6.72680
     5814.0927132930    2201.62    6.70770
     5814.6872071126    2184.73    6.68000
     5815.2817617196    2157.65    6.64867
     5815.8763771200    2137.46    6.62160
     5816.4710533201    2155.76    6.63917
     5817.0657903262    2149.78    6.63387
     5817.6605881444    2190.27    6.67946
     5818.2554467810    2221.91    6.73729
     5818.8503662421    2218.59    6.74100
     5819.4453465341    2215.84    6.72374
     5820.0403876631    2222.03    6.73669
     5820.6354896353    2223.05    6.72722
     5821.2306524570    2213.92    6.71601
     5821.8258761344    2218.72    6.72106
     5822.4211606738    2217.86    6.71279
     5823.0165060812    2197.75    6.72744
     5823.6119123630    2210.97    6.73916
     5824.2073795254    2217.15    6.71355
     5824.8029075746    2211.85    6.70249
     5825.3984965168    2216.41    6.71786
     5825.9941463583    2216.38    6.71336
     5826.5898571053    2218.50    6.71422
     5827.1856287640    2204.84    6.69156
     5827.7814613406    2220.14    6.71392
     5828.3773548414    2226.95    6.71896
     5828.9733092726    2228.27    6.71551
     5829.5693246405    2218.26    6.69936
     5830.1654009512    2221.33    6.70664
     5830.7615382110    2225.65    6.70627
     5831.3577364261    2216.85    6.69499
     5831.9539956028    2216.21    6.71221
     5832.5503157472    2220.26    6.71967
     5833.1466968657    2223.14    6.69102
     5833.7431389645    2214.78    6.68060
     5834.3396420498    2207.93    6.66779
     5834.9362061277    2210.84    6.67386
     5835.5328312047    2203.88    6.66543
     5836.1295172869    2203.07    6.65250
     5836.7262643805    2224.75    6.68430
     5837.3230724918    2207.12    6.65401
     5837.9199416270    2196.15    6.63574
     5838.5168717923    2205.09    6.69010
     5839.1138629941    2219.51    6.68205
     5839.7109152385    2218.26    6.67040
     5840.3080285318    2226.36    6.68237
     5840.9052028802    2233.38    6.68362
     5841.5024382900    2228.03    6.68329
     5842.0997347674    2238.36    6.69499
     5842.6970923187    2231.11    6.68897
     5843.2945109500    2229.23    6.67774
     5843.8919906677    2225.68    6.66162
     5844.4895314780    2221.08    6.66015
     5845.0871333872    2229.15    6.67141
     5845.6847964014    2214.85    6.64609
     5846.2825205270    2215.28    6.64644
     5846.8803057701    2211.13    6.63718
     5847.4781521371    2188.32    6.61468
     5848.0760596341    2194.10    6.61707
     5848.6740282675    2211.82    6.63826
     5849.2720580435    2219.99    6.65302
     5849.8701489683    2230.01    6.65998
     5850.4683010482    2224.81    6.65359
     5851.0665142895    2215.60    6.63394
     5851.6647886983    2203.67    6.61696
     5852.2631242810    2186.29    6.59211
     5852.8615210438    2168.98    6.55694
     5853.4599789930    2153.71    6.54097
     5854.0584981348    2172.07    6.56263
     5854.6570784754    2190.92    6.60187
     5855.2557200212    2194.72    6.59172
     5855.8544227784    2176.36    6.56364
     5856.4531867532    2124.98    6.48189
     5857.0520119519    2043.89    6.46323
     5857.6508983808    2048.10    6.41693
     5858.2498460462    2085.73    6.42042
     5858.8488549542    2117.88    6.48293
     5859.4479251112    2163.84    6.52698
     5860.0470565234    2160.70    6.54153
     5860.6462491970    2193.34    6.57091
     5861.2455031385    2203.71    6.58971
     5861.8448183539    2166.93    6.54274
     5862.4441948496    2159.16    6.53015
     5863.0436326318    2165.90    6.53044
     5863.6431317069    2211.94    6.60234
     5864.2426920810    2214.30    6.60261
     5864.8423137604    2225.94    6.61375
     5865.4419967515    2209.12    6.58145
     5866.0417410604    2173.18    6.54543
     5866.6415466935    2187.18    6.55716
     5867.2414136570    2176.19    6.55331
     5867.8413419573    2199.91    6.57781
     5868.4413316004    2220.59    6.65172
     5869.0413825928    2222.13    6.67011
     5869.6414949407    2241.81    6.63068
     5870.2416686504    2246.43    6.63753
     5870.8419037282    2242.97    6.63611
     5871.4422001802    2235.36    6.62137
     5872.0425580129    2235.58    6.61403
     5872.6429772325    2223.92    6.59621
     5873.2434578452    2235.63    6.63468
     5873.8439998573    2221.58    6.59897
     5874.4446032752    2219.85    6.58923
     5875.0452681051    2231.42    6.60741
     5875.6459943532    2228.40    6.60481
     5876.2467820259    2233.01    6.60105
     5876.8476311294    2221.84    6.73626
     5877.4485416700    2210.41    6.67773
     5878.0495136541    2220.12    6.57425
     5878.6505470878    2219.89    6.58200
     5879.2516419774    2212.72    6.57086
     5879.8527983294    2203.47    6.55594
     5880.4540161498    2200.41    6.55169
     5881.0552954451    2212.18    6.55985
     5881.6566362214    2206.29    6.55108
     5882.2580384852    2205.41    6.54558
     5882.8595022426    2212.00    6.76290
     5883.4610275000    2177.00    6.50677
     5884.0626142636    2149.22    6.47609
     5884.6642625398    2166.49    6.48609
     5885.2659723348    2181.20    6.59911
     5885.8677436550    2195.05    6.55796
     5886.4695765065    2192.83    6.52235
     5887.0714708958    2178.61    6.48612
     5887.6734268290    2105.52    7.52585
     5888.2754443125    2017.41    9.11875
     5888.8775233526    1749.96    10.6150
     5889.4796639556    1379.99    11.5608
     5890.0818661278    1398.53   10.53240
     5890.6841298754    1671.57    7.59998
     5891.2864552048    1940.46    6.35092
     5891.8888421222    2082.22    6.68714
     5892.4912906340    2087.56    6.49523
     5893.0938007465    2108.59    6.39437
     5893.6963724659    2091.22    6.36498
     5894.2990057986    2068.56    6.42272
     5894.9017007508    1907.16    9.37977
     5895.5044573289    1665.23    11.4554
     5896.1072755391    1607.39    10.6782
     5896.7101553878    1798.90    7.93315
     5897.3130968812    2033.12    6.47364
     5897.9161000257    2134.82    6.56699
     5898.5191648276    2150.49    6.43472
     5899.1222912931    2140.25    6.43022
     5899.7254794286    2157.48    6.45297
     5900.3287292404    2190.49    6.49642
     5900.9320407348    2229.94    6.58027
     5901.5354139181    2236.02    6.73225
     5902.1388487966    2216.82    6.52109
     5902.7423453766    2227.25    6.54055
     5903.3459036644    2219.26    6.51223
     5903.9495236663    2237.10    6.55220
     5904.5532053887    2229.40    6.53328
     5905.1569488378    2196.29    6.49325
     5905.7607540200    2186.17    6.47635
     5906.3646209416    2187.64    6.47385
     5906.9685496088    2202.81    6.49189
     5907.5725400281    2230.46    6.52313
     5908.1765922057    2231.15    6.53146
     5908.7807061479    2222.73    6.52031
     5909.3848818610    2219.18    6.51327
     5909.9891193514    2212.49    6.50875
     5910.5934186254    2228.72    6.52334
     5911.1977796893    2236.83    6.53796
     5911.8022025494    2240.52    6.56920
     5912.4066872120    2246.38    6.80473
     5913.0112336835    2197.11    6.46758
     5913.6158419702    2131.98    6.38241
     5914.2205120783    2122.79    6.36136
     5914.8252440143    2122.14    6.38561
     5915.4300377844    2178.94    6.44600
     5916.0348933950    2185.96    6.44704
     5916.6398108523    2183.40    6.45018
     5917.2447901627    2197.83    6.45917
     5917.8498313326    2196.99    6.50257
     5918.4549343682    2211.61    6.51552
     5919.0600992759    2229.88    6.51066
     5919.6653260621    2252.47    6.53494
     5920.2706147329    2254.55    6.53358
     5920.8759652948    2238.97    6.51666
     5921.4813777541    2215.77    6.48687
     5922.0868521172    2196.70    6.45373
     5922.6923883902    2198.17    6.45067
     5923.2979865797    2217.78    6.48310
     5923.9036466919    2227.42    6.49236
     5924.5093687331    2258.99    6.53395
     5925.1151527096    2252.36    6.52138
     5925.7209986279    2247.77    6.58621
     5926.3269064943    2260.03    6.54642
     5926.9328763150    2234.28    6.49172
     5927.5389080964    2215.20    6.46534
     5928.1450018448    2216.11    6.45635
     5928.7511575667    2203.36    6.43461
     5929.3573752682    2164.57    6.39387
     5929.9636549559    2143.07    6.36312
     5930.5699966359    2154.23    6.37567
     5931.1764003146    2197.37    6.42971
     5931.7828659984    2241.06    6.48222
     5932.3893936937    2242.10    6.49982
     5932.9959834066    2247.71    6.49556
     5933.6026351437    2233.15    6.47771
     5934.2093489112    2199.17    6.43021
     5934.8161247155    2197.22    6.41604
     5935.4229625629    2217.15    6.45960
     5936.0298624598    2244.01    6.49241
     5936.6368244125    2255.88    6.50815
     5937.2438484274    2254.35    6.52169
     5937.8509345107    2266.05    6.51657
     5938.4580826689    2254.71    6.49436
     5939.0652929083    2238.88    6.46779
     5939.6725652352    2227.44    6.44829
     5940.2798996561    2212.92    6.43489
     5940.8872961771    2201.11    6.41980
     5941.4947548048    2208.69    6.42022
     5942.1022755454    2223.66    6.44339
     5942.7098584053    2231.38    6.44859
     5943.3175033908    2230.80    6.44977
     5943.9252105084    2217.74    6.44481
     5944.5329797643    2243.22    6.53869
     5945.1408111648    2245.23    6.46212
     5945.7487047165    2230.27    6.44627
     5946.3566604256    2243.61    6.46563
     5946.9646782984    2246.36    6.46032
     5947.5727583413    2203.26    6.40132
     5948.1809005608    2154.43    6.33956
     5948.7891049630    2154.20    6.34235
     5949.3973715545    2193.93    6.41593
     5950.0057003415    2234.64    6.45118
     5950.6140913305    2253.46    6.46201
     5951.2225445277    2258.67    6.46275
     5951.8310599395    2228.12    6.42641
     5952.4396375724    2182.54    6.40246
     5953.0482774326    2173.96    6.40875
     5953.6569795265    2208.72    6.39507
     5954.2657438606    2247.92    6.44708
     5954.8745704410    2268.00    6.47598
     5955.4834592743    2246.51    6.45306
     5956.0924103668    2211.51    6.39836
     5956.7014237248    2209.64    6.39577
     5957.3104993547    2195.50    6.37209
     5957.9196372629    2234.62    6.42552
     5958.5288374558    2244.80    6.44491
     5959.1380999397    2278.79    6.54760
     5959.7474247209    2268.15    6.48736
     5960.3568118059    2265.03    6.46968
     5960.9662612011    2265.37    6.46149
     5961.5757729127    2261.65    6.46313
     5962.1853469472    2275.31    6.47641
     5962.7949833110    2286.16    6.48465
     5963.4046820104    2273.21    6.47384
     5964.0144430517    2267.70    6.46069
     5964.6242664414    2253.82    6.43954
     5965.2341521859    2221.86    6.39861
     5965.8441002915    2235.30    6.40909
     5966.4541107646    2225.03    6.39518
     5967.0641836115    2240.98    6.40838
     5967.6743188387    2252.45    6.43216
     5968.2845164525    2261.64    6.44275
     5968.8947764593    2268.14    6.45788
     5969.5050988655    2260.56    6.67332
     5970.1154836775    2270.24    6.47429
     5970.7259309016    2271.56    6.44814
     5971.3364405442    2274.21    6.45423
     5971.9470126118    2276.39    6.45200
     5972.5576471106    2269.30    6.44261
     5973.1683440471    2275.47    6.44637
     5973.7791034277    2268.07    6.42967
     5974.3899252587    2229.45    6.39412
     5975.0008095466    2230.51    6.38174
     5975.6117562976    2215.14    6.36789
     5976.2227655183    2188.81    6.33886
     5976.8338372150    2199.98    6.34132
     5977.4449713940    2213.42    6.35963
     5978.0561680618    2234.21    6.38428
     5978.6674272248    2246.07    6.41063
     5979.2787488893    2255.97    6.45834
     5979.8901330617    2267.68    6.48579
     5980.5015797485    2290.01    6.45289
     5981.1130889560    2276.23    6.43033
     5981.7246606906    2281.32    6.43808
     5982.3362949588    2252.49    6.39492
     5982.9479917668    2215.89    6.35476
     5983.5597511211    2181.51    6.35557
     5984.1715730281    2146.44    6.27273
     5984.7834574943    2153.87    6.26882
     5985.3954045259    2200.24    6.36256
     5986.0074141293    2221.71    6.37455
     5986.6194863111    2222.17    6.35080
     5987.2316210775    2218.19    6.35090
     5987.8438184351    2234.59    6.37420
     5988.4560783901    2262.56    6.40710
     5989.0684009489    2275.71    6.42195
     5989.6807861181    2273.32    6.43070
     5990.2932339039    2267.70    6.41577
     5990.9057443129    2266.07    6.46737
     5991.5183173513    2244.90    6.59901
     5992.1309530256    2264.00    6.42100
     5992.7436513422    2286.95    6.63462
     5993.3564123075    2293.69    6.45425
     5993.9692359279    2290.29    6.44599
     5994.5821222098    2294.50    6.44404
     5995.1950711597    2289.63    6.43650
     5995.8080827838    2283.84    6.42736
     5996.4211570888    2264.52    6.39994
     5997.0342940808    2233.02    6.35526
     5997.6474937664    2225.29    6.35772
     5998.2607561520    2252.59    6.38553
     5998.8740812440    2260.15    6.39175
     5999.4874690488    2269.82    6.40468
     6000.1009195727    2287.56    6.42281
     6000.7144328223    2279.25    6.41959
     6001.3280088039    2280.27    6.40655
     6001.9416475239    2256.43    6.37785
     6002.5553489888    2212.72    6.33367
     6003.1691132050    2224.90    6.34048
     6003.7829401789    2243.52    6.36364
     6004.3968299169    2253.00    6.36684
     6005.0107824254    2286.20    6.41939
     6005.6247977108    2284.91    6.42741
     6006.2388757796    2268.02    6.39700
     6006.8530166382    2235.47    6.33861
     6007.4672202930    2188.20    6.28368
     6008.0814867505    2160.37    6.24558
     6008.6958160169    2188.28    6.28759
     6009.3102080989    2236.45    6.35058
     6009.9246630027    2288.52    6.41227
     6010.5391807348    2305.29    6.41841
     6011.1537613017    2281.27    6.39616
     6011.7684047097    2268.31    6.37670
     6012.3831109654    2249.32    6.34517
     6012.9978800750    2221.60    6.31604
     6013.6127120451    2224.87    6.31835
     6014.2276068820    2240.43    6.34386
     6014.8425645923    2272.51    6.37344
     6015.4575851823    2267.53    6.37625
     6016.0726686584    2235.47    6.33748
     6016.6878150271    2234.01    6.33030
     6017.3030242949    2242.63    6.33820
     6017.9182964680    2280.45    6.38111
     6018.5336315531    2278.71    6.37918
     6019.1490295565    2226.23    6.31351
     6019.7644904846    2185.32    6.26143
     6020.3800143439    2184.98    6.25288
     6020.9956011408    2176.39    6.25190
     6021.6112508818    2212.03    6.28970
     6022.2269635733    2218.06    6.28945
     6022.8427392216    2228.31    6.29670
     6023.4585778334    2205.90    6.26301
     6024.0744794149    2198.06    6.26256
     6024.6904439727    2224.93    6.30377
     6025.3064715132    2282.52    6.36971
     6025.9225620427    2285.98    6.37213
     6026.5387155679    2256.48    6.34333
     6027.1549320950    2259.84    6.33459
     6027.7712116306    2263.89    6.34640
     6028.3875541810    2296.40    6.37570
     6029.0039597528    2309.81    6.39864
     6029.6204283523    2300.59    6.39414
     6030.2369599861    2298.96    6.38190
     6030.8535546605    2298.90    6.38536
     6031.4702123821    2313.71    6.39629
     6032.0869331571    2320.26    6.40645
     6032.7037169922    2306.46    6.41153
     6033.3205638938    2323.49    6.61908
     6033.9374738682    2307.72    6.39293
     6034.5544469220    2311.48    6.39117
     6035.1714830616    2318.39    6.40309
     6035.7885822934    2313.27    6.40064
     6036.4057446239    2315.99    6.39799
     6037.0229700596    2313.53    6.39057
     6037.6402586068    2316.55    6.39650
     6038.2576102722    2318.85    6.39050
     6038.8750250620    2307.50    6.37702
     6039.4925029828    2305.26    6.37756
     6040.1100440410    2311.26    6.38305
     6040.7276482431    2303.54    6.36656
     6041.3453155955    2271.64    6.38166
     6041.9630461047    2263.39    6.39520
     6042.5808397772    2286.05    6.38847
     6043.1986966194    2301.65    6.39274
     6043.8166166377    2318.82    6.38047
     6044.4345998386    2315.33    6.40395
     6045.0526462287    2318.20    6.44086
     6045.6707558142    2320.48    6.38674
     6046.2889286018    2323.54    6.40043
     6046.9071645979    2327.11    6.47494
     6047.5254638089    2316.53    6.37473
     6048.1438262413    2333.91    6.40203
     6048.7622519015    2331.43    6.39711
     6049.3807407961    2340.51    6.40813
     6049.9992929315    2326.62    6.38656
     6050.6179083141    2350.57    6.41152
     6051.2365869504    2318.96    6.36543
     6051.8553288470    2325.72    6.37601
     6052.4741340102    2319.02    6.36644
     6053.0930024465    2320.83    6.37609
     6053.7119341624    2316.09    6.35889
     6054.3309291644    2300.32    6.33933
     6054.9499874590    2284.07    6.31069
     6055.5691090525    2262.25    6.28613
     6056.1882939516    2257.60    6.28327
     6056.8075421626    2287.81    6.31685
     6057.4268536920    2319.06    6.35180
     6058.0462285463    2330.53    6.37070
     6058.6656667320    2338.29    6.38204
     6059.2851682556    2329.71    6.38169
     6059.9047331235    2343.40    6.39539
     6060.5243613422    2338.48    6.38231
     6061.1440529183    2333.47    6.36892
     6061.7638078580    2333.15    6.36608
     6062.3836261680    2328.78    6.36083
     6063.0035078548    2316.00    6.34665
     6063.6234529247    2301.27    6.31608
     6064.2434613844    2271.27    6.27841
     6064.8635332402    2216.81    6.25813
     6065.4836684986    2220.01    6.21109
     6066.1038671662    2245.84    6.24977
     6066.7241292494    2311.09    6.33225
     6067.3444547547    2328.94    6.34466
     6067.9648436886    2317.28    6.34221
     6068.5852960576    2347.26    6.37670
     6069.2058118681    2357.85    6.38211
     6069.8263911267    2346.60    6.38048
     6070.4470338398    2352.61    6.37592
     6071.0677400139    2352.14    6.37253
     6071.6885096555    2344.04    6.36816
     6072.3093427711    2345.41    6.45464
     6072.9302393672    2344.91    6.44661
     6073.5511994503    2351.43    6.36562
     6074.1722230269    2346.52    6.36005
     6074.7933101034    2334.82    6.35094
     6075.4144606864    2338.90    6.35246
     6076.0356747824    2340.58    6.35151
     6076.6569523977    2333.58    6.33749
     6077.2782935391    2308.56    6.30353
     6077.8996982128    2255.93    6.24478
     6078.5211664255    2238.85    6.21739
     6079.1426981836    2267.19    6.24990
     6079.7642934937    2308.65    6.30435
     6080.3859523621    2341.12    6.36062
     6081.0076747955    2318.22    6.51795
     6081.6294608003    2317.22    6.31028
     6082.2513103831    2295.68    6.28681
     6082.8732235502    2307.12    6.30350
     6083.4952003083    2315.92    6.30269
     6084.1172406638    2307.90    6.29314
     6084.7393446233    2306.65    6.28820
     6085.3615121931    2284.47    6.31154
     6085.9837433800    2290.19    6.35195
     6086.6060381902    2306.43    6.31289
     6087.2283966304    2321.65    6.30513
     6087.8508187071    2329.56    6.31997
     6088.4733044267    2332.00    6.31171
     6089.0958537958    2293.26    6.27109
     6089.7184668208    2288.12    6.25923
     6090.3411435084    2293.28    6.26181
     6090.9638838649    2293.46    6.27236
     6091.5866878970    2326.77    6.30659
     6092.2095556111    2322.65    6.30690
     6092.8324870137    2301.95    6.28280
     6093.4554821113    2311.55    6.29190
     6094.0785409105    2332.02    6.31522
     6094.7016634177    2339.81    6.32463
     6095.3248496396    2354.39    6.32911
     6095.9480995825    2324.75    6.30445
     6096.5714132531    2314.75    6.28967
     6097.1947906577    2331.46    6.31066
     6097.8182318030    2334.95    6.31654
     6098.4417366955    2341.48    6.32069
     6099.0653053417    2354.30    6.34192
     6099.6889377480    2356.24    6.33645
     6100.3126339211    2357.31    6.34462
     6100.9363938674    2287.39    6.24277
     6101.5602175935    2191.35    6.21927
     6102.1841051058    2072.75    5.97412
     6102.8080564110    2069.58    5.96008
     6103.4320715155    2184.35    6.10960
     6104.0561504258    2297.52    6.25077
     6104.6802931485    2343.82    6.30997
     6105.3044996901    2355.14    6.32795
     6105.9287700571    2346.58    6.37278
     6106.5531042561    2333.48    6.33951
     6107.1775022936    2325.41    6.29622
     6107.8019641760    2306.55    6.27327
     6108.4264899100    2308.62    6.27212
     6109.0510795021    2337.26    6.31237
     6109.6757329587    2361.71    6.33576
     6110.3004502865    2344.68    6.31430
     6110.9252314919    2337.49    6.30244
     6111.5500765815    2341.51    6.31064
     6112.1749855618    2342.71    6.31565
     6112.7999584393    2361.47    6.33051
     6113.4249952207    2353.08    6.32641
     6114.0500959123    2351.06    6.31348
     6114.6752605208    2357.48    6.32201
     6115.3004890528    2333.64    6.29655
     6115.9257815146    2314.76    6.27329
     6116.5511379128    2322.39    6.28432
     6117.1765582541    2343.45    6.30152
     6117.8020425449    2370.05    6.34992
     6118.4275907918    2371.08    6.34771
     6119.0532030013    2339.52    6.29548
     6119.6788791800    2324.06    6.27404
     6120.3046193343    2307.78    6.25531
     6120.9304234709    2251.07    6.24724
     6121.5562915963    2117.40    6.38120
     6122.1822237170    2107.10    6.10771
     6122.8082198395    2182.55    6.09981
     6123.4342799705    2285.75    6.21847
     6124.0604041164    2343.70    6.28717
     6124.6865922838    2336.34    6.29402
     6125.3128444793    2335.99    6.28961
     6125.9391607093    2336.80    6.29147
     6126.5655409805    2346.92    6.29756
     6127.1919852994    2335.99    6.31609
     6127.8184936725    2322.30    6.29086
     6128.4450661064    2321.85    6.29048
     6129.0717026076    2330.58    6.35772
     6129.6984031828    2344.98    6.35201
     6130.3251678383    2346.11    6.29020
     6130.9519965809    2340.48    6.28135
     6131.5788894170    2337.81    6.28448
     6132.2058463532    2353.58    6.29467
     6132.8328673961    2364.30    6.31072
     6133.4599525522    2368.83    6.31896
     6134.0871018280    2362.65    6.31042
     6134.7143152301    2350.03    6.28204
     6135.3415927652    2284.45    6.20151
     6135.9689344396    2171.28    6.07194
     6136.5963402601    2084.63    6.01440
     6137.2238102331    2055.28    5.91803
     6137.8513443652    2166.21    6.14952
     6138.4789426630    2260.46    6.17390
     6139.1066051330    2345.23    6.35892
     6139.7343317818    2381.12    6.33908
     6140.3621226160    2335.63    6.45666
     6140.9899776421    2276.34    6.19620
     6141.6178968667    2238.30    6.13872
     6142.2458802963    2279.82    6.28797
     6142.8739279375    2333.46    6.27197
     6143.5020397969    2373.30    6.30940
     6144.1302158811    2351.43    6.28398
     6144.7584561966    2352.39    6.28563
     6145.3867607499    2361.81    6.29659
     6146.0151295477    2379.92    6.31287
     6146.6435625965    2359.23    6.27762
     6147.2720599029    2333.73    6.42159
     6147.9006214735    2321.47    6.31898
     6148.5292473148    2334.79    6.38578
     6149.1579374333    2358.90    6.35838
     6149.7866918358    2360.75    6.28594
     6150.4155105287    2360.60    6.28239
     6151.0443935186    2346.08    6.26974
     6151.6733408121    2350.05    6.27593
     6152.3023524158    2366.58    6.29951
     6152.9314283362    2382.36    6.30521
     6153.5605685799    2347.47    6.26450
     6154.1897731536    2309.75    6.21187
     6154.8190420637    2295.73    6.19603
     6155.4483753169    2299.78    6.19956
     6156.0777729197    2336.60    6.23838
     6156.7072348787    2336.69    6.24544
     6157.3367612005    2319.91    6.22568
     6157.9663518916    2324.69    6.23358
     6158.5960069588    2349.17    6.25492
     6159.2257264085    2347.92    6.27704
     6159.8555102473    2319.61    6.35798
     6160.4853584817    2228.89    6.31202
     6161.1152711185    2082.88    6.73000
     6161.7452481642    2004.21    6.58529
     6162.3752896253    2022.73    5.91048
     6163.0053955085    2095.65    5.94212
     6163.6355658203    2223.36    6.16582
     6164.2658005673    2286.60    6.16889
     6164.8960997562    2299.79    6.18298
     6165.5264633934    2297.72    6.39041
     6166.1568914856    2303.05    6.20749
     6166.7873840394    2324.78    6.21919
     6167.4179410614    2348.66    6.24136
     6168.0485625581    2291.03    6.22479
     6168.6792485362    2165.27    6.44037
     6169.3099990023    2124.94    6.04456
     6169.9408139629    2161.19    6.09302
     6170.5716934246    2258.49    6.14451
     6171.2026373941    2330.68    6.20987
     6171.8336458779    2365.06    6.25841
     6172.4647188826    2339.49    6.22074
     6173.0958564148    2319.34    6.20287
     6173.7270584812    2343.23    6.22109
     6174.3583250883    2344.56    6.22709
     6174.9896562427    2352.51    6.22916
     6175.6210519510    2347.40    6.22023
     6176.2525122198    2330.35    6.31374
     6176.8840370558    2342.48    6.31117
     6177.5156264655    2367.44    6.25132
     6178.1472804555    2389.16    6.27242
     6178.7789990324    2381.22    6.26402
     6179.4107822029    2354.72    6.23186
     6180.0426299735    2340.42    6.22184
     6180.6745423508    2364.39    6.24662
     6181.3065193415    2392.55    6.27462
     6181.9385609522    2407.19    6.28864
     6182.5706671894    2398.42    6.28509
     6183.2028380598    2385.71    6.26970
     6183.8350735700    2396.10    6.27495
     6184.4673737265    2386.75    6.26826
     6185.0997385361    2388.82    6.26399
     6185.7321680052    2375.49    6.24631
     6186.3646621406    2368.21    6.23239
     6186.9972209489    2349.01    6.20872
     6187.6298444365    2350.82    6.20435
     6188.2625326103    2361.09    6.22516
     6188.8952854767    2364.84    6.22727
     6189.5281030424    2375.10    6.23908
     6190.1609853140    2306.96    6.15619
     6190.7939322981    2202.18    6.05522
     6191.4269440014    2208.57    6.09266
     6192.0600204304    2265.73    6.08933
     6192.6931615918    2356.95    6.21817
     6193.3263674922    2390.99    6.25034
     6193.9596381382    2396.03    6.25864
     6194.5929735364    2384.86    6.25468
     6195.2263736935    2398.12    6.26471
     6195.8598386160    2408.93    6.28442
     6196.4933683107    2405.49    6.27083
     6197.1269627841    2409.06    6.27165
     6197.7606220428    2414.94    6.27877
     6198.3943460935    2397.67    6.26065
     6199.0281349428    2369.62    6.21447
     6199.6619885973    2322.60    6.18661
     6200.2959070636    2341.51    6.19451
     6200.9298903485    2360.34    6.21237
     6201.5639384584    2401.37    6.25631
     6202.1980514000    2420.70    6.26809
     6202.8322291801    2403.56    6.26256
     6203.4664718051    2408.04    6.26068
     6204.1007792817    2399.87    6.25022
     6204.7351516165    2401.98    6.25240
     6205.3695888163    2405.08    6.26014
     6206.0040908875    2416.60    6.26161
     6206.6386578370    2409.02    6.25589
     6207.2732896711    2408.35    6.25299
     6207.9079863967    2412.29    6.25632
     6208.5427480204    2412.07    6.25782
     6209.1775745487    2405.18    6.24920
     6209.8124659884    2401.63    6.24267
     6210.4474223460    2402.34    6.24536
     6211.0824436282    2410.03    6.24944
     6211.7175298417    2403.14    6.23605
     6212.3526809930    2367.86    6.23208
     6212.9878970889    2337.01    6.20345
     6213.6231781359    2303.69    6.12568
     6214.2585241407    2315.57    6.12686
     6214.8939351099    2320.38    6.13457
     6215.5294110502    2321.61    6.14376
     6216.1649519683    2356.96    6.17625
     6216.8005578707    2385.86    6.21153
     6217.4362287641    2398.36    6.22272
     6218.0719646552    2360.34    6.18305
     6218.7077655506    2316.64    6.12787
     6219.3436314570    2308.27    6.11412
     6219.9795623809    2322.31    6.13243
     6220.6155583291    2363.50    6.17877
     6221.2516193082    2370.44    6.19117
     6221.8877453248    2393.86    6.22391
     6222.5239363857    2408.03    6.27650
     6223.1601924973    2402.48    6.22877
     6223.7965136665    2377.36    6.19604
     6224.4328998999    2383.65    6.20269
     6225.0693512040    2403.82    6.22417
     6225.7058675856    2394.79    6.21580
     6226.3424490513    2388.24    6.21373
     6226.9790956077    2384.50    6.20387
     6227.6158072616    2408.35    6.23472
     6228.2525840196    2385.89    6.20292
     6228.8894258883    2371.87    6.18888
     6229.5263328744    2290.00    6.07055
     6230.1633049845    2213.20    6.16838
     6230.8003422254    2226.41    5.98910
     6231.4374446036    2265.23    6.04201
     6232.0746121258    2295.11    6.07363
     6232.7118447988    2323.53    6.12701
     6233.3491426290    2368.55    6.17169
     6233.9865056234    2418.14    6.23296
     6234.6239337883    2427.42    6.24060
     6235.2614271307    2426.33    6.23371
     6235.8989856570    2403.88    6.21352
     6236.5366093740    2387.27    6.18696
     6237.1742982883    2350.72    6.14632
     6237.8120524067    2368.58    6.16848
     6238.4498717357    2364.57    6.16622
     6239.0877562820    2382.08    6.18724
     6239.7257060524    2363.80    6.15851
     6240.3637210534    2360.15    6.16698
     6241.0018012918    2380.24    6.18249
     6241.6399467742    2383.95    6.18369
     6242.2781575072    2368.85    6.21975
     6242.9164334977    2344.46    6.15078
     6243.5547747521    2320.68    6.10591
     6244.1931812773    2335.64    6.11036
     6244.8316530799    2309.49    6.07550
     6245.4701901665    2273.96    6.03876
     6246.1087925438    2256.27    6.01316
     6246.7474602186    2274.88    6.04706
     6247.3861931974    2345.60    6.12308
     6248.0249914870    2390.98    6.18473
     6248.6638550940    2420.13    6.21748
     6249.3027840251    2425.17    6.22266
     6249.9417782870    2421.13    6.21706
     6250.5808378864    2421.34    6.20639
     6251.2199628300    2366.34    6.13551
     6251.8591531244    2281.81    6.04772
     6252.4984087763    2273.56    6.02154
     6253.1377297924    2256.80    6.00165
     6253.7771161794    2254.57    6.00523
     6254.4165679440    2292.69    6.04644
     6255.0560850929    2304.81    6.06545
     6255.6956676326    2308.82    6.06573
     6256.3353155700    2305.86    6.06575
     6256.9750289117    2307.82    6.05438
     6257.6148076645    2280.92    6.05063
     6258.2546518349    2291.14    6.08236
     6258.8945614296    2316.37    6.09876
     6259.5345364555    2347.56    6.11160
     6260.1745769191    2371.67    6.16865
     6260.8146828272    2363.59    6.18077
     6261.4548541864    2388.99    6.15594
     6262.0950910034    2408.05    6.17932
     6262.7353932850    2424.33    6.20191
     6263.3757610378    2428.76    6.20360
     6264.0161942685    2394.19    6.16410
     6264.6566929838    2338.49    6.10126
     6265.2972571904    2339.72    6.11465
     6265.9378868950    2376.83    6.18081
     6266.5785821044    2406.39    6.16987
     6267.2193428251    2425.76    6.19611
     6267.8601690639    2429.81    6.19982
     6268.5010608275    2420.16    6.18740
     6269.1420181226    2402.42    6.17170
     6269.7830409559    2385.51    6.15097
     6270.4241293341    2389.41    6.15282
     6271.0652832639    2399.62    6.16545
     6271.7065027520    2406.10    6.16749
     6272.3477878051    2426.96    6.18748
     6272.9891384300    2423.36    6.18539
     6273.6305546332    2422.19    6.19116
     6274.2720364216    2393.71    6.18452
     6274.9135838017    2348.04    6.09609
     6275.5551967805    2288.73    6.01866
     6276.1968753644    2258.28    5.97427
     6276.8386195603    2267.54    5.98803
     6277.4804293749    2299.15    6.03349
     6278.1223048148    2308.84    6.07463
     6278.7642458868    2303.55    6.02949
     6279.4062525976    2290.81    6.01625
     6280.0483249539    2276.89    6.00587
     6280.6904629624    2285.48    6.01007
     6281.3326666298    2348.25    6.08585
     6281.9749359629    2375.61    6.12589
     6282.6172709683    2394.98    6.15218
     6283.2596716528    2409.66    6.19795
     6283.9021380231    2421.28    6.17633
     6284.5446700859    2411.13    6.16841
     6285.1872678479    2418.05    6.17000
     6285.8299313158    2420.25    6.18116
     6286.4726604964    2412.30    6.16400
     6287.1154553963    2417.47    6.16703
     6287.7583160224    2413.51    6.16784
     6288.4012423812    2416.38    6.16726
     6289.0442344796    2416.33    6.16538
     6289.6872923243    2404.89    6.15626
     6290.3304159219    2362.93    6.11012
     6290.9736052792    2344.75    6.07396
     6291.6168604030    2366.88    6.10022
     6292.2601812999    2405.59    6.15148
     6292.9035679767    2414.09    6.16831
     6293.5470204400    2391.87    6.13531
     6294.1905386968    2393.41    6.13255
     6294.8341227535    2400.97    6.14165
     6295.4777726171    2414.59    6.15621
     6296.1214882941    2403.54    6.14805
     6296.7652697915    2344.25    6.10882
     6297.4091171157    2312.12    6.03315
     6298.0530302737    2341.76    6.10846
     6298.6970092721    2369.42    6.11871
     6299.3410541177    2395.32    6.14854
     6299.9851648172    2365.23    6.10394
     6300.6293413773    2288.96    5.99312
     6301.2735838048    2244.31    5.93757
     6301.9178921064    2241.03    5.92763
     6302.5622662888    2311.73    6.01869
     6303.2067063588    2360.01    6.07577
     6303.8512123231    2395.42    6.12568
     6304.4957841885    2401.59    6.12978
     6305.1404219617    2416.07    6.15115
     6305.7851256493    2439.04    6.17244
     6306.4298952583    2450.65    6.19353
     6307.0747307952    2450.32    6.18659
     6307.7196322669    2436.55    6.17408
     6308.3645996801    2427.86    6.35322
     6309.0096330416    2420.36    6.15384
     6309.6547323580    2406.50    6.13622
     6310.2998976361    2414.83    6.14088
     6310.9451288827    2408.61    6.13702
     6311.5904261045    2414.02    6.13879
     6312.2357893082    2410.18    6.12789
     6312.8812185007    2429.43    6.15931
     6313.5267136886    2378.46    6.08659
     6314.1722748787    2329.48    6.02468
     6314.8179020778    2314.14    6.01152
     6315.4635952925    2321.94    6.02073
     6316.1093545297    2365.44    6.07081
     6316.7551797961    2365.96    6.07273
     6317.4010710984    2295.79    5.98242
     6318.0470284435    2265.23    5.93720
     6318.6930518380    2286.55    5.96709
     6319.3391412887    2364.31    6.06865
     6319.9852968023    2409.44    6.23391
     6320.6315183857    2439.62    6.16500
     6321.2778060456    2406.95    6.11621
     6321.9241597887    2377.90    6.08080
     6322.5705796217    2366.13    6.07099
     6323.2170655516    2397.38    6.10653
     6323.8636175849    2438.11    6.31302
     6324.5102357284    2467.53    6.20154
     6325.1569199890    2477.59    6.36321
     6325.8036703734    2464.09    6.22726
     6326.4504868883    2443.32    6.15689
     6327.0973695406    2428.51    6.14171
     6327.7443183369    2433.30    6.14420
     6328.3913332840    2447.00    6.16035
     6329.0384143887    2443.05    6.15396
     6329.6855616578    2444.80    6.16838
     6330.3327750980    2427.41    6.13850
     6330.9800547161    2424.07    6.13655
     6331.6274005188    2457.37    6.32877
     6332.2748125130    2466.30    6.18502
     6332.9222907054    2480.82    6.19815
     6333.5698351027    2444.78    6.14865
     6334.2174457118    2389.44    6.06619
     6334.8651225393    2331.62    5.97740
     6335.5128655922    2284.43    5.92360
     6336.1606748770    2287.57    5.92754
     6336.8085504007    2318.54    5.97076
     6337.4564921700    2357.49    6.01929
     6338.1045001916    2370.10    6.03641
     6338.7525744724    2391.57    6.06691
     6339.4007150191    2404.11    6.08079
     6340.0489218385    2430.29    6.10749
     6340.6971949373    2450.88    6.13657
     6341.3455343224    2459.81    6.15217
     6341.9939400005    2452.47    6.14258
     6342.6424119784    2409.04    6.09373
     6343.2909502629    2386.94    6.06316
     6343.9395548607    2378.81    6.06349
     6344.5882257787    2404.25    6.09207
     6345.2369630236    2445.24    6.14494
     6345.8857666022    2459.32    6.16313
     6346.5346365212    2430.85    6.12777
     6347.1835727876    2454.89    6.16346
     6347.8325754080    2478.17    6.18869
     6348.4816443892    2486.24    6.20040
     6349.1307797380    2465.77    6.17112
     6349.7799814613    2480.48    6.18625
     6350.4292495657    2481.32    6.18595
     6351.0785840582    2489.61    6.19867
     6351.7279849453    2479.32    6.19689
     6352.3774522341    2490.83    6.27638
     6353.0269859312    2484.58    6.19142
     6353.6765860434    2463.60    6.16971
     6354.3262525776    2420.27    6.11532
     6354.9759855405    2431.73    6.12501
     6355.6257849389    2432.18    6.12784
     6356.2756507796    2466.62    6.15451
     6356.9255830694    2461.66    6.15192
     6357.5755818151    2424.26    6.10984
     6358.2256470235    2392.27    6.07593
     6358.8757787013    2389.02    6.07092
     6359.5259768555    2411.90    6.09519
     6360.1762414927    2424.84    6.10933
     6360.8265726198    2422.03    6.10562
     6361.4769702436    2412.52    6.09330
     6362.1274343709    2389.26    6.09129
     6362.7779650084    2412.75    6.17296
     6363.4285621630    2431.05    6.12618
     6364.0792258415    2442.54    6.13245
     6364.7299560506    2459.14    6.14799
     6365.3807527973    2455.67    6.15091
     6366.0316160882    2470.20    6.16325
     6366.6825459302    2462.63    6.15686
     6367.3335423302    2480.17    6.17369
     6367.9846052948    2492.66    6.18646
     6368.6357348309    2488.27    6.18505
     6369.2869309453    2484.60    6.18484
     6369.9381936449    2478.48    6.17383
     6370.5895229364    2483.82    6.18188
     6371.2409188266    2481.92    6.18174
     6371.8923813223    2493.60    6.19395
     6372.5439104305    2494.08    6.19536
     6373.1955061578    2511.57    6.20301
     6373.8471685111    2503.18    6.19840
     6374.4988974971    2495.15    6.18972
     6375.1506931228    2499.62    6.19462
     6375.8025553949    2503.14    6.19697
     6376.4544843202    2498.43    6.18890
     6377.1064799056    2494.01    6.17990
     6377.7585421579    2478.03    6.16755
     6378.4106710838    2477.06    6.16593
     6379.0628666903    2484.21    6.16790
     6379.7151289840    2464.17    6.14861
     6380.3674579719    2462.02    6.13306
     6381.0198536608    2450.34    6.13246
     6381.6723160574    2481.27    6.15668
     6382.3248451686    2491.65    6.17660
     6382.9774410013    2509.43    6.19201
     6383.6301035622    2502.38    6.18756
     6384.2828328581    2485.53    6.17080
     6384.9356288960    2496.47    6.17544
     6385.5884916825    2501.50    6.19084
     6386.2414212246    2508.38    6.19127
     6386.8944175291    2502.33    6.18149
     6387.5474806028    2503.73    6.18410
     6388.2006104524    2511.52    6.20058
     6388.8538070850    2505.93    6.19677
     6389.5070705072    2513.34    6.19844
     6390.1604007259    2513.71    6.20969
     6390.8137977479    2516.88    6.20689
     6391.4672615801    2499.99    6.17074
     6392.1207922293    2454.51    6.11584
     6392.7743897023    2373.57    6.02864
     6393.4280540060    2346.61    5.99520
     6394.0817851472    2390.55    6.04774
     6394.7355831327    2468.15    6.13062
     6395.3894479693    2510.13    6.18036
     6396.0433796640    2514.14    6.18775
     6396.6973782235    2498.00    6.18222
     6397.3514436547    2518.09    6.20346
     6398.0055759644    2505.46    6.16785
     6398.6597751594    2406.59    6.04986
     6399.3140412466    2288.03    5.96134
     6399.9683742329    2251.17    5.88687
     6400.6227741250    2331.36    5.95993
     6401.2772409298    2436.01    6.08834
     6401.9317746542    2507.64    6.17287
     6402.5863753050    2512.95    6.18397
     6403.2410428890    2529.59    6.20233
     6403.8957774131    2522.50    6.19641
     6404.5505788841    2524.76    6.19306
     6405.2054473088    2507.88    6.17189
     6405.8603826942    2475.82    6.13196
     6406.5153850471    2463.40    6.11728
     6407.1704543743    2390.17    6.02730
     6407.8255906826    2383.85    6.02261
     6408.4807939789    2424.99    6.06620
     6409.1360642701    2501.80    6.16662
     6409.7914015630    2501.23    6.50283
     6410.4468058645    2434.55    6.13688
     6411.1022771813    2361.05    5.99098
     6411.7578155205    2384.10    6.03847
     6412.4134208887    2441.49    6.08168
     6413.0690932929    2505.31    6.16177
     6413.7248327400    2489.80    6.13982
     6414.3806392367    2472.63    6.12447
     6415.0365127899    2483.65    6.13589
     6415.6924534066    2488.05    6.13868
     6416.3484610935    2490.17    6.13724
     6417.0045358575    2485.99    6.13436
     6417.6606777054    2504.71    6.14948
     6418.3168866442    2490.50    6.13768
     6418.9731626807    2459.22    6.15660
     6419.6295058217    2428.43    6.23242
     6420.2859160741    2365.50    5.99472
     6420.9423934448    2364.77    5.98771
     6421.5989379406    2414.76    6.06880
     6422.2555495685    2477.67    6.17350
     6422.9122283351    2529.71    6.17783
     6423.5689742476    2535.60    6.18688
     6424.2257873125    2528.62    6.17552
     6424.8826675370    2525.73    6.17201
     6425.5396149278    2517.37    6.16942
     6426.1966294917    2539.88    6.18377
     6426.8537112358    2530.66    6.18006
     6427.5108601667    2521.96    6.16887
     6428.1680762915    2530.25    6.17802
     6428.8253596169    2531.28    6.16497
     6429.4827101499    2465.54    6.21199
     6430.1401278972    2408.08    6.13693
     6430.7976128659    2401.56    6.03155
     6431.4551650627    2422.45    6.06004
     6432.1127844946    2482.62    6.10794
     6432.7704711683    2497.64    6.13135
     6433.4282250909    2503.76    6.16074
     6434.0860462691    2520.55    6.16827
     6434.7439347098    2535.69    6.17079
     6435.4018904200    2531.79    6.16448
     6436.0599134065    2524.14    6.15934
     6436.7180036761    2527.04    6.15744
     6437.3761612358    2477.07    6.09059
     6438.0343860924    2363.23    6.08577
     6438.6926782528    2301.84    5.92587
     6439.3510377239    2336.86    5.92772
     6440.0094645126    2429.65    6.03418
     6440.6679586257    2517.02    6.13195
     6441.3265200702    2522.86    6.14373
     6441.9851488530    2524.18    6.14772
     6442.6438449808    2534.92    6.15616
     6443.3026084607    2528.19    6.15168
     6443.9614392994    2530.11    6.15558
     6444.6203375039    2550.57    6.17514
     6445.2793030811    2543.83    6.17006
     6445.9383360378    2537.42    6.16011
     6446.5974363809    2522.29    6.13475
     6447.2566041174    2531.11    6.14244
     6447.9158392542    2507.07    6.11967
     6448.5751417980    2435.35    6.03594
     6449.2345117558    2358.39    5.96486
     6449.8939491346    2355.57    5.93542
     6450.5534539411    2406.92    5.99918
     6451.2130261823    2495.80    6.09542
     6451.8726658651    2528.22    6.14091
     6452.5323729964    2517.65    6.13270
     6453.1921475831    2541.68    6.15345
     6453.8519896320    2526.13    6.13765
     6454.5118991501    2482.61    6.08162
     6455.1718761443    2434.83    6.03418
     6455.8319206214    2431.20    6.02996
     6456.4920325885    2447.54    6.05478
     6457.1522120523    2492.14    6.09905
     6457.8124590197    2519.13    6.16057
     6458.4727734978    2540.79    6.18740
     6459.1331554933    2539.41    6.15739
     6459.7936050132    2531.81    6.14426
     6460.4541220644    2522.95    6.16312
     6461.1147066537    2459.07    6.12176
     6461.7753587882    2316.86    5.93165
     6462.4360784747    2275.71    5.86488
     6463.0968657200    2347.40    5.93238
     6463.7577205313    2444.27    6.02857
     6464.4186429152    2501.69    6.09626
     6465.0796328787    2533.26    6.14566
     6465.7406904289    2548.22    6.16208
     6466.4018155724    2537.03    6.15225
     6467.0630083164    2529.16    6.13621
     6467.7242686676    2515.54    6.11544
     6468.3855966330    2481.36    6.08222
     6469.0469922195    2489.60    6.24639
     6469.7084554341    2500.08    6.12320
     6470.3699862836    2486.69    6.08107
     6471.0315847749    2423.17    6.00222
     6471.6932509150    2435.47    6.01936
     6472.3549847108    2475.82    6.07251
     6473.0167861692    2491.62    6.08485
     6473.6786552971    2505.88    6.10604
     6474.3405921014    2485.76    6.15473
     6475.0025965892    2467.75    6.05834
     6475.6646687672    2490.94    6.08474
     6476.3268086424    2517.56    6.11317
     6476.9890162217    2542.76    6.14059
     6477.6512915121    2524.84    6.15535
     6478.3136345204    2515.68    6.22709
     6478.9760452537    2519.28    6.12002
     6479.6385237187    2540.61    6.14470
     6480.3010699225    2531.41    6.13995
     6480.9636838720    2480.85    6.06935
     6481.6263655741    2443.09    6.02425
     6482.2891150357    2415.72    6.00008
     6482.9519322638    2461.63    6.04222
     6483.6148172652    2512.12    6.09670
     6484.2777700470    2517.25    6.10763
     6484.9407906160    2537.22    6.13040
     6485.6038789792    2535.69    6.13299
     6486.2670351435    2534.38    6.12733
     6486.9302591159    2540.93    6.13364
     6487.5935509032    2552.71    6.14094
     6488.2569105124    2539.31    6.12353
     6488.9203379505    2516.90    6.10734
     6489.5838332243    2541.14    6.11884
     6490.2473963409    2512.35    6.09733
     6490.9110273071    2499.69    6.08434
     6491.5747261299    2488.88    6.06860
     6492.2384928163    2475.18    6.04549
     6492.9023273731    2390.75    5.95355
     6493.5662298073    2306.15    6.02442
     6494.2302001259    2202.64    5.72828
     6494.8942383357    2240.89    5.76823
     6495.5583444438    2284.47    5.81754
     6496.2225184570    2308.19    5.84348
     6496.8867603824    2368.73    5.92016
     6497.5510702269    2432.09    6.02363
     6498.2154479973    2455.57    6.01890
     6498.8798937007    2414.04    5.98217
     6499.5444073440    2428.45    5.99759
     6500.2089889341    2477.89    6.05177
     6500.8736384781    2523.32    6.10228
     6501.5383559827    2533.43    6.12539
     6502.2031414551    2542.27    6.13256
     6502.8679949021    2542.42    6.13261
     6503.5329163307    2544.18    6.13208
     6504.1979057478    2560.37    6.14559
     6504.8629631604    2565.39    6.15193
     6505.5280885755    2561.67    6.14982
     6506.1932819999    2558.99    6.18829
     6506.8585434408    2567.26    6.18957
     6507.5238729049    2548.16    6.14268
     6508.1892703993    2545.26    6.13597
     6508.8547359309    2564.22    6.14200
     6509.5202695067    2551.29    6.14164
     6510.1858711336    2552.87    6.13810
     6510.8515408186    2537.88    6.12202
     6511.5172785686    2547.31    6.13309
     6512.1830843907    2538.12    6.21075
     6512.8489582917    2517.90    6.11568
     6513.5149002787    2533.06    6.12218
     6514.1809103586    2508.37    6.07966
     6514.8469885383    2480.96    6.04806
     6515.5131348248    2484.54    6.05516
     6516.1793492251    2489.84    6.05553
     6516.8456317462    2506.89    6.07275
     6517.5119823950    2494.62    6.06979
     6518.1784011784    2467.89    6.02940
     6518.8448881035    2491.62    6.05902
     6519.5114431773    2535.54    6.11264
     6520.1780664066    2565.14    6.14496
     6520.8447577984    2552.60    6.12845
     6521.5115173598    2540.54    6.11218
     6522.1783450977    2538.27    6.11339
     6522.8452410190    2543.51    6.12300
     6523.5122051307    2561.55    6.13890
     6524.1792374399    2566.23    6.14338
     6524.8463379534    2560.04    6.18445
     6525.5135066784    2552.01    6.16747
     6526.1807436216    2516.41    6.08594
     6526.8480487901    2519.31    6.08264
     6527.5154221909    2519.72    6.09004
     6528.1828638310    2547.29    6.11574
     6528.8503737173    2552.25    6.12094
     6529.5179518568    2561.25    6.13023
     6530.1855982565    2547.29    6.12022
     6530.8533129234    2544.35    6.11698
     6531.5210958644    2535.13    6.09926
     6532.1889470865    2539.83    6.11299
     6532.8568665968    2527.27    6.09444
     6533.5248544022    2530.51    6.09545
     6534.1929105096    2535.47    6.09928
     6534.8610349261    2546.27    6.11507
     6535.5292276587    2564.82    6.13542
     6536.1974887143    2567.24    6.14828
     6536.8658180999    2570.39    6.19185
     6537.5342158225    2565.87    6.14095
     6538.2026818891    2563.06    6.14958
     6538.8712163067    2566.53    6.13379
     6539.5398190823    2574.17    6.14593
     6540.2084902228    2573.29    6.14159
     6540.8772297352    2555.47    6.12554
     6541.5460376267    2548.45    6.19654
     6542.2149139040    2553.20    6.21578
     6542.8838585743    2533.69    6.10774
     6543.5528716445    2547.65    6.11662
     6544.2219531216    2565.43    6.12802
     6544.8911030126    2513.50    6.07070
     6545.5603213245    2431.02    5.98428
     6546.2296080643    2415.30    5.96000
     6546.8989632390    2446.96    5.99611
     6547.5683868556    2509.16    6.12568
     6548.2378789211    2535.62    6.10450
     6548.9074394425    2530.50    6.08723
     6549.5770684268    2538.08    6.09364
     6550.2467658810    2517.79    6.12038
     6550.9165318120    2493.08    6.03924
     6551.5863662270    2494.47    6.04122
     6552.2562691328    2499.81    6.05158
     6552.9262405366    2507.41    6.05571
     6553.5962804452    2470.33    6.01996
     6554.2663888658    2445.38    5.97858
     6554.9365658053    2412.90    5.94716
     6555.6068112707    2395.57    5.92423
     6556.2771252690    2401.86    5.93170
     6556.9475078072    2408.08    5.93539
     6557.6179588924    2408.43    5.93608
     6558.2884785316    2374.19    5.89721
     6558.9590667317    2335.38    5.84298
     6559.6297234997    2269.47    5.87965
     6560.3004488428    2192.26    5.84863
     6560.9712427679    2000.42    5.76348
     6561.6421052819    1650.41    5.79760
     6562.3130363920    1303.66    5.03069
     6562.9840361051    1279.15    5.89005
     6563.6551044283    1614.97    6.54109
     6564.3262413685    2023.44    5.92289
     6564.9974469328    2204.39    5.93506
     6565.6687211282    2273.71    6.29476
     6566.3400639617    2358.52    5.89756
     6567.0114754404    2402.31    6.16594
     6567.6829555712    2405.37    5.93019
     6568.3545043611    2379.52    5.89973
     6569.0261218173    2376.53    5.89096
     6569.6978079467    2397.60    5.91782
     6570.3695627563    2448.98    5.98027
     6571.0413862532    2486.06    6.06067
     6571.7132784443    2476.02    6.10358
     6572.3852393368    2457.70    5.99295
     6573.0572689376    2454.55    5.98374
     6573.7293672537    2450.73    5.98167
     6574.4015342922    2446.18    5.98005
     6575.0737700601    2466.25    6.00419
     6575.7460745645    2511.08    6.05341
     6576.4184478123    2537.19    6.08473
     6577.0908898106    2546.92    6.09565
     6577.7634005665    2556.13    6.09786
     6578.4359800869    2550.99    6.09689
     6579.1086283789    2557.32    6.15025
     6579.7813454495    2544.73    6.09295
     6580.4541313057    2538.45    6.08070
     6581.1269859546    2541.06    6.08640
     6581.7999094033    2548.21    6.09738
     6582.4729016587    2558.82    6.11251
     6583.1459627279    2540.68    6.17725
     6583.8190926179    2553.46    6.09435
     6584.4922913357    2556.79    6.09782
     6585.1655588885    2550.15    6.09121
     6585.8388952832    2528.16    6.12440
     6586.5123005269    2527.11    6.17714
     6587.1857746266    2545.80    6.07974
     6587.8593175893    2556.35    6.09420
     6588.5329294221    2579.39    6.11445
     6589.2066101321    2580.33    6.12093
     6589.8803597263    2581.78    6.11803
     6590.5541782117    2570.29    6.10952
     6591.2280655953    2549.18    6.07594
     6591.9020218843    2464.27    6.00715
     6592.5760470856    2391.11    5.92890
     6593.2501412064    2367.64    5.87815
     6593.9243042536    2442.04    5.95214
     6594.5985362343    2503.53    6.01924
     6595.2728371555    2560.78    6.09178
     6595.9472070243    2569.55    6.10427
     6596.6216458478    2534.13    6.05470
     6597.2961536330    2519.91    6.04072
     6597.9707303870    2529.82    6.08628
     6598.6453761167    2538.21    6.16454
     6599.3200908293    2575.28    6.10156
     6599.9948745318    2580.95    6.11162
     6600.6697272313    2575.67    6.10790
     6601.3446489347    2582.30    6.11148
     6602.0196396493    2580.71    6.10933
     6602.6946993820    2583.88    6.10314
     6603.3698281399    2559.04    6.09212
     6604.0450259300    2548.02    6.07058
     6604.7202927594    2534.48    6.05299
     6605.3956286352    2553.32    6.06941
     6606.0710335644    2559.00    6.08201
     6606.7465075541    2572.78    6.09797
     6607.4220506114    2537.46    6.05765
     6608.0976627432    2515.17    6.02750
     6608.7733439567    2490.74    6.19516
     6609.4490942590    2505.91    6.01741
     6610.1249136570    2542.10    6.04999
     6610.8008021579    2578.18    6.09726
     6611.4767597688    2583.35    6.10208
     6612.1527864966    2579.99    6.10227
     6612.8288823485    2563.49    6.08238
     6613.5050473316    2571.21    6.08705
     6614.1812814528    2575.90    6.10897
     6614.8575847193    2586.81    6.12443
     6615.5339571381    2589.18    6.11079
     6616.2103987164    2576.78    6.09051
     6616.8869094611    2568.16    6.08930
     6617.5634893794    2583.43    6.10365
     6618.2401384783    2586.11    6.11257
     6618.9168567650    2596.35    6.12637
     6619.5936442464    2599.39    6.12489
     6620.2705009296    2587.48    6.10704
     6620.9474268218    2584.07    6.10867
     6621.6244219299    2587.80    6.10978
     6622.3014862612    2591.68    6.10874
     6622.9786198226    2586.29    6.11408
     6623.6558226213    2583.29    6.12065
     6624.3330946642    2576.51    6.09696
     6625.0104359586    2566.93    6.08499
     6625.6878465114    2559.64    6.07951
     6626.3653263298    2569.44    6.08985
     6627.0428754209    2561.81    6.08404
     6627.7204937916    2571.20    6.08582
     6628.3981814492    2577.31    6.09411
     6629.0759384007    2579.18    6.09942
     6629.7537646531    2591.21    6.25365
     6630.4316602137    2573.36    6.15981
     6631.1096250893    2571.50    6.09285
     6631.7876592872    2558.70    6.07651
     6632.4657628145    2512.29    6.01852
     6633.1439356781    2494.54    6.00033
     6633.8221778853    2473.50    5.97181
     6634.5004894430    2494.99    5.99798
     6635.1788703585    2534.59    6.03635
     6635.8573206387    2558.61    6.08639
     6636.5358402908    2563.34    6.12476
     6637.2144293219    2592.95    6.10224
     6637.8930877390    2580.02    6.09433
     6638.5718155493    2575.65    6.08066
     6639.2506127598    2560.55    6.06841
     6639.9294793777    2563.39    6.07187
     6640.6084154100    2578.77    6.10672
     6641.2874208639    2578.19    6.09454
     6641.9664957463    2567.72    6.07045
     6642.6456400646    2521.14    6.01839
     6643.3248538257    2479.68    5.97315
     6644.0041370367    2494.62    5.98890
     6644.6834897047    2551.07    6.05992
     6645.3629118369    2574.74    6.09776
     6646.0424034404    2575.54    6.21023
     6646.7219645222    2585.04    6.08949
     6647.4015950894    2570.62    6.07657
     6648.0812951492    2586.60    6.09245
     6648.7610647087    2586.02    6.09471
     6649.4409037749    2593.12    6.10083
     6650.1208123550    2591.08    6.10134
     6650.8007904561    2589.53    6.09416
     6651.4808380853    2579.97    6.09001
     6652.1609552497    2593.21    6.09672
     6652.8411419563    2579.29    6.08404
     6653.5213982125    2589.49    6.09475
     6654.2017240251    2585.00    6.08787
     6654.8821194014    2585.78    6.16234
     6655.5625843485    2588.38    6.16363
     6656.2431188734    2580.97    6.07825
     6656.9237229834    2583.90    6.08518
     6657.6043966854    2579.16    6.08097
     6658.2851399866    2592.05    6.09120
     6658.9659528942    2578.96    6.07820
     6659.6468354152    2572.45    6.06963
     6660.3277875568    2577.31    6.16417
     6661.0088093261    2584.29    6.19093
     6661.6899007302    2572.68    6.08347
     6662.3710617763    2504.74    6.00498
     6663.0522924713    2477.59    6.00074
     6663.7335928226    2488.37    5.98642
     6664.4149628371    2543.33    6.03164
     6665.0964025221    2567.66    6.05883
     6665.7779118846    2569.81    6.06363
     6666.4594909318    2562.68    6.05482
     6667.1411396707    2579.61    6.07651
     6667.8228581086    2565.49    6.06012
     6668.5046462525    2570.80    6.06150
     6669.1865041096    2583.27    6.11544
     6669.8684316870    2594.69    6.17998
     6670.5504289918    2589.80    6.08752
     6671.2324960312    2581.77    6.07378
     6671.9146328122    2570.73    6.06484
     6672.5968393421    2587.86    6.07787
     6673.2791156279    2583.74    6.07570
     6673.9614616768    2579.52    6.07598
     6674.6438774960    2592.41    6.19180
     6675.3263630925    2600.85    6.12065
     6676.0089184734    2588.54    6.15151
     6676.6915436460    2529.06    6.01640
     6677.3742386174    2421.91    6.06927
     6678.0570033946    2423.73    5.88258
     6678.7398379849    2482.27    5.95710
     6679.4227423953    2553.14    6.03046
     6680.1057166330    2568.47    6.05568
     6680.7887607053    2580.91    6.06629
     6681.4718746190    2576.04    6.12521
     6682.1550583816    2586.22    6.13144
     6682.8383120000    2580.36    6.06280
     6683.5216354814    2578.43    6.06230
     6684.2050288329    2593.54    6.08045
     6684.8884920618    2583.54    6.06874
     6685.5720251751    2577.59    6.06094
     6686.2556281801    2593.83    6.08221
     6686.9393010837    2596.58    6.09245
     6687.6230438933    2600.07    6.09078
     6688.3068566158    2584.30    6.07452
     6688.9907392586    2590.29    6.07384
     6689.6746918287    2586.68    6.07617
     6690.3587143333    2587.85    6.07342
     6691.0428067795    2581.35    6.06762
     6691.7269691745    2585.48    6.07348
     6692.4112015255    2601.05    6.08234
     6693.0955038395    2587.41    6.07105
     6693.7798761238    2594.10    6.08248
     6694.4643183855    2586.84    6.07235
     6695.1488306317    2554.91    6.04862
     6695.8334128697    2528.23    6.22047
     6696.5180651065    2537.16    6.02175
     6697.2027873494    2555.37    6.03537
     6697.8875796054    2556.58    6.03759
     6698.5724418818    2562.31    6.04458
     6699.2573741856    2581.53    6.06142
     6699.9423765242    2577.40    6.05897
     6700.6274489045    2588.59    6.06839
     6701.3125913339    2600.69    6.07632
     6701.9978038194    2579.87    6.05907
     6702.6830863682    2567.36    6.04030
     6703.3684389875    2546.47    6.02225
     6704.0538616844    2539.05    6.01275
     6704.7393544661    2539.89    6.00993
     6705.4249173398    2572.76    6.04999
     6706.1105503127    2573.84    6.09188
     6706.7962533918    2589.07    6.06603
     6707.4820265844    2583.00    6.06057
     6708.1678698977    2582.98    6.06184
     6708.8537833388    2586.62    6.06564
     6709.5397669148    2590.49    6.07083
     6710.2258206330    2584.89    6.06741
     6710.9119445006    2590.70    6.13271
     6711.5981385246    2587.11    6.11518
     6712.2844027123    2553.73    6.02606
     6712.9707370709    2540.66    6.00917
     6713.6571416075    2558.91    6.02498
     6714.3436163293    2557.84    6.03141
     6715.0301612435    2550.63    6.01885
     6715.7167763572    2541.53    6.00821
     6716.4034616776    2510.36    5.97081
     6717.0902172120    2437.44    5.91112
     6717.7770429674    2450.28    5.94767
     6718.4639389512    2517.58    5.98042
     6719.1509051703    2560.70    6.02656
     6719.8379416321    2577.64    6.04969
     6720.5250483437    2578.14    6.04864
     6721.2122253123    2566.37    6.03689
     6721.8994725451    2563.96    6.03373
     6722.5867900493    2568.58    6.03966
     6723.2741778320    2595.49    6.13409
     6723.9616359004    2593.19    6.06873
     6724.6491642618    2574.85    6.04515
     6725.3367629233    2551.33    6.01622
     6726.0244318920    2546.05    6.00724
     6726.7121711753    2534.25    6.00028
     6727.3999807802    2566.87    6.02865
     6728.0878607141    2579.17    6.05020
     6728.7758109839    2593.81    6.07112
     6729.4638315970    2603.17    6.07765
     6730.1519225606    2586.02    6.06091
     6730.8400838818    2591.77    6.06534
     6731.5283155678    2589.76    6.06021
     6732.2166176259    2575.97    6.04900
     6732.9049900632    2576.51    6.04295
     6733.5934328869    2581.56    6.04925
     6734.2819461042    2582.21    6.04497
     6734.9705297223    2581.67    6.05121
     6735.6591837484    2586.92    6.05864
     6736.3479081898    2604.12    6.07046
     6737.0367030535    2574.21    6.04897
     6737.7255683469    2576.39    6.04109
     6738.4145040771    2556.05    6.02598
     6739.1035102513    2574.09    6.03880
     6739.7925868767    2584.96    6.05384
     6740.4817339605    2586.93    6.05321
     6741.1709515100    2587.34    6.05944
     6741.8602395323    2584.17    6.05711
     6742.5495980346    2564.74    6.02943
     6743.2390270242    2565.82    6.02912
     6743.9285265082    2571.73    6.03761
     6744.6180964939    2585.15    6.04958
     6745.3077369884    2582.28    6.04934
     6745.9974479991    2576.72    6.04706
     6746.6872295330    2589.49    6.05453
     6747.3770815974    2566.21    6.03165
     6748.0670041995    2564.62    6.02782
     6748.7569973465    2565.96    6.04346
     6749.4470610457    2513.16    6.06250
     6750.1371953043    2522.40    6.08523
     6750.8274001294    2542.41    6.00561
     6751.5176755282    2577.36    6.04189
     6752.2080215081    2561.00    6.02851
     6752.8984380762    2557.32    6.01790
     6753.5889252397    2582.14    6.05379
     6754.2794830059    2598.60    6.07084
     6754.9701113819    2598.52    6.07410
     6755.6608103751    2601.63    6.07255
     6756.3515799925    2582.68    6.04921
     6757.0424202415    2591.28    6.05495
     6757.7333311292    2586.67    6.05150
     6758.4243126629    2585.33    6.04783
     6759.1153648498    2590.33    6.05582
     6759.8064876971    2599.19    6.05899
     6760.4976812121    2596.35    6.05577
     6761.1889454019    2590.98    6.05121
     6761.8802802738    2587.95    6.05041
     6762.5716858351    2606.52    6.06657
     6763.2631620929    2599.56    6.06007
     6763.9547090546    2599.38    6.05813
     6764.6463267272    2589.88    6.05376
     6765.3380151181    2598.17    6.05971
     6766.0297742344    2592.11    6.05507
     6766.7216040835    2546.88    6.00957
     6767.4135046725    2514.23    5.97272
     6768.1054760086    2526.78    5.98164
     6768.7975180992    2573.35    6.03013
     6769.4896309514    2598.71    6.05733
     6770.1818145725    2585.25    6.04236
     6770.8740689697    2554.63    6.01171
     6771.5663941503    2542.32    6.06474
     6772.2587901214    2568.23    6.05984
     6772.9512568904    2576.67    6.03826
     6773.6437944645    2598.24    6.05923
     6774.3364028508    2600.77    6.06271
     6775.0290820567    2600.83    6.06551
     6775.7218320894    2597.24    6.06327
     6776.4146529561    2607.58    6.06400
     6777.1075446640    2593.76    6.05624
     6777.8005072205    2596.40    6.05428
     6778.4935406328    2606.68    6.06640
     6779.1866449080    2600.49    6.06668
     6779.8798200536    2603.01    6.06609
     6780.5730660766    2596.25    6.06347
     6781.2663829843    2594.47    6.05257
     6781.9597707840    2591.39    6.07414
     6782.6532294830    2579.19    6.16577
     6783.3467590885    2573.92    6.02943
     6784.0403596077    2568.69    6.02559
     6784.7340310479    2569.04    6.02555
     6785.4277734164    2587.25    6.04249
     6786.1215867203    2581.47    6.03640
     6786.8154709670    2561.73    6.01755
     6787.5094261637    2590.06    6.04933
     6788.2034523177    2619.45    6.07865
     6788.8975494362    2604.26    6.07177
     6789.5917175264    2604.76    6.06446
     6790.2859565957    2594.93    6.05554
     6790.9802666512    2609.89    6.06827
     6791.6746477003    2603.44    6.06377
     6792.3690997502    2613.10    6.07607
     6793.0636228081    2588.00    6.05573
     6793.7582168814    2580.30    6.04573
     6794.4528819773    2588.76    6.05053
     6795.1476181030    2605.64    6.06303
     6795.8424252658    2585.60    6.04772
     6796.5373034730    2587.76    6.04342
     6797.2322527318    2590.01    6.04642
     6797.9272730495    2583.66    6.03394
     6798.6223644334    2580.41    6.03773
     6799.3175268907    2588.24    6.06708
     6800.0127604288    2600.54    6.11772
     6800.7080650548    2606.06    6.06580
     6801.4034407760    2599.85    6.05799
     6802.0988875997    2605.56    6.06387
     6802.7944055332    2601.08    6.06075
     6803.4899945838    2593.02    6.05071
     6804.1856547587    2583.69    6.03756
     6804.8813860652    2598.12    6.05425
     6805.5771885105    2590.23    6.04632
     6806.2730621020    2567.59    6.01903
     6806.9690068469    2582.32    6.03906
     6807.6650227525    2587.23    6.04558
     6808.3611098260    2610.08    6.06382
     6809.0572680748    2583.09    6.03737
     6809.7534975061    2553.75    6.01408
     6810.4497981272    2573.64    6.02600
     6811.1461699454    2586.17    6.04331
     6811.8426129680    2609.91    6.07423
     6812.5391272022    2606.17    6.07716
     6813.2357126553    2601.25    6.13598
     6813.9323693346    2597.08    6.05108
     6814.6290972474    2591.39    6.04974
     6815.3258964010    2599.88    6.05670
     6816.0227668026    2597.80    6.05495
     6816.7197084596    2605.96    6.06614
     6817.4167213792    2618.70    6.07693
     6818.1138055687    2597.22    6.05399
     6818.8109610354    2604.95    6.12699
     6819.5081877865    2590.77    6.04911
     6820.2054858295    2567.46    6.02840
     6820.9028551715    2590.48    6.04251
     6821.6002958199    2601.33    6.06284
     6822.2978077819    2607.12    6.07042
     6822.9953910649    2611.07    6.07059
     6823.6930456761    2607.74    6.06416
     6824.3907716228    2618.75    6.09489
     6825.0885689124    2627.32    6.09611
     6825.7864375520    2607.11    6.06767
     6826.4843775491    2614.62    6.07846
     6827.1823889109    2592.55    6.08226
     6827.8804716447    2558.83    6.01962
     6828.5786257577    2558.76    6.01896
     6829.2768512574    2577.78    6.03480
     6829.9751481510    2597.00    6.05556
     6830.6735164457    2613.14    6.07349
     6831.3719561490    2615.22    6.07850
     6832.0704672681    2622.16    6.08430
     6832.7690498103    2606.21    6.06822
     6833.4677037828    2611.17    6.23196
     6834.1664291931    2601.39    6.05942
     6834.8652260484    2608.94    6.06060
     6835.5640943561    2590.61    6.04789
     6836.2630341233    2605.88    6.12780
     6836.9620453575    2585.08    6.11143
     6837.6611280659    2575.28    6.02563
     6838.3602822559    2566.71    6.06075
     6839.0595079347    2544.56    5.99843
     6839.7588051097    2542.28    5.97876
     6840.4581737882    2518.83    5.95726
     6841.1576139775    2498.32    5.93343
     6841.8571256848    2498.18    5.93548
     6842.5567089176    2507.80    5.94360
     6843.2563636831    2511.57    5.96149
     6843.9560899886    2544.11    5.98905
     6844.6558878415    2571.00    6.02170
     6845.3557572491    2608.04    6.05996
     6846.0556982187    2609.47    6.05680
     6846.7557107576    2602.73    6.05350
     6847.4557948730    2607.49    6.05971
     6848.1559505725    2601.98    6.05472
     6848.8561778632    2588.75    6.04625
     6849.5564767525    2603.82    6.05825
     6850.2568472476    2605.55    6.06137
     6850.9572893561    2604.95    6.05987
     6851.6578030850    2602.53    6.05448
     6852.3583884418    2609.91    6.06940
     6853.0590454339    2614.55    6.07749
     6853.7597740684    2593.43    6.04062
     6854.4605743528    2532.98    5.97666
     6855.1614462944    2506.70    5.95169
     6855.8623899004    2551.19    6.02650
     6856.5634051783    2580.98    6.06241
     6857.2644921353    2551.06    6.00862
     6857.9656507789    2540.30    5.99354
     6858.6668811162    2577.72    6.03582
     6859.3681831547    2606.97    6.06438
     6860.0695569016    2591.59    6.03910
     6860.7710023644    2575.29    6.02188
     6861.4725195503    2544.56    5.99287
     6862.1741084667    2575.29    6.01883
     6862.8757691209    2560.73    6.03036
     6863.5775015202    2603.22    6.06697
     6864.2793056720    2602.74    6.14280
     6864.9811815836    2691.43    6.63856
     6865.6831292624    2684.67    7.77667
     6866.3851487157    2615.44    7.90218
     6867.0872399508    2560.71    7.28371
     6867.7894029751    2500.06    7.04527
     6868.4916377959    2523.40    6.96900
     6869.1939444206    2555.46    6.90356
     6869.8963228564    2529.01    6.83370
     6870.5987731108    2547.80    6.80837
     6871.3012951910    2540.99    6.76591
     6872.0038891045    2529.91    6.70021
     6872.7065548586    2554.87    6.68218
     6873.4092924606    2543.44    6.66715
     6874.1121019178    2536.80    6.66604
     6874.8149832377    2585.42    6.57558
     6875.5179364275    2541.82    6.46618
     6876.2209614946    2537.71    6.36532
     6876.9240584464    2572.94    6.38008
     6877.6272272901    2584.50    6.37697
     6878.3304680333    2525.65    6.26865
     6879.0337806831    2536.51    6.05550
     6879.7371652470    2568.30    6.04525
     6880.4406217324    2572.48    6.04375
     6881.1441501465    2583.04    6.14617
     6881.8477504967    2583.77    6.21888
     6882.5514227904    2522.77    6.15809
     6883.2551670349    2572.97    6.29674
     6883.9589832376    2605.86    6.43122
     6884.6628714059    2598.13    6.52634
     6885.3668315471    2520.16    6.44760
     6886.0708636685    2546.56    6.53487
     6886.7749677776    2595.16    6.65096
     6887.4791438817    2631.44    6.58700
     6888.1833919881    2545.93    6.45811
     6888.8877121042    2531.19    6.25302
     6889.5921042375    2604.53    6.33554
     6890.2965683951    2653.80    6.52960
     6891.0011045845    2627.71    6.64141
     6891.7057128132    2523.64    6.47785
     6892.4103930883    2544.03    6.33169
     6893.1151454174    2599.09    6.24723
     6893.8199698077    2630.27    6.51542
     6894.5248662667    2610.77    6.63806
     6895.2298348017    2546.18    6.41688
     6895.9348754200    2487.90    6.53522
     6896.6399881291    2557.95    6.16175
     6897.3451729363    2612.86    6.25840
     6898.0504298490    2604.08    7.07173
     6898.7557588746    2602.79    6.61906
     6899.4611600204    2524.36    6.25399
     6900.1666332938    2546.92    6.09671
     6900.8721787023    2586.37    6.09477
     6901.5777962530    2623.56    6.24731
     6902.2834859535    2626.67    6.43057
     6902.9892478112    2593.95    6.42853
     6903.6950818333    2525.19    6.18235
     6904.4009880273    2551.52    6.20782
     6905.1069664005    2543.50    6.01225
     6905.8130169604    2592.51    6.16333
     6906.5191397143    2639.00    6.36623
     6907.2253346696    2581.56    6.33453
     6907.9316018337    2545.69    6.35219
     6908.6379412139    2545.23    6.09136
     6909.3443528177    2583.02    6.03868
     6910.0508366524    2596.66    6.09265
     6910.7573927254    2595.45    6.25117
     6911.4640210442    2604.65    6.26599
     6912.1707216160    2562.99    6.23048
     6912.8774944483    2544.09    6.08738
     6913.5843395485    2482.93    5.93510
     6914.2912569239    2495.07    5.97906
     6914.9982465820    2519.81    5.95257
     6915.7053085301    2541.38    6.05825
     6916.4124427756    2543.26    6.14573
     6917.1196493260    2528.66    6.12326
     6917.8269281886    2532.70    6.04391
     6918.5342793708    2554.29    6.00641
     6919.2417028800    2573.83    6.02586
     6919.9491987236    2574.91    6.01806
     6920.6567669089    2589.90    6.08383
     6921.3644074435    2601.22    6.17557
     6922.0721203347    2600.80    6.20128
     6922.7799055898    2566.23    6.10257
     6923.4877632164    2545.89    6.02161
     6924.1956932217    2532.91    5.97952
     6924.9036956133    2537.70    5.97952
     6925.6117703984    2542.04    5.97954
     6926.3199175845    2564.09    6.03843
     6927.0281371790    2577.64    6.12432
     6927.7364291893    2565.00    6.13093
     6928.4447936228    2586.73    6.14133
     6929.1532304869    2578.16    6.06300
     6929.8617397890    2585.19    6.04076
     6930.5703215366    2576.88    6.03268
     6931.2789757370    2589.35    6.06603
     6931.9877023976    2583.42    6.08178
     6932.6965015258    2538.63    6.02616
     6933.4053731292    2535.06    5.99416
     6934.1143172150    2577.44    6.02613
     6934.8233337906    2566.71    6.01477
     6935.5324228636    2588.95    6.05475
     6936.2415844413    2586.64    6.06339
     6936.9508185310    2578.73    6.05962
     6937.6601251404    2570.60    6.08877
     6938.3695042766    2581.12    6.12233
     6939.0789559472    2552.47    6.07351
     6939.7884801597    2584.09    6.09601
     6940.4980769213    2581.83    6.08227
     6941.2077462395    2574.53    6.06236
     6941.9174881217    2567.46    6.04004
     6942.6273025754    2574.68    6.03139
     6943.3371896080    2561.09    5.96494
     6944.0471492269    2523.98    5.93545
     6944.7571814395  0.   -5.93497
     6945.4672862532  0.   -1.00000
     6946.1774636755  0.   -1.00000
