     5638.4610805046    2723.40   10.46334
     5639.0376159040    2764.41   10.53352
     5639.6142102544    2787.17   10.35323
     5640.1908635619    2750.92   10.36876
     5640.7675758325    2726.26   10.47038
     5641.3443470722    2686.58   10.19140
     5641.9211772870    2689.07   10.17987
     5642.4980664830    2741.62    11.0108
     5643.0750146661    2860.30    12.9717
     5643.6520218426    2929.66    15.6150
     5644.2290880182    2847.31    18.1935
     5644.8062131992    2785.19    14.5409
     5645.3833973916    2808.09   10.40078
     5645.9606406012    2822.28   10.42867
     5646.5379428343    2846.59   10.45897
     5647.1153040968    2851.12   10.47249
     5647.6927243948    2833.41   10.44035
     5648.2702037343    2830.68   10.44896
     5648.8477421214    2815.91   10.41266
     5649.4253395620    2795.41   10.37296
     5650.0029960622    2754.58   10.28956
     5650.5807116281    2783.39   10.35564
     5651.1584862657    2818.45   10.42261
     5651.7363199811    2855.88   10.49211
     5652.3142127802    2881.40   10.52728
     5652.8921646691    2874.10   10.50110
     5653.4701756539    2826.90   10.42131
     5654.0482457406    2750.81   10.28502
     5654.6263749353    2691.55   10.19253
     5655.2045632439    2656.52   10.09214
     5655.7828106726    2751.77   10.28696
     5656.3611172274    2812.19   10.39496
     5656.9394829143    2810.80   10.37578
     5657.5179077394    2703.61   10.42944
     5658.0963917087    2487.46    9.98185
     5658.6749348282    2419.03    9.69903
     5659.2535371041    2519.76    9.84519
     5659.8321985423    2656.67   10.08525
     5660.4109191490    2769.12   10.27835
     5660.9896989301    2791.15   10.41868
     5661.5685378918    2713.99    10.8109
     5662.1474360400    2625.15   10.03461
     5662.7263933808    2638.08   10.07135
     5663.3054099203    2721.73   10.21485
     5663.8844856645    2795.82   10.35767
     5664.4636206195    2878.37   10.49849
     5665.0428147913    2910.88   10.55273
     5665.6220681860    2914.64   10.55477
     5666.2013808097    2896.80   10.51518
     5666.7807526683    2838.53   10.44393
     5667.3601837680    2839.18   10.42351
     5667.9396741149    2849.36   10.45372
     5668.5192237148    2858.77   10.46198
     5669.0988325741    2901.76    10.6317
     5669.6785006986    2895.47   10.52327
     5670.2582280944    2866.15   10.46243
     5670.8380147677    2862.59   10.46988
     5671.4178607245    2903.79   10.52249
     5671.9977659707    2908.60   10.55468
     5672.5777305126    2971.70    10.6377
     5673.1577543561    3006.02    10.6981
     5673.7378375074    2982.89    10.6553
     5674.3179799724    2962.04    10.6311
     5674.8981817573    2902.12    10.6133
     5675.4784428681    2920.41    11.0544
     5676.0587633109    2923.27   10.53718
     5676.6391430917    2969.00    10.6367
     5677.2195822166    2988.22    10.6487
     5677.8000806918    2961.01    10.8961
     5678.3806385231    2917.23    10.6666
     5678.9612557169    2888.84   10.48344
     5679.5419322789    2906.24   10.51827
     5680.1226682155    2928.73   10.57145
     5680.7034635326    2955.03   10.57136
     5681.2843182363    2898.66   10.48810
     5681.8652323327    2757.65   10.24322
     5682.4462058278    2738.51   10.21379
     5683.0272387277    2784.86   10.29769
     5683.6083310386    2780.21   10.27312
     5684.1894827664    2872.22   10.44368
     5684.7706939173    2916.93    10.7161
     5685.3519644972    2910.07    10.6005
     5685.9332945124    2820.91   10.43136
     5686.5146839689    2797.20   10.35696
     5687.0961328727    2787.82   10.26652
     5687.6776412300    2712.87   10.18287
     5688.2592090468    2763.62   10.33143
     5688.8408363291    2800.88    10.7374
     5689.4225230832    2873.93   10.48358
     5690.0042693150    2930.97   10.51796
     5690.5860750306    2915.17   10.49114
     5691.1679402361    2927.66   10.54232
     5691.7498649377    2963.27    10.5794
     5692.3318491413    2979.44    10.6041
     5692.9138928531    2974.35    10.5921
     5693.4959960792    2954.83   10.55859
     5694.0781588256    2934.14   10.53220
     5694.6603810984    2933.16   10.52925
     5695.2426629037    2965.09   10.56877
     5695.8250042477    2981.45    10.6474
     5696.4074051363    2992.53    10.6189
     5696.9898655757    2975.92   10.56971
     5697.5723855719    2871.90   10.37057
     5698.1549651311    2823.89   10.34551
     5698.7376042594    2847.51   10.36948
     5699.3203029628    2869.31   10.40083
     5699.9030612474    2899.19   10.49103
     5700.4858791194    2880.89   10.44049
     5701.0687565847    2786.19   10.26138
     5701.6516936496    2753.23   10.19539
     5702.2346903200    2820.71   10.29761
     5702.8177466022    2864.96   10.38468
     5703.4008625021    2894.18   10.42293
     5703.9840380259    2934.29   10.49607
     5704.5672731797    2899.35   10.41807
     5705.1505679696    2826.79   10.32452
     5705.7339224017    2793.93   10.23031
     5706.3173364820    2739.48   10.18393
     5706.9008102168    2772.25   10.18981
     5707.4843436119    2744.50   10.14562
     5708.0679366737    2705.61   10.06011
     5708.6515894081    2618.50    9.93528
     5709.2353018214    2562.60    9.83498
     5709.8190739195    2661.13    9.96531
     5710.4029057085    2625.85    9.93402
     5710.9867971947    2622.96    9.92948
     5711.5707483841    2638.52    9.96043
     5712.1547592827    2701.59   10.05133
     5712.7388298967    2821.51    10.6158
     5713.3229602323    2933.61   10.56820
     5713.9071502955    2968.48   10.50082
     5714.4914000923    2922.05   10.44998
     5715.0757096291    2908.37   10.42244
     5715.6600789117    2955.79   10.47245
     5716.2445079464    3000.98   10.53712
     5716.8289967392    2989.38   10.53699
     5717.4135452964    2962.23   10.52126
     5717.9981536238    2967.40   10.51500
     5718.5828217278    2991.58   10.54744
     5719.1675496144    3041.45    10.6303
     5719.7523372897    3068.89    10.6812
     5720.3371847598    3038.28    10.6175
     5720.9220920308    3042.92    10.6204
     5721.5070591089    3070.18    11.0832
     5722.0920860002    3070.39    11.0013
     5722.6771727108    3091.53    10.6747
     5723.2623192467    3084.13    10.6839
     5723.8475256142    3079.79    10.6728
     5724.4327918193    3095.33    10.7107
     5725.0181178682    3068.35    10.6477
     5725.6035037669    3049.09    10.6085
     5726.1889495217    2986.36   10.48579
     5726.7744551385    2937.27   10.41870
     5727.3600206236    2965.33   10.47956
     5727.9456459831    2994.64   10.52167
     5728.5313312230    3062.11    10.6165
     5729.1170763495    3081.37    11.0898
     5729.7028813688    3075.29    11.0254
     5730.2887462869    3052.63    10.7190
     5730.8746711099    2952.71    10.7082
     5731.4606558441    2918.46   10.42018
     5732.0467004955    2962.13   10.44055
     5732.6328050703    3020.23   10.52924
     5733.2189695745    3074.63    10.6069
     5733.8051940143    3097.81    10.6569
     5734.3914783959    3085.12    10.6402
     5734.9778227253    3085.76    10.6273
     5735.5642270088    3077.18    10.5821
     5736.1506912523    3045.58   10.54109
     5736.7372154621    3041.30   10.54567
     5737.3237996443    3061.75   10.55927
     5737.9104438051    3058.90   10.56134
     5738.4971479504    3062.22   10.56008
     5739.0839120866    3040.58    10.7574
     5739.6707362197    3031.57    11.3413
     5740.2576203558    3060.10   10.53638
     5740.8445645011    3031.71   10.50247
     5741.4315686617    3038.05   10.50906
     5742.0186328439    3031.45   10.47971
     5742.6057570536    3011.42   10.44898
     5743.1929412970    3035.66   10.49770
     5743.7801855803    3081.53    10.9410
     5744.3674899096    3105.29    10.8648
     5744.9548542911    3096.57    10.5986
     5745.5422787309    3106.18    10.6096
     5746.1297632351    3096.92    10.5968
     5746.7173078099    3030.91   10.47189
     5747.3049124614    2965.80   10.37832
     5747.8925771958    2950.21   10.32766
     5748.4803020192    2989.43   10.38583
     5749.0680869377    3058.45   10.51173
     5749.6559319576    3106.68    10.5775
     5750.2438370848    3098.18   10.54103
     5750.8318023257    3077.85   10.51947
     5751.4198276863    3010.26   10.40812
     5752.0079131728    2920.80   10.26771
     5752.5960587912    2850.77   10.13070
     5753.1842645479    2794.08   10.03580
     5753.7725304489    2797.21   10.04699
     5754.3608565004    2859.75   10.14882
     5754.9492427085    2953.26   10.28377
     5755.5376890794    3043.55   10.43550
     5756.1261956192    3089.02   10.53431
     5756.7147623341    3086.66   10.50916
     5757.3033892302    3093.68   10.52608
     5757.8920763137    3093.75   10.49226
     5758.4808235908    3069.93   10.47420
     5759.0696310675    3078.56   10.49022
     5759.6584987501    3035.44   10.42355
     5760.2474266447    2983.40   10.33701
     5760.8364147575    2976.17   10.30795
     5761.4254630946    2960.12   10.26621
     5762.0145716622    2854.83   10.20440
     5762.6037404664    2793.77   10.25975
     5763.1929695134    2900.83   10.14626
     5763.7822588094    2990.83   10.30972
     5764.3716083605    3095.64   10.47079
     5764.9610181728    3145.15   10.56832
     5765.5504882526    3133.29   10.54109
     5766.1400186061    3122.18   10.52687
     5766.7296092392    3139.52   10.54295
     5767.3192601583    3132.51   10.52459
     5767.9089713695    3129.83   10.52291
     5768.4987428790    3126.16   10.52652
     5769.0885746929    3133.58   10.52154
     5769.6784668174    3136.01   10.52149
     5770.2684192586    3109.59    10.6047
     5770.8584320228    3095.59    11.0517
     5771.4485051161    3049.80   10.38457
     5772.0386385446    3059.70   10.39669
     5772.6288323145    3067.66   10.40280
     5773.2190864321    3072.34   10.42899
     5773.8094009034    3055.02   10.36847
     5774.3997757346    2992.39   10.27466
     5774.9902109320    3006.89   10.29456
     5775.5807065017    3073.67   10.38205
     5776.1712624498    3118.82   10.46340
     5776.7618787826    3137.85   10.49880
     5777.3525555062    3128.34   10.48571
     5777.9432926267    3107.05   10.45522
     5778.5340901504    3088.85   10.40701
     5779.1249480835    3044.76   10.33037
     5779.7158664320    2941.20   10.14071
     5780.3068452023    2863.34   10.00540
     5780.8978844004    2829.87    9.96377
     5781.4889840326    2808.07    9.94357
     5782.0801441050    2841.01    9.98705
     5782.6713646238    2886.27   10.05228
     5783.2626455952    2890.31   10.05309
     5783.8539870253    2856.68    9.98312
     5784.4453889204    2794.50    9.89630
     5785.0368512866    2784.93    9.88230
     5785.6283741302    2855.09    9.98431
     5786.2199574573    2951.43   10.12337
     5786.8116012740    2995.35   10.20436
     5787.4033055866    2988.08   10.19921
     5787.9950704012    3026.47   10.25400
     5788.5868957242    3063.07   10.32901
     5789.1787815615    3057.21   10.28714
     5789.7707279194    2998.69   10.18496
     5790.3627348042    2913.19   10.06855
     5790.9548022219    2929.20   10.09766
     5791.5469301788    2999.61   10.18063
     5792.1391186811    3027.80   10.33079
     5792.7313677350    3059.41   10.37943
     5793.3236773466    3064.07   10.31351
     5793.9160475222    3108.04   10.35837
     5794.5084782679    3135.64   10.41472
     5795.1009695899    3124.51   10.38410
     5795.6935214945    3167.74   10.45152
     5796.2861339878    3115.40   10.36349
     5796.8788070760    3043.23   10.24425
     5797.4715407653    2993.26   10.16068
     5798.0643350619    3022.58   10.21829
     5798.6571899720    3093.98   10.32229
     5799.2501055019    3136.96   10.38233
     5799.8430816576    3162.76   10.40144
     5800.4361184455    3154.70   10.39228
     5801.0292158716    3155.37   10.48496
     5801.6223739422    3173.55   10.57152
     5802.2155926636    3202.90   10.46481
     5802.8088720418    3126.49   10.37547
     5803.4022120832    3055.02   10.24678
     5803.9956127938    3058.97   10.26274
     5804.5890741800    2993.50   10.11493
     5805.1825962479    3020.37   10.15338
     5805.7761790037    3013.80   10.13708
     5806.3698224537    3027.54   10.17955
     5806.9635266039    3057.51   10.22528
     5807.5572914608    3083.52   10.26197
     5808.1511170303    3087.99   10.24052
     5808.7450033188    3062.34   10.22217
     5809.3389503325    3086.12   10.25259
     5809.9329580775    3123.81   10.29983
     5810.5270265602    3131.91   10.32287
     5811.1211557866    3148.95   10.33981
     5811.7153457630    3181.20   10.39960
     5812.3095964957    3155.94   10.36337
     5812.9039079907    3180.40   10.37981
     5813.4982802544    3192.51   10.41523
     5814.0927132930    3112.22   10.29347
     5814.6872071126    3102.98   10.25087
     5815.2817617196    3039.98   10.14931
     5815.8763771200    2967.24   10.07286
     5816.4710533201    3030.66   10.20870
     5817.0657903262    3093.16   10.28254
     5817.6605881444    3158.96   10.33019
     5818.2554467810    3214.37   10.41675
     5818.8503662421    3219.32   10.43000
     5819.4453465341    3198.50   10.39179
     5820.0403876631    3183.70   10.37444
     5820.6354896353    3218.32   10.44291
     5821.2306524570    3207.81   10.40901
     5821.8258761344    3179.27   10.35713
     5822.4211606738    3183.03   10.37167
     5823.0165060812    3171.35   10.35107
     5823.6119123630    3186.93   10.36197
     5824.2073795254    3209.20   10.39279
     5824.8029075746    3190.47   10.36184
     5825.3984965168    3195.44   10.37047
     5825.9941463583    3193.90   10.36348
     5826.5898571053    3181.62   10.33882
     5827.1856287640    3174.40   10.32985
     5827.7814613406    3174.51   10.36275
     5828.3773548414    3204.88   10.45424
     5828.9733092726    3196.99   10.36803
     5829.5693246405    3189.26   10.34086
     5830.1654009512    3207.94   10.37232
     5830.7615382110    3188.78   10.35156
     5831.3577364261    3174.75   10.32195
     5831.9539956028    3185.32   10.32357
     5832.5503157472    3191.85   10.32228
     5833.1466968657    3183.60   10.30667
     5833.7431389645    3174.43   10.28136
     5834.3396420498    3135.33   10.23116
     5834.9362061277    3137.55   10.23494
     5835.5328312047    3185.13   10.29433
     5836.1295172869    3186.50   10.32516
     5836.7262643805    3182.03   10.30241
     5837.3230724918    3161.21   10.25262
     5837.9199416270    3126.46   10.20687
     5838.5168717923    3129.76   10.19271
     5839.1138629941    3169.32   10.25422
     5839.7109152385    3214.07   10.33778
     5840.3080285318    3219.12   10.35185
     5840.9052028802    3211.30   10.33169
     5841.5024382900    3226.40   10.34512
     5842.0997347674    3244.97   10.37173
     5842.6970923187    3208.53   10.33458
     5843.2945109500    3229.43   10.34812
     5843.8919906677    3223.28   10.32613
     5844.4895314780    3178.33   10.26536
     5845.0871333872    3173.63   10.24329
     5845.6847964014    3154.46   10.21679
     5846.2825205270    3139.00   10.18352
     5846.8803057701    3119.73   10.15653
     5847.4781521371    3128.34   10.18020
     5848.0760596341    3121.76   10.17071
     5848.6740282675    3160.88   10.22982
     5849.2720580435    3215.26   10.30618
     5849.8701489683    3205.44   10.29668
     5850.4683010482    3205.05   10.27988
     5851.0665142895    3158.05   10.20606
     5851.6647886983    3101.94   10.14246
     5852.2631242810    3090.60   10.09808
     5852.8615210438    3048.57   10.03598
     5853.4599789930    3059.56   10.03429
     5854.0584981348    3095.42   10.09209
     5854.6570784754    3111.41   10.11453
     5855.2557200212    3102.36   10.09479
     5855.8544227784    3009.42    9.93918
     5856.4531867532    2847.62    9.74406
     5857.0520119519    2734.95    9.49851
     5857.6508983808    2837.04    9.66590
     5858.2498460462    2928.24    9.80699
     5858.8488549542    2977.03    9.89445
     5859.4479251112    3083.85   10.29063
     5860.0470565234    3089.31   10.14499
     5860.6462491970    3143.46   10.12318
     5861.2455031385    3089.77   10.04575
     5861.8448183539    3032.55    9.99327
     5862.4441948496    3076.39   10.01624
     5863.0436326318    3096.13   10.25014
     5863.6431317069    3183.20   10.44156
     5864.2426920810    3187.08   10.20640
     5864.8423137604    3163.24   10.15766
     5865.4419967515    3133.16   10.16422
     5866.0417410604    3050.16    9.98266
     5866.6415466935    3040.74    9.95605
     5867.2414136570    3093.68   10.05412
     5867.8413419573    3164.39   10.14473
     5868.4413316004    3204.95   10.22895
     5869.0413825928    3246.61   10.28804
     5869.6414949407    3245.86   10.27418
     5870.2416686504    3210.88   10.22328
     5870.8419037282    3228.00   10.23733
     5871.4422001802    3228.64   10.25095
     5872.0425580129    3208.76   10.21143
     5872.6429772325    3176.26   10.16977
     5873.2434578452    3186.73   10.17651
     5873.8439998573    3205.57   10.20031
     5874.4446032752    3183.49   10.18284
     5875.0452681051    3201.69   10.19790
     5875.6459943532    3190.77   10.19130
     5876.2467820259    3170.26   10.13780
     5876.8476311294    3160.14   10.11223
     5877.4485416700    3162.97   10.11986
     5878.0495136541    3165.91   10.27685
     5878.6505470878    3160.20   10.14013
     5879.2516419774    3132.09   10.07428
     5879.8527983294    3123.38   10.05945
     5880.4540161498    3123.82   10.06382
     5881.0552954451    3152.18   10.10538
     5881.6566362214    3166.53   10.11542
     5882.2580384852    3125.12   10.03956
     5882.8595022426    3054.36    9.92951
     5883.4610275000    3019.81    9.87184
     5884.0626142636    3038.29    9.89626
     5884.6642625398    3045.08    9.89654
     5885.2659723348    3076.68    9.93237
     5885.8677436550    3056.27    9.91959
     5886.4695765065    2996.89    9.82443
     5887.0714708958    2904.22    9.66219
     5887.6734268290    2698.34    9.32913
     5888.2754443125    2342.45    8.65740
     5888.8775233526    1839.20    8.12975
     5889.4796639556    1570.39    7.56760
     5890.0818661278    1702.66    7.92235
     5890.6841298754    2090.50    8.78078
     5891.2864552048    2485.95    9.23459
     5891.8888421222    2671.80    9.31903
     5892.4912906340    2751.24    9.39480
     5893.0938007465    2782.23    9.44766
     5893.6963724659    2754.37    9.36718
     5894.2990057986    2514.85    9.12524
     5894.9017007508    2054.04    9.08252
     5895.5044573289    1810.20    7.76710
     5896.1072755391    1996.16    9.78356
     5896.7101553878    2419.29    8.90119
     5897.3130968812    2783.97    9.50506
     5897.9161000257    2960.40    9.72157
     5898.5191648276    2951.43    9.71670
     5899.1222912931    2981.51    9.78132
     5899.7254794286    3056.62    9.88702
     5900.3287292404    3109.92    9.97048
     5900.9320407348    3151.76   10.02237
     5901.5354139181    3152.75   10.02960
     5902.1388487966    3145.88   10.02344
     5902.7423453766    3170.82   10.04778
     5903.3459036644    3168.61   10.05561
     5903.9495236663    3155.43   10.00946
     5904.5532053887    3135.39    9.98454
     5905.1569488378    3095.60    9.92761
     5905.7607540200    3105.01    9.94590
     5906.3646209416    3105.92    9.92840
     5906.9685496088    3169.99   10.03047
     5907.5725400281    3184.79   10.03995
     5908.1765922057    3193.00   10.16523
     5908.7807061479    3161.93   10.02981
     5909.3848818610    3135.27    9.97763
     5909.9891193514    3176.95   10.02612
     5910.5934186254    3199.83   10.06497
     5911.1977796893    3206.84   10.07129
     5911.8022025494    3207.26   10.06647
     5912.4066872120    3191.05   10.01684
     5913.0112336835    3068.74    9.86076
     5913.6158419702    2949.02    9.69641
     5914.2205120783    3006.40    9.73686
     5914.8252440143    3052.07    9.82172
     5915.4300377844    3049.81    9.80726
     5916.0348933950    3100.97    9.89394
     5916.6398108523    3124.08    9.92903
     5917.2447901627    3132.74    9.93692
     5917.8498313326    3120.59    9.91862
     5918.4549343682    3126.63    9.93339
     5919.0600992759    3199.85   10.03440
     5919.6653260621    3231.47   10.08510
     5920.2706147329    3250.18   10.09989
     5920.8759652948    3194.61   10.02094
     5921.4813777541    3146.78    9.96224
     5922.0868521172    3138.58    9.94118
     5922.6923883902    3135.60    9.93308
     5923.2979865797    3186.65    9.98471
     5923.9036466919    3224.41   10.06578
     5924.5093687331    3248.02   10.09135
     5925.1151527096    3240.90   10.08500
     5925.7209986279    3241.40   10.07713
     5926.3269064943    3246.61   10.09509
     5926.9328763150    3186.94   10.00787
     5927.5389080964    3135.71    9.89380
     5928.1450018448    3146.92    9.91241
     5928.7511575667    3084.29    9.80095
     5929.3573752682    3001.08    9.69769
     5929.9636549559    2997.61    9.70969
     5930.5699966359    3110.94    9.87042
     5931.1764003146    3197.11    9.98224
     5931.7828659984    3220.48   10.00637
     5932.3893936937    3214.97   10.01411
     5932.9959834066    3207.15    9.98495
     5933.6026351437    3114.42    9.87041
     5934.2093489112    3057.86    9.78797
     5934.8161247155    3112.37    9.84786
     5935.4229625629    3181.96    9.94418
     5936.0298624598    3252.77   10.06057
     5936.6368244125    3208.49   10.02415
     5937.2438484274    3221.74   10.04918
     5937.8509345107    3237.44   10.15100
     5938.4580826689    3233.38   10.04398
     5939.0652929083    3228.03   10.07053
     5939.6725652352    3177.08    9.92476
     5940.2798996561    3159.11    9.90809
     5940.8872961771    3113.02    9.83423
     5941.4947548048    3096.12    9.81146
     5942.1022755454    3150.30    9.85937
     5942.7098584053    3171.75    9.91078
     5943.3175033908    3219.98    9.97769
     5943.9252105084    3214.09    9.98075
     5944.5329797643    3210.59    9.96223
     5945.1408111648    3230.36    9.99209
     5945.7487047165    3231.49   10.00466
     5946.3566604256    3245.72   10.00488
     5946.9646782984    3189.60    9.92901
     5947.5727583413    3113.09    9.80878
     5948.1809005608    3046.11    9.71803
     5948.7891049630    3066.25    9.72272
     5949.3973715545    3138.21    9.84623
     5950.0057003415    3203.03    9.94753
     5950.6140913305    3237.02    9.98129
     5951.2225445277    3220.79    9.94799
     5951.8310599395    3094.87    9.75366
     5952.4396375724    3026.60    9.67617
     5953.0482774326    3081.61    9.73996
     5953.6569795265    3160.30    9.84451
     5954.2657438606    3219.18    9.93726
     5954.8745704410    3259.80    9.98139
     5955.4834592743    3197.80    9.91858
     5956.0924103668    3120.88    9.81057
     5956.7014237248    3118.09    9.77340
     5957.3104993547    3128.78    9.79447
     5957.9196372629    3154.82    9.83036
     5958.5288374558    3201.41    9.87876
     5959.1380999397    3236.54    9.96238
     5959.7474247209    3256.14    9.98899
     5960.3568118059    3286.16   10.02954
     5960.9662612011    3248.00    9.95655
     5961.5757729127    3265.12    9.99316
     5962.1853469472    3252.45    9.98005
     5962.7949833110    3266.44   10.00843
     5963.4046820104    3273.64    10.7184
     5964.0144430517    3255.34   10.19425
     5964.6242664414    3203.65    9.89710
     5965.2341521859    3156.18   10.38455
     5965.8441002915    3174.06   10.19983
     5966.4541107646    3204.98    9.89032
     5967.0641836115    3224.87    9.90148
     5967.6743188387    3223.64    9.91000
     5968.2845164525    3249.74    9.94623
     5968.8947764593    3261.09   10.00344
     5969.5050988655    3263.05   10.03055
     5970.1154836775    3262.62    9.96443
     5970.7259309016    3271.74    9.97206
     5971.3364405442    3293.06   10.00058
     5971.9470126118    3265.22    9.95350
     5972.5576471106    3272.66    9.96720
     5973.1683440471    3259.84    9.95562
     5973.7791034277    3242.65    9.91617
     5974.3899252587    3175.16    9.81808
     5975.0008095466    3166.98    9.79682
     5975.6117562976    3078.99    9.67289
     5976.2227655183    3057.04    9.67881
     5976.8338372150    3131.13    9.73642
     5977.4449713940    3135.40    9.75946
     5978.0561680618    3160.58    9.78997
     5978.6674272248    3205.46    9.84340
     5979.2787488893    3228.81    9.88346
     5979.8901330617    3260.49    9.91916
     5980.5015797485    3281.60    9.94671
     5981.1130889560    3251.23    9.92338
     5981.7246606906    3239.35    9.86851
     5982.3362949588    3156.70    9.83943
     5982.9479917668    3058.19    9.90292
     5983.5597511211    3003.44    9.53973
     5984.1715730281    2967.13    9.46977
     5984.7834574943    3070.47    9.61721
     5985.3954045259    3110.31    9.66241
     5986.0074141293    3125.53    9.71077
     5986.6194863111    3120.40    9.70431
     5987.2316210775    3169.97    9.77799
     5987.8438184351    3191.59    9.81240
     5988.4560783901    3248.86    9.89581
     5989.0684009489    3248.19    9.89454
     5989.6807861181    3273.84    9.93246
     5990.2932339039    3250.36    9.88443
     5990.9057443129    3206.12    9.85241
     5991.5183173513    3246.64    9.87613
     5992.1309530256    3251.83    9.90834
     5992.7436513422    3304.91    9.95457
     5993.3564123075    3293.21    9.96423
     5993.9692359279    3286.76    9.94550
     5994.5821222098    3301.53    9.94750
     5995.1950711597    3247.58    9.88510
     5995.8080827838    3231.77    9.84120
     5996.4211570888    3184.99    9.79738
     5997.0342940808    3136.66    9.74713
     5997.6474937664    3157.94   10.43604
     5998.2607561520    3185.84    9.79897
     5998.8740812440    3217.81   10.29704
     5999.4874690488    3260.50    9.95001
     6000.1009195727    3266.33    9.89612
     6000.7144328223    3274.68    9.90813
     6001.3280088039    3238.26    9.82671
     6001.9416475239    3110.93    9.65779
     6002.5553489888    3062.45    9.60216
     6003.1691132050    3141.80    9.70934
     6003.7829401789    3223.62    9.80891
     6004.3968299169    3224.15    9.81812
     6005.0107824254    3214.84    9.81048
     6005.6247977108    3234.09    9.83264
     6006.2388757796    3213.69    9.79243
     6006.8530166382    3081.87    9.60748
     6007.4672202930    2959.52    9.42731
     6008.0814867505    2964.59    9.44523
     6008.6958160169    3074.39    9.58731
     6009.3102080989    3218.88    9.80230
     6009.9246630027    3286.12    9.88832
     6010.5391807348    3292.06    9.91294
     6011.1537613017    3214.30   10.13855
     6011.7684047097    3195.38    9.75302
     6012.3831109654    3075.08    9.56970
     6012.9978800750    3049.68    9.54133
     6013.6127120451    3121.04    9.63263
     6014.2276068820    3181.95    9.73704
     6014.8425645923    3247.01    9.80957
     6015.4575851823    3161.70    9.70704
     6016.0726686584    3064.45    9.87310
     6016.6878150271    3096.70    9.78733
     6017.3030242949    3182.94    9.72170
     6017.9182964680    3251.47    9.79871
     6018.5336315531    3181.31    9.69950
     6019.1490295565    3038.82    9.52592
     6019.7644904846    3029.30    9.48085
     6020.3800143439    3036.64    9.49259
     6020.9956011408    2994.65    9.55534
     6021.6112508818    3066.84    9.82645
     6022.2269635733    3143.71    9.65063
     6022.8427392216    3089.54    9.61646
     6023.4585778334    3032.45    9.48333
     6024.0744794149    3079.91    9.52557
     6024.6904439727    3192.46    9.71241
     6025.3064715132    3265.03    9.81981
     6025.9225620427    3218.57    9.75445
     6026.5387155679    3188.09    9.71649
     6027.1549320950    3215.21   10.09723
     6027.7712116306    3256.75    9.88261
     6028.3875541810    3303.32    9.83924
     6029.0039597528    3279.05    9.82992
     6029.6204283523    3301.36    9.84740
     6030.2369599861    3273.89    9.82053
     6030.8535546605    3293.73    9.85737
     6031.4702123821    3322.01    9.88009
     6032.0869331571    3315.33    9.88155
     6032.7037169922    3341.05    9.90198
     6033.3205638938    3321.28    9.89454
     6033.9374738682    3317.42    9.87441
     6034.5544469220    3302.69    9.84676
     6035.1714830616    3300.67    9.84244
     6035.7885822934    3319.17    9.87346
     6036.4057446239    3330.86    9.89160
     6037.0229700596    3309.81    9.86178
     6037.6402586068    3322.72    9.85976
     6038.2576102722    3302.16    9.83422
     6038.8750250620    3250.68    9.75115
     6039.4925029828    3269.33    9.78396
     6040.1100440410    3304.92    9.84886
     6040.7276482431    3292.37    9.82969
     6041.3453155955    3227.45    9.73145
     6041.9630461047    3239.61    9.74689
     6042.5808397772    3279.88    9.79315
     6043.1986966194    3311.57    9.84634
     6043.8166166377    3348.37    9.88057
     6044.4345998386    3324.64    9.86043
     6045.0526462287    3338.61    9.87069
     6045.6707558142    3346.04    9.87296
     6046.2889286018    3333.03    9.86105
     6046.9071645979    3348.51    9.86648
     6047.5254638089    3339.06    9.86262
     6048.1438262413    3338.43    9.84927
     6048.7622519015    3324.32    9.84396
     6049.3807407961    3335.61    9.85414
     6049.9992929315    3366.08    9.89718
     6050.6179083141    3341.40    9.87790
     6051.2365869504    3335.06    9.84884
     6051.8553288470    3340.17    9.84007
     6052.4741340102    3306.57    9.79491
     6053.0930024465    3278.72    9.75711
     6053.7119341624    3291.69    9.88650
     6054.3309291644    3270.51    9.73233
     6054.9499874590    3196.93    9.62520
     6055.5691090525    3170.75    9.58358
     6056.1882939516    3198.58    9.65264
     6056.8075421626    3249.19    9.70034
     6057.4268536920    3310.75    9.78069
     6058.0462285463    3306.76    9.77501
     6058.6656667320    3329.97    9.81372
     6059.2851682556    3333.99    9.81129
     6059.9047331235    3319.65   10.06860
     6060.5243613422    3332.23    9.96819
     6061.1440529183    3311.40    9.77837
     6061.7638078580    3280.70    9.72146
     6062.3836261680    3242.94    9.85429
     6063.0035078548    3263.83    9.89207
     6063.6234529247    3243.74    9.64304
     6064.2434613844    3084.46    9.44337
     6064.8635332402    2993.25    9.44973
     6065.4836684986    3090.79    9.71842
     6066.1038671662    3243.74    9.65603
     6066.7241292494    3321.96    9.77836
     6067.3444547547    3357.02    9.82734
     6067.9648436886    3357.31    9.83001
     6068.5852960576    3352.17    9.82349
     6069.2058118681    3351.18    9.82541
     6069.8263911267    3361.35    9.83723
     6070.4470338398    3374.80    9.86017
     6071.0677400139    3346.91    9.80684
     6071.6885096555    3370.83    9.83583
     6072.3093427711    3361.17    9.81815
     6072.9302393672    3371.84    9.83237
     6073.5511994503    3366.25    9.81723
     6074.1722230269    3371.51    9.83477
     6074.7933101034    3360.54    9.80797
     6075.4144606864    3334.00    9.77698
     6076.0356747824    3332.01    9.75998
     6076.6569523977    3300.02    9.70252
     6077.2782935391    3201.89    9.57088
     6077.8996982128    3111.23    9.46840
     6078.5211664255    3133.30    9.49031
     6079.1426981836    3215.98    9.59127
     6079.7642934937    3288.39    9.70396
     6080.3859523621    3299.32    9.73618
     6081.0076747955    3256.79    9.65163
     6081.6294608003    3208.97    9.57772
     6082.2513103831    3206.23    9.56901
     6082.8732235502    3282.92    9.67326
     6083.4952003083    3313.07    9.72085
     6084.1172406638    3252.28    9.62236
     6084.7393446233    3215.04    9.56440
     6085.3615121931    3218.83    9.57506
     6085.9837433800    3258.02    9.65004
     6086.6060381902    3291.05   10.05433
     6087.2283966304    3295.27    9.67427
     6087.8508187071    3320.10    9.72416
     6088.4733044267    3280.07    9.64885
     6089.0958537958    3179.52    9.50821
     6089.7184668208    3158.32    9.47127
     6090.3411435084    3170.51    9.49550
     6090.9638838649    3215.59    9.56065
     6091.5866878970    3245.03    9.59341
     6092.2095556111    3255.57    9.62570
     6092.8324870137    3253.65    9.62335
     6093.4554821113    3262.22    9.63194
     6094.0785409105    3300.42    9.68050
     6094.7016634177    3342.96    9.72295
     6095.3248496396    3306.08    9.66942
     6095.9480995825    3252.60    9.61498
     6096.5714132531    3281.84    9.63232
     6097.1947906577    3272.57    9.64306
     6097.8182318030    3301.09    9.67750
     6098.4417366955    3345.89    9.73489
     6099.0653053417    3332.16    9.71868
     6099.6889377480    3333.29    9.70430
     6100.3126339211    3305.49    9.64271
     6100.9363938674    3118.56    9.39270
     6101.5602175935    2793.52    8.93944
     6102.1841051058    2648.48    8.71281
     6102.8080564110    2819.84    8.99434
     6103.4320715155    3104.74    9.74924
     6104.0561504258    3264.35    9.59659
     6104.6802931485    3343.44    9.71691
     6105.3044996901    3342.55    9.71647
     6105.9287700571    3352.33    9.73245
     6106.5531042561    3306.39    9.65809
     6107.1775022936    3232.57    9.56070
     6107.8019641760    3265.93    9.61535
     6108.4264899100    3297.81    9.65437
     6109.0510795021    3352.94    9.75338
     6109.6757329587    3348.67    9.70494
     6110.3004502865    3284.80    9.64242
     6110.9252314919    3288.23    9.63342
     6111.5500765815    3267.10    9.85416
     6112.1749855618    3322.83    9.82206
     6112.7999584393    3372.85    9.75581
     6113.4249952207    3374.46    9.75790
     6114.0500959123    3381.49    9.74145
     6114.6752605208    3327.95    9.68093
     6115.3004890528    3273.70    9.60378
     6115.9257815146    3243.72    9.59396
     6116.5511379128    3292.05    9.65671
     6117.1765582541    3346.54    9.70494
     6117.8020425449    3344.37    9.70523
     6118.4275907918    3302.83    9.66121
     6119.0532030013    3254.92    9.58749
     6119.6788791800    3232.94    9.52883
     6120.3046193343    3145.64    9.38583
     6120.9304234709    2861.11    9.02890
     6121.5562915963    2646.87    8.84164
     6122.1822237170    2805.73    9.35974
     6122.8082198395    3052.61    9.76734
     6123.4342799705    3260.90    9.55332
     6124.0604041164    3311.80    9.63846
     6124.6865922838    3293.43    9.62153
     6125.3128444793    3282.42    9.60769
     6125.9391607093    3294.27    9.62442
     6126.5655409805    3265.15    9.58792
     6127.1919852994    3242.49    9.53646
     6127.8184936725    3248.90    9.55148
     6128.4450661064    3272.59    9.58214
     6129.0717026076    3293.65    9.61232
     6129.6984031828    3330.65    9.64981
     6130.3251678383    3330.28    9.64788
     6130.9519965809    3316.12    9.64315
     6131.5788894170    3347.36    9.68557
     6132.2058463532    3373.43    9.70956
     6132.8328673961    3374.95    9.71473
     6133.4599525522    3364.83    9.69533
     6134.0871018280    3310.53    9.61378
     6134.7143152301    3200.17    9.52765
     6135.3415927652    3003.22    9.37887
     6135.9689344396    2739.18    8.95200
     6136.5963402601    2620.86    8.64548
     6137.2238102331    2758.42    8.88990
     6137.8513443652    3011.89    9.26052
     6138.4789426630    3246.80    9.49481
     6139.1066051330    3354.30    9.66069
     6139.7343317818    3356.66    9.66292
     6140.3621226160    3238.19    9.60666
     6140.9899776421    3076.85    9.52974
     6141.6178968667    3114.80    9.33331
     6142.2458802963    3236.97    9.49434
     6142.8739279375    3330.94    9.63294
     6143.5020397969    3363.19    9.68080
     6144.1302158811    3352.17    9.67010
     6144.7584561966    3341.52    9.64822
     6145.3867607499    3347.04    9.64883
     6146.0151295477    3373.09    9.68235
     6146.6435625965    3321.54    9.62142
     6147.2720599029    3274.13    9.51874
     6147.9006214735    3303.52    9.57502
     6148.5292473148    3319.71    9.60456
     6149.1579374333    3300.89    9.56963
     6149.7866918358    3283.06    9.55598
     6150.4155105287    3296.45    9.56161
     6151.0443935186    3290.34    9.57515
     6151.6733408121    3340.92    9.62858
     6152.3023524158    3356.90    9.65542
     6152.9314283362    3339.60    9.63998
     6153.5605685799    3275.91    9.54088
     6154.1897731536    3211.32    9.44963
     6154.8190420637    3216.07    9.45919
     6155.4483753169    3277.10    9.52438
     6156.0777729197    3298.13    9.54735
     6156.7072348787    3278.12    9.54476
     6157.3367612005    3278.49    9.54038
     6157.9663518916    3318.91    9.57664
     6158.5960069588    3337.95    9.59952
     6159.2257264085    3287.17    9.48709
     6159.8555102473    3059.60    9.58047
     6160.4853584817    2753.80    9.24355
     6161.1152711185    2460.92    8.40693
     6161.7452481642    2418.45    8.24605
     6162.3752896253    2600.57    8.50269
     6163.0053955085    2828.58    8.86172
     6163.6355658203    3086.42    9.22347
     6164.2658005673    3203.07    9.39816
     6164.8960997562    3214.28    9.41350
     6165.5264633934    3169.26    9.37163
     6166.1568914856    3239.66    9.48107
     6166.7873840394    3291.07    9.58682
     6167.4179410614    3276.63    9.63825
     6168.0485625581    3036.88    9.85913
     6168.6792485362    2795.45    8.93601
     6169.3099990023    2810.84    8.81091
     6169.9408139629    2981.16    9.05170
     6170.5716934246    3231.62    9.42088
     6171.2026373941    3349.08    9.58563
     6171.8336458779    3335.12    9.57623
     6172.4647188826    3277.59    9.48406
     6173.0958564148    3293.13    9.51215
     6173.7270584812    3328.34    9.54659
     6174.3583250883    3318.33    9.55993
     6174.9896562427    3313.85    9.52166
     6175.6210519510    3270.49    9.46845
     6176.2525122198    3256.07    9.45540
     6176.8840370558    3312.34    9.53404
     6177.5156264655    3373.37    9.62566
     6178.1472804555    3412.41    9.66552
     6178.7789990324    3369.01    9.60064
     6179.4107822029    3296.27    9.52066
     6180.0426299735    3329.99    9.55404
     6180.6745423508    3368.61    9.60111
     6181.3065193415    3409.66    9.65324
     6181.9385609522    3429.24    9.67182
     6182.5706671894    3429.79    9.73460
     6183.2028380598    3425.49    9.87906
     6183.8350735700    3420.96    9.78909
     6184.4673737265    3421.45    9.66349
     6185.0997385361    3365.66    9.58879
     6185.7321680052    3322.86    9.51985
     6186.3646621406    3302.36    9.48499
     6186.9972209489    3287.36    9.45962
     6187.6298444365    3284.79    9.45102
     6188.2625326103    3325.39    9.51007
     6188.8952854767    3389.11    9.57794
     6189.5281030424    3324.58    9.47964
     6190.1609853140    3078.57    9.18789
     6190.7939322981    2931.49    8.99346
     6191.4269440014    3057.89    9.12806
     6192.0600204304    3227.83    9.36675
     6192.6931615918    3375.05    9.55805
     6193.3263674922    3413.96    9.65264
     6193.9596381382    3404.88    9.61306
     6194.5929735364    3418.82    9.64100
     6195.2263736935    3417.71    9.62552
     6195.8598386160    3447.71    9.69121
     6196.4933683107    3438.45    9.76439
     6197.1269627841    3459.95    9.68102
     6197.7606220428    3395.71    9.59969
     6198.3943460935    3345.08    9.52387
     6199.0281349428    3259.40    9.41541
     6199.6619885973    3207.36    9.31969
     6200.2959070636    3299.55    9.46544
     6200.9298903485    3384.74    9.82640
     6201.5639384584    3458.79    9.68074
     6202.1980514000    3446.37    9.64533
     6202.8322291801    3434.22    9.62800
     6203.4664718051    3419.83    9.61310
     6204.1007792817    3414.60    9.60673
     6204.7351516165    3433.77    9.62359
     6205.3695888163    3460.37    9.67162
     6206.0040908875    3450.85    9.64980
     6206.6386578370    3445.98    9.64067
     6207.2732896711    3454.58    9.64435
     6207.9079863967    3435.39    9.61407
     6208.5427480204    3413.91    9.60182
     6209.1775745487    3446.16    9.63425
     6209.8124659884    3428.82    9.61709
     6210.4474223460    3436.49    9.62992
     6211.0824436282    3427.46    9.60605
     6211.7175298417    3373.82    9.83222
     6212.3526809930    3243.15    9.46380
     6212.9878970889    3211.25    9.31091
     6213.6231781359    3191.69    9.27128
     6214.2585241407    3197.85    9.29070
     6214.8939351099    3207.57    9.27485
     6215.5294110502    3208.20    9.31677
     6216.1649519683    3326.68    9.44807
     6216.8005578707    3374.75    9.51609
     6217.4362287641    3379.49    9.50412
     6218.0719646552    3274.76    9.38594
     6218.7077655506    3199.19    9.45081
     6219.3436314570    3206.58    9.39591
     6219.9795623809    3216.28    9.31614
     6220.6155583291    3314.88    9.43851
     6221.2516193082    3389.38    9.53841
     6221.8877453248    3416.98    9.56620
     6222.5239363857    3413.60    9.68893
     6223.1601924973    3370.66    9.66589
     6223.7965136665    3371.68    9.51409
     6224.4328998999    3384.93    9.52449
     6225.0693512040    3384.39    9.51595
     6225.7058675856    3383.52    9.50779
     6226.3424490513    3363.97    9.50761
     6226.9790956077    3393.78    9.53681
     6227.6158072616    3395.20    9.52874
     6228.2525840196    3343.07    9.45409
     6228.8894258883    3239.16    9.28934
     6229.5263328744    3008.49    9.03833
     6230.1633049845    2960.11    8.99558
     6230.8003422254    3087.52    9.20694
     6231.4374446036    3118.08    9.14269
     6232.0746121258    3176.28    9.21930
     6232.7118447988    3254.18    9.32020
     6233.3491426290    3371.00    9.45896
     6233.9865056234    3450.14    9.58023
     6234.6239337883    3473.59    9.62306
     6235.2614271307    3461.62    9.59415
     6235.8989856570    3407.68    9.52534
     6236.5366093740    3359.70    9.46048
     6237.1742982883    3374.02    9.49124
     6237.8120524067    3382.21    9.49217
     6238.4498717357    3403.21    9.52503
     6239.0877562820    3337.44    9.43541
     6239.7257060524    3272.83    9.35043
     6240.3637210534    3314.24    9.39269
     6241.0018012918    3371.88    9.47546
     6241.6399467742    3297.26    9.36762
     6242.2781575072    3195.21    9.23042
     6242.9164334977    3172.40    9.24454
     6243.5547747521    3229.36    9.96046
     6244.1931812773    3299.17    9.36407
     6244.8316530799    3191.97    9.44927
     6245.4701901665    3064.72    9.02929
     6246.1087925438    3118.51    9.11594
     6246.7474602186    3251.19    9.30251
     6247.3861931974    3368.72    9.44644
     6248.0249914870    3412.14    9.50688
     6248.6638550940    3433.50    9.53745
     6249.3027840251    3446.08    9.82178
     6249.9417782870    3421.88    9.54743
     6250.5808378864    3343.12    9.40157
     6251.2199628300    3136.61    9.12157
     6251.8591531244    3069.16    9.03438
     6252.4984087763    3100.72    9.06598
     6253.1377297924    3067.71    9.02739
     6253.7771161794    3160.61    9.28347
     6254.4165679440    3236.51    9.26446
     6255.0560850929    3181.99    9.17249
     6255.6956676326    3169.52    9.16961
     6256.3353155700    3202.71    9.19528
     6256.9750289117    3159.82    9.13599
     6257.6148076645    3061.56    9.01732
     6258.2546518349    3114.51    9.09088
     6258.8945614296    3254.95    9.26396
     6259.5345364555    3303.43    9.32754
     6260.1745769191    3289.38    9.32305
     6260.8146828272    3308.24    9.36472
     6261.4548541864    3397.20    9.46164
     6262.0950910034    3431.28    9.50966
     6262.7353932850    3478.64    9.62022
     6263.3757610378    3417.25    9.49533
     6264.0161942685    3305.75    9.35183
     6264.6566929838    3287.07    9.30955
     6265.2972571904    3289.63    9.30520
     6265.9378868950    3372.59    9.41190
     6266.5785821044    3459.94    9.50632
     6267.2193428251    3431.28    9.50038
     6267.8601690639    3440.83    9.50695
     6268.5010608275    3399.93    9.43947
     6269.1420181226    3350.17    9.39031
     6269.7830409559    3359.79    9.52873
     6270.4241293341    3341.03    9.48294
     6271.0652832639    3383.96    9.43472
     6271.7065027520    3428.72    9.48654
     6272.3477878051    3442.45    9.49572
     6272.9891384300    3414.94    9.45955
     6273.6305546332    3405.45    9.44092
     6274.2720364216    3402.60    9.44159
     6274.9135838017    3366.14    9.39571
     6275.5551967805    3273.44    9.27330
     6276.1968753644    3203.94    9.16839
     6276.8386195603    3194.44    9.15928
     6277.4804293749    3248.48    9.23122
     6278.1223048148    3292.88    9.28833
     6278.7642458868    3264.00    9.24638
     6279.4062525976    3187.50    9.16089
     6280.0483249539    3184.49    9.16516
     6280.6904629624    3266.85    9.24686
     6281.3326666298    3300.63    9.30625
     6281.9749359629    3342.57    9.36089
     6282.6172709683    3392.00    9.42488
     6283.2596716528    3425.45    9.45329
     6283.9021380231    3406.97    9.43728
     6284.5446700859    3394.47    9.43048
     6285.1872678479    3412.44    9.46345
     6285.8299313158    3414.60    9.49234
     6286.4726604964    3457.07    9.49453
     6287.1154553963    3448.86    9.49001
     6287.7583160224    3441.66    9.47841
     6288.4012423812    3440.27    9.48093
     6289.0442344796    3413.46    9.45877
     6289.6872923243    3370.20    9.40140
     6290.3304159219    3287.47    9.29415
     6290.9736052792    3316.72    9.36826
     6291.6168604030    3321.86    9.43173
     6292.2601812999    3362.01    9.36192
     6292.9035679767    3376.32    9.39492
     6293.5470204400    3379.82    9.40176
     6294.1905386968    3409.72    9.41864
     6294.8341227535    3384.71    9.39815
     6295.4777726171    3375.22    9.37345
     6296.1214882941    3323.84    9.30596
     6296.7652697915    3254.13    9.22615
     6297.4091171157    3258.15    9.22960
     6298.0530302737    3310.10    9.29575
     6298.6970092721    3367.64    9.37664
     6299.3410541177    3392.06    9.38927
     6299.9851648172    3263.20    9.22412
     6300.6293413773    3043.97    8.94403
     6301.2735838048    2959.69    8.93304
     6301.9178921064    3066.46    9.18412
     6302.5622662888    3233.53    9.17233
     6303.2067063588    3364.46    9.34061
     6303.8512123231    3402.16    9.39091
     6304.4957841885    3374.93    9.37896
     6305.1404219617    3407.54    9.40997
     6305.7851256493    3434.41    9.45402
     6306.4298952583    3471.82    9.48606
     6307.0747307952    3491.10    9.52244
     6307.7196322669    3471.91    9.49285
     6308.3645996801    3436.05    9.44590
     6309.0096330416    3446.38    9.45320
     6309.6547323580    3435.22    9.43555
     6310.2998976361    3363.47    9.35981
     6310.9451288827    3365.82    9.34119
     6311.5904261045    3387.18    9.37240
     6312.2357893082    3412.20    9.39028
     6312.8812185007    3397.87    9.35756
     6313.5267136886    3291.49    9.23860
     6314.1722748787    3171.44    9.09989
     6314.8179020778    3148.08    9.09290
     6315.4635952925    3276.15    9.18673
     6316.1093545297    3313.06    9.23785
     6316.7551797961    3231.65    9.30649
     6317.4010710984    3091.97    9.41080
     6318.0470284435    3078.97    8.94696
     6318.6930518380    3231.35    9.13154
     6319.3391412887    3346.64    9.30092
     6319.9852968023    3447.50    9.43241
     6320.6315183857    3451.63    9.42680
     6321.2778060456    3342.09    9.30042
     6321.9241597887    3288.71    9.22531
     6322.5705796217    3353.18    9.30260
     6323.2170655516    3426.17    9.41323
     6323.8636175849    3491.42    9.49606
     6324.5102357284    3495.78    9.51527
     6325.1569199890    3508.63    9.51590
     6325.8036703734    3484.39    9.48153
     6326.4504868883    3432.11    9.42252
     6327.0973695406    3420.93    9.39885
     6327.7443183369    3450.77    9.42469
     6328.3913332840    3444.68    9.40737
     6329.0384143887    3412.35    9.37212
     6329.6855616578    3379.52    9.34660
     6330.3327750980    3401.41    9.38972
     6330.9800547161    3450.55    9.46505
     6331.6274005188    3498.79    9.48821
     6332.2748125130    3510.72    9.56753
     6332.9222907054    3515.21    9.63528
     6333.5698351027    3442.20    9.50324
     6334.2174457118    3288.13    9.42727
     6334.8651225393    3154.37    8.97491
     6335.5128655922    3043.82    8.83894
     6336.1606748770    3088.95    8.89109
     6336.8085504007    3231.91    9.06751
     6337.4564921700    3302.76    9.16887
     6338.1045001916    3282.99    9.22606
     6338.7525744724    3328.83    9.41220
     6339.4007150191    3428.78    9.47604
     6340.0489218385    3455.05    9.39522
     6340.6971949373    3455.27    9.39205
     6341.3455343224    3440.74    9.36980
     6341.9939400005    3405.66    9.31642
     6342.6424119784    3303.77    9.20252
     6343.2909502629    3249.92    9.13654
     6343.9395548607    3297.81    9.19337
     6344.5882257787    3400.41    9.33115
     6345.2369630236    3469.82    9.41884
     6345.8857666022    3490.66    9.45204
     6346.5346365212    3452.81    9.41870
     6347.1835727876    3496.61    9.45301
     6347.8325754080    3538.94    9.51945
     6348.4816443892    3521.92    9.50997
     6349.1307797380    3505.82    9.48865
     6349.7799814613    3510.61    9.48940
     6350.4292495657    3527.07    9.50156
     6351.0785840582    3502.17    9.48345
     6351.7279849453    3534.61    9.51498
     6352.3774522341    3530.08    9.51482
     6353.0269859312    3488.35    9.44566
     6353.6765860434    3422.08    9.36359
     6354.3262525776    3336.08    9.27653
     6354.9759855405    3371.18    9.30397
     6355.6257849389    3462.45    9.41374
     6356.2756507796    3524.60    9.47372
     6356.9255830694    3444.09    9.37580
     6357.5755818151    3341.92    9.25395
     6358.2256470235    3307.93    9.22810
     6358.8757787013    3362.28    9.26925
     6359.5259768555    3358.30    9.27555
     6360.1762414927    3348.69    9.25526
     6360.8265726198    3326.53    9.21482
     6361.4769702436    3266.93    9.15186
     6362.1274343709    3269.26    9.14510
     6362.7779650084    3311.59    9.20204
     6363.4285621630    3370.50    9.28581
     6364.0792258415    3417.03    9.35267
     6364.7299560506    3447.45    9.37952
     6365.3807527973    3445.22    9.39539
     6366.0316160882    3468.32    9.42366
     6366.6825459302    3494.09    9.45947
     6367.3335423302    3543.27    9.50713
     6367.9846052948    3535.69    9.50444
     6368.6357348309    3534.74    9.49728
     6369.2869309453    3538.64    9.49857
     6369.9381936449    3521.71    9.48383
     6370.5895229364    3526.31    9.48620
     6371.2409188266    3554.33    9.52559
     6371.8923813223    3568.05    9.58762
     6372.5439104305    3565.73    9.56025
     6373.1955061578    3541.99    9.51245
     6373.8471685111    3558.36    9.51852
     6374.4988974971    3562.62    9.52739
     6375.1506931228    3552.24    9.52958
     6375.8025553949    3563.44    9.53254
     6376.4544843202    3569.09    9.52203
     6377.1064799056    3522.60    9.47458
     6377.7585421579    3501.51    9.44673
     6378.4106710838    3510.27    9.46108
     6379.0628666903    3518.88    9.58578
     6379.7151289840    3451.53    9.43227
     6380.3674579719    3450.98    9.37579
     6381.0198536608    3518.66    9.44465
     6381.6723160574    3544.44    9.49308
     6382.3248451686    3556.49    9.50904
     6382.9774410013    3553.68    9.50436
     6383.6301035622    3542.31    9.49045
     6384.2828328581    3523.28    9.47349
     6384.9356288960    3536.39    9.47436
     6385.5884916825    3565.75    9.51121
     6386.2414212246    3555.91    9.49774
     6386.8944175291    3566.07    9.50366
     6387.5474806028    3571.24    9.51259
     6388.2006104524    3580.23    9.52547
     6388.8538070850    3584.35    9.53129
     6389.5070705072    3571.26    9.52862
     6390.1604007259    3572.21    9.53814
     6390.8137977479    3542.95    9.53643
     6391.4672615801    3510.43    9.43686
     6392.1207922293    3276.55    9.11078
     6392.7743897023    3151.72    8.95237
     6393.4280540060    3214.98    9.03562
     6394.0817851472    3383.18    9.26157
     6394.7355831327    3512.02    9.43755
     6395.3894479693    3544.53    9.45824
     6396.0433796640    3566.18    9.50061
     6396.6973782235    3566.15    9.50331
     6397.3514436547    3559.02    9.48206
     6398.0055759644    3469.55    9.38632
     6398.6597751594    3159.58    9.24209
     6399.3140412466    2927.30    8.97399
     6399.9683742329    3044.43    8.84993
     6400.6227741250    3320.44    9.64996
     6401.2772409298    3508.44    9.41119
     6401.9317746542    3570.80    9.50441
     6402.5863753050    3580.93    9.51233
     6403.2410428890    3566.06    9.49564
     6403.8957774131    3578.20    9.50539
     6404.5505788841    3545.83    9.47706
     6405.2054473088    3527.06    9.43173
     6405.8603826942    3490.20    9.37496
     6406.5153850471    3358.43    9.20660
     6407.1704543743    3259.79    9.08839
     6407.8255906826    3295.19    9.12857
     6408.4807939789    3438.84    9.30794
     6409.1360642701    3529.07    9.40565
     6409.7914015630    3470.73    9.41042
     6410.4468058645    3228.30    9.24096
     6411.1022771813    3175.36    8.97472
     6411.7578155205    3304.91    9.23162
     6412.4134208887    3474.55    9.50420
     6413.0690932929    3537.50    9.41742
     6413.7248327400    3489.71    9.37965
     6414.3806392367    3481.68    9.37181
     6415.0365127899    3520.48    9.41246
     6415.6924534066    3543.71    9.64465
     6416.3484610935    3528.41    9.66751
     6417.0045358575    3550.15    9.45395
     6417.6606777054    3572.84    9.45406
     6418.3168866442    3470.88    9.33851
     6418.9731626807    3388.32    9.22993
     6419.6295058217    3299.53    9.11330
     6420.2859160741    3222.89    9.03299
     6420.9423934448    3297.85    9.12079
     6421.5989379406    3442.52    9.33283
     6422.2555495685    3541.46    9.44378
     6422.9122283351    3610.47    9.50637
     6423.5689742476    3606.45    9.50965
     6424.2257873125    3579.91    9.48382
     6424.8826675370    3595.55    9.49242
     6425.5396149278    3600.19    9.51118
     6426.1966294917    3608.55    9.51544
     6426.8537112358    3621.02    9.52453
     6427.5108601667    3605.15    9.51086
     6428.1680762915    3592.52    9.48833
     6428.8253596169    3544.73    9.40606
     6429.4827101499    3354.77    9.16322
     6430.1401278972    3248.08    9.03432
     6430.7976128659    3345.72    9.16669
     6431.4551650627    3459.13    9.29178
     6432.1127844946    3514.80    9.49132
     6432.7704711683    3544.28    9.42622
     6433.4282250909    3576.43    9.45502
     6434.0860462691    3584.08    9.46604
     6434.7439347098    3602.25    9.48244
     6435.4018904200    3596.33    9.47189
     6436.0599134065    3583.56    9.46288
     6436.7180036761    3560.22    9.43126
     6437.3761612358    3380.69    9.18963
     6438.0343860924    3099.93    8.81233
     6438.6926782528    3091.91    8.93697
     6439.3510377239    3280.21   10.13348
     6440.0094645126    3492.44    9.32443
     6440.6679586257    3591.19    9.44204
     6441.3265200702    3610.50    9.47676
     6441.9851488530    3604.84    9.47314
     6442.6438449808    3611.84    9.47572
     6443.3026084607    3603.50    9.46201
     6443.9614392994    3635.91    9.49930
     6444.6203375039    3613.25    9.48087
     6445.2793030811    3610.68    9.46789
     6445.9383360378    3632.20    9.49446
     6446.5974363809    3591.75    9.44384
     6447.2566041174    3577.69    9.39650
     6447.9158392542    3476.70    9.26565
     6448.5751417980    3230.62    8.99168
     6449.2345117558    3108.25    8.84667
     6449.8939491346    3256.07    8.99093
     6450.5534539411    3420.17    9.20271
     6451.2130261823    3530.44    9.34783
     6451.8726658651    3577.50    9.40835
     6452.5323729964    3593.05    9.43767
     6453.1921475831    3610.42    9.44893
     6453.8519896320    3542.78    9.37822
     6454.5118991501    3454.19    9.25377
     6455.1718761443    3384.43    9.17351
     6455.8319206214    3449.84    9.24618
     6456.4920325885    3521.00    9.33506
     6457.1522120523    3591.75    9.42974
     6457.8124590197    3608.92    9.46228
     6458.4727734978    3615.19    9.53490
     6459.1331554933    3650.83    9.53127
     6459.7936050132    3629.67    9.49190
     6460.4541220644    3556.02    9.36557
     6461.1147066537    3275.29    9.01632
     6461.7753587882    3051.72    8.71905
     6462.4360784747    3127.78    8.82082
     6463.0968657200    3321.58    9.07381
     6463.7577205313    3499.53    9.31509
     6464.4186429152    3568.32    9.39808
     6465.0796328787    3579.93    9.41969
     6465.7406904289    3621.68    9.48427
     6466.4018155724    3612.60    9.47749
     6467.0630083164    3595.47    9.64372
     6467.7242686676    3530.23    9.34721
     6468.3855966330    3481.78    9.28305
     6469.0469922195    3523.12    9.32898
     6469.7084554341    3549.08    9.35988
     6470.3699862836    3431.38    9.23140
     6471.0315847749    3390.48    9.16788
     6471.6932509150    3443.85    9.22331
     6472.3549847108    3539.84    9.33774
     6473.0167861692    3608.04    9.42478
     6473.6786552971    3547.88    9.36422
     6474.3405921014    3469.14    9.26121
     6475.0025965892    3455.64    9.25219
     6475.6646687672    3533.69    9.33531
     6476.3268086424    3599.49    9.41692
     6476.9890162217    3621.85    9.45120
     6477.6512915121    3617.58    9.43864
     6478.3136345204    3586.97    9.41183
     6478.9760452537    3608.76    9.43880
     6479.6385237187    3637.11    9.46532
     6480.3010699225    3575.17    9.39125
     6480.9636838720    3451.94    9.23695
     6481.6263655741    3372.81    9.14149
     6482.2891150357    3412.97    9.24568
     6482.9519322638    3508.06    9.30729
     6483.6148172652    3567.29    9.38068
     6484.2777700470    3621.72    9.43236
     6484.9407906160    3601.94    9.41502
     6485.6038789792    3650.67    9.48102
     6486.2670351435    3629.21    9.45414
     6486.9302591159    3632.56    9.45578
     6487.5935509032    3616.29    9.42773
     6488.2569105124    3608.59    9.41004
     6488.9203379505    3569.58    9.36634
     6489.5838332243    3587.11    9.39186
     6490.2473963409    3537.53    9.52862
     6490.9110273071    3535.89    9.33847
     6491.5747261299    3527.08    9.33883
     6492.2384928163    3390.79    9.38094
     6492.9023273731    3150.92    8.85060
     6493.5662298073    2891.80    8.69174
     6494.2302001259    2828.58    8.39935
     6494.8942383357    2976.04    8.67329
     6495.5583444438    3052.01    9.00539
     6496.2225184570    3187.30    8.86882
     6496.8867603824    3343.91    9.06860
     6497.5510702269    3429.61    9.17439
     6498.2154479973    3348.24    9.09570
     6498.8798937007    3315.27    9.04954
     6499.5444073440    3414.01    9.16093
     6500.2089889341    3527.63    9.29205
     6500.8736384781    3551.75    9.40313
     6501.5383559827    3598.30    9.44330
     6502.2031414551    3619.59    9.42679
     6502.8679949021    3611.79    9.42005
     6503.5329163307    3597.32    9.40376
     6504.1979057478    3627.40    9.42772
     6504.8629631604    3642.69    9.43730
     6505.5280885755    3645.48    9.44991
     6506.1932819999    3653.20    9.45885
     6506.8585434408    3648.96    9.46935
     6507.5238729049    3614.61    9.43152
     6508.1892703993    3602.05    9.39526
     6508.8547359309    3611.23    9.41690
     6509.5202695067    3649.59    9.46661
     6510.1858711336    3645.80    9.44787
     6510.8515408186    3641.10    9.44914
     6511.5172785686    3656.03    9.46659
     6512.1830843907    3662.44    9.47785
     6512.8489582917    3601.16    9.39227
     6513.5149002787    3606.05    9.38962
     6514.1809103586    3584.32    9.37198
     6514.8469885383    3530.89    9.29604
     6515.5131348248    3538.34    9.31347
     6516.1793492251    3577.34    9.34460
     6516.8456317462    3549.41    9.31012
     6517.5119823950    3465.06    9.23321
     6518.1784011784    3486.96    9.24726
     6518.8448881035    3553.11    9.32690
     6519.5114431773    3644.75    9.46682
     6520.1780664066    3651.39    9.49457
     6520.8447577984    3657.11    9.44936
     6521.5115173598    3638.62    9.44074
     6522.1783450977    3631.88    9.42234
     6522.8452410190    3623.36    9.41946
     6523.5122051307    3639.05    9.44483
     6524.1792374399    3670.94    9.47265
     6524.8463379534    3655.35    9.45378
     6525.5135066784    3614.96    9.40655
     6526.1807436216    3566.97    9.34348
     6526.8480487901    3571.52    9.33450
     6527.5154221909    3593.99    9.36761
     6528.1828638310    3647.27    9.44271
     6528.8503737173    3669.87    9.46649
     6529.5179518568    3658.17    9.44486
     6530.1855982565    3631.85    9.42136
     6530.8533129234    3609.01    9.39586
     6531.5210958644    3601.59    9.37214
     6532.1889470865    3568.45    9.32909
     6532.8568665968    3548.08    9.31641
     6533.5248544022    3561.62    9.32514
     6534.1929105096    3603.16    9.37795
     6534.8610349261    3650.11    9.43575
     6535.5292276587    3684.88    9.48294
     6536.1974887143    3662.26    9.46047
     6536.8658180999    3647.34    9.44295
     6537.5342158225    3642.89    9.44074
     6538.2026818891    3655.33    9.44564
     6538.8712163067    3659.71    9.44174
     6539.5398190823    3681.46    9.46519
     6540.2084902228    3694.51    9.49337
     6540.8772297352    3676.64    9.46432
     6541.5460376267    3641.22    9.42243
     6542.2149139040    3639.59    9.42771
     6542.8838585743    3620.13    9.40300
     6543.5528716445    3643.01    9.43285
     6544.2219531216    3631.26    9.40094
     6544.8911030126    3462.27    9.19244
     6545.5603213245    3366.05    9.07211
     6546.2296080643    3422.58    9.15087
     6546.8989632390    3518.32    9.26719
     6547.5683868556    3607.16    9.37768
     6548.2378789211    3642.57    9.42775
     6548.9074394425    3638.97    9.44870
     6549.5770684268    3644.73    9.51514
     6550.2467658810    3631.66    9.39850
     6550.9165318120    3578.41    9.32974
     6551.5863662270    3592.79    9.33661
     6552.2562691328    3599.37    9.34963
     6552.9262405366    3565.90    9.31608
     6553.5962804452    3526.85    9.27030
     6554.2663888658    3475.36    9.19667
     6554.9365658053    3407.96    9.11268
     6555.6068112707    3397.42    9.10723
     6556.2771252690    3467.81    9.20916
     6556.9475078072    3497.67    9.23921
     6557.6179588924    3537.27    9.26925
     6558.2884785316    3488.10    9.21645
     6558.9590667317    3451.74    9.17065
     6559.6297234997    3361.28    9.04082
     6560.3004488428    3239.72    8.87679
     6560.9712427679    2901.59    9.46557
     6561.6421052819    2182.58    9.81085
     6562.3130363920    2036.06    7.39021
     6562.9840361051    2394.39   10.08850
     6563.6551044283    2858.40    11.7425
     6564.3262413685    3271.05    8.89088
     6564.9974469328    3426.74    9.12234
     6565.6687211282    3464.95    9.17611
     6566.3400639617    3516.26    9.22994
     6567.0114754404    3539.95    9.26037
     6567.6829555712    3497.41    9.21057
     6568.3545043611    3420.64    9.13629
     6569.0261218173    3455.80    9.16731
     6569.6978079467    3513.90    9.25009
     6570.3695627563    3573.50    9.31539
     6571.0413862532    3569.45    9.29251
     6571.7132784443    3486.38    9.21461
     6572.3852393368    3488.22    9.19105
     6573.0572689376    3437.40    9.13128
     6573.7293672537    3407.87    9.09974
     6574.4015342922    3446.99    9.16141
     6575.0737700601    3543.38    9.27269
     6575.7460745645    3621.51    9.36711
     6576.4184478123    3690.27    9.45794
     6577.0908898106    3681.23    9.44421
     6577.7634005665    3686.63    9.44657
     6578.4359800869    3671.99    9.42639
     6579.1086283789    3660.72    9.41722
     6579.7813454495    3625.93    9.36968
     6580.4541313057    3581.20    9.30943
     6581.1269859546    3603.68    9.34093
     6581.7999094033    3638.63    9.38670
     6582.4729016587    3666.49    9.41287
     6583.1459627279    3659.80    9.41521
     6583.8190926179    3664.30    9.41931
     6584.4922913357    3663.85    9.40723
     6585.1655588885    3588.71    9.33802
     6585.8388952832    3585.48    9.31886
     6586.5123005269    3633.57    9.36837
     6587.1857746266    3680.19    9.42149
     6587.8593175893    3678.00    9.41955
     6588.5329294221    3687.36    9.43547
     6589.2066101321    3690.05    9.43886
     6589.8803597263    3683.96    9.42871
     6590.5541782117    3681.84    9.41975
     6591.2280655953    3530.22    9.23957
     6591.9020218843    3306.69    8.94102
     6592.5760470856    3214.40    8.82755
     6593.2501412064    3254.68    8.96707
     6593.9243042536    3456.20    9.59900
     6594.5985362343    3617.39    9.32796
     6595.2728371555    3671.04    9.39668
     6595.9472070243    3635.36    9.36149
     6596.6216458478    3580.03    9.29281
     6597.2961536330    3551.12    9.24202
     6597.9707303870    3549.68    9.24793
     6598.6453761167    3587.10    9.41164
     6599.3200908293    3661.27    9.46550
     6599.9948745318    3683.99    9.41646
     6600.6697272313    3704.96    9.44374
     6601.3446489347    3706.52    9.44259
     6602.0196396493    3695.60    9.43290
     6602.6946993820    3679.23    9.40052
     6603.3698281399    3646.28    9.35416
     6604.0450259300    3626.09    9.34103
     6604.7202927594    3631.87    9.33510
     6605.3956286352    3647.46    9.36286
     6606.0710335644    3641.91    9.34907
     6606.7465075541    3626.06    9.32275
     6607.4220506114    3565.11    9.24881
     6608.0976627432    3465.91    9.13631
     6608.7733439567    3470.36    9.14048
     6609.4490942590    3571.90    9.25622
     6610.1249136570    3629.17    9.33102
     6610.8008021579    3685.02    9.42105
     6611.4767597688    3697.05    9.44012
     6612.1527864966    3667.39    9.37834
     6612.8288823485    3637.63    9.34237
     6613.5050473316    3635.05    9.33268
     6614.1812814528    3688.92    9.38908
     6614.8575847193    3693.20    9.40262
     6615.5339571381    3704.69    9.42502
     6616.2103987164    3678.32    9.38373
     6616.8869094611    3667.65    9.35895
     6617.5634893794    3683.89    9.39379
     6618.2401384783    3707.23    9.43226
     6618.9168567650    3714.07    9.44476
     6619.5936442464    3722.92    9.45499
     6620.2705009296    3707.82    9.43325
     6620.9474268218    3695.93    9.40950
     6621.6244219299    3710.00    9.42799
     6622.3014862612    3710.26    9.42520
     6622.9786198226    3663.68    9.37343
     6623.6558226213    3624.23    9.32432
     6624.3330946642    3618.60    9.31753
     6625.0104359586    3635.84    9.34204
     6625.6878465114    3663.77    9.36905
     6626.3653263298    3661.10    9.36935
     6627.0428754209    3650.84    9.36266
     6627.7204937916    3665.10    9.37362
     6628.3981814492    3659.32    9.36249
     6629.0759384007    3648.82    9.34907
     6629.7537646531    3652.13    9.34381
     6630.4316602137    3656.11    9.36765
     6631.1096250893    3642.88    9.34527
     6631.7876592872    3612.97    9.29621
     6632.4657628145    3495.60    9.16092
     6633.1439356781    3398.64    9.05357
     6633.8221778853    3478.80    9.13094
     6634.5004894430    3562.87    9.23473
     6635.1788703585    3622.61    9.30122
     6635.8573206387    3669.90    9.35696
     6636.5358402908    3687.08    9.38741
     6637.2144293219    3702.29    9.41354
     6637.8930877390    3694.32    9.38812
     6638.5718155493    3631.22    9.31429
     6639.2506127598    3616.37    9.29551
     6639.9294793777    3655.26    9.35036
     6640.6084154100    3686.17    9.38377
     6641.2874208639    3715.84    9.42166
     6641.9664957463    3627.90    9.29409
     6642.6456400646    3489.15    9.13433
     6643.3248538257    3506.31    9.15477
     6644.0041370367    3582.74    9.24884
     6644.6834897047    3667.75    9.34483
     6645.3629118369    3697.65    9.39506
     6646.0424034404    3677.37    9.38511
     6646.7219645222    3663.31    9.35144
     6647.4015950894    3653.49    9.34337
     6648.0812951492    3700.50    9.37994
     6648.7610647087    3691.89    9.38835
     6649.4409037749    3712.40    9.41663
     6650.1208123550    3704.55    9.52952
     6650.8007904561    3716.41    9.46000
     6651.4808380853    3715.27    9.41307
     6652.1609552497    3709.65    9.40336
     6652.8411419563    3687.94    9.39085
     6653.5213982125    3677.32    9.36407
     6654.2017240251    3713.35    9.41641
     6654.8821194014    3694.60    9.38403
     6655.5625843485    3716.75    9.40216
     6656.2431188734    3700.26    9.37778
     6656.9237229834    3693.75    9.37407
     6657.6043966854    3715.69    9.40194
     6658.2851399866    3715.13    9.43832
     6658.9659528942    3697.31    9.40868
     6659.6468354152    3665.38    9.34389
     6660.3277875568    3638.59    9.31130
     6661.0088093261    3651.27    9.31618
     6661.6899007302    3615.79    9.26413
     6662.3710617763    3437.83    9.05889
     6663.0522924713    3437.61    9.04692
     6663.7335928226    3544.42    9.18422
     6664.4149628371    3633.47    9.28785
     6665.0964025221    3653.19    9.32163
     6665.7779118846    3659.41    9.34692
     6666.4594909318    3644.09    9.35238
     6667.1411396707    3628.68    9.37420
     6667.8228581086    3644.07    9.30207
     6668.5046462525    3647.12    9.31900
     6669.1865041096    3695.17    9.35785
     6669.8684316870    3695.74    9.47960
     6670.5504289918    3733.05    9.48762
     6671.2324960312    3722.26    9.39847
     6671.9146328122    3688.44    9.36275
     6672.5968393421    3715.56    9.39088
     6673.2791156279    3707.28    9.39217
     6673.9614616768    3718.84    9.40287
     6674.6438774960    3718.07    9.42143
     6675.3263630925    3698.32    9.56918
     6676.0089184734    3661.12    9.31351
     6676.6915436460    3410.77    9.02063
     6677.3742386174    3274.15    8.85955
     6678.0570033946    3398.95    8.98962
     6678.7398379849    3553.38    9.18128
     6679.4227423953    3664.01    9.32094
     6680.1057166330    3688.97    9.37106
     6680.7887607053    3710.75    9.38453
     6681.4718746190    3703.62    9.38105
     6682.1550583816    3720.47    9.40017
     6682.8383120000    3698.37    9.36490
     6683.5216354814    3700.91    9.36391
     6684.2050288329    3716.50    9.37685
     6684.8884920618    3706.41    9.36203
     6685.5720251751    3692.85    9.35916
     6686.2556281801    3695.84    9.35310
     6686.9393010837    3710.11    9.37618
     6687.6230438933    3697.71    9.36797
     6688.3068566158    3718.18    9.38746
     6688.9907392586    3724.45    9.39237
     6689.6746918287    3697.63    9.36868
     6690.3587143333    3712.26    9.38434
     6691.0428067795    3713.66    9.37959
     6691.7269691745    3700.13    9.36889
     6692.4112015255    3719.08    9.38393
     6693.0955038395    3710.72    9.38032
     6693.7798761238    3680.78    9.32403
     6694.4643183855    3658.96    9.29946
     6695.1488306317    3568.72    9.20975
     6695.8334128697    3580.40    9.21609
     6696.5180651065    3613.94    9.39528
     6697.2027873494    3635.01    9.59457
     6697.8875796054    3610.93    9.26023
     6698.5724418818    3660.43    9.30636
     6699.2573741856    3692.58    9.35917
     6699.9423765242    3727.48    9.38819
     6700.6274489045    3715.35    9.37648
     6701.3125913339    3718.22    9.38604
     6701.9978038194    3677.93    9.32275
     6702.6830863682    3605.10    9.24115
     6703.3684389875    3593.83    9.21810
     6704.0538616844    3566.11    9.19679
     6704.7393544661    3599.61    9.23311
     6705.4249173398    3648.21    9.28856
     6706.1105503127    3693.68    9.34076
     6706.7962533918    3684.25    9.33884
     6707.4820265844    3706.79    9.35862
     6708.1678698977    3704.65    9.36153
     6708.8537833388    3685.92    9.33487
     6709.5397669148    3635.19    9.29703
     6710.2258206330    3671.33    9.32452
     6710.9119445006    3695.17    9.35011
     6711.5981385246    3682.55    9.33005
     6712.2844027123    3603.87    9.24569
     6712.9707370709    3602.56    9.21632
     6713.6571416075    3610.76    9.23975
     6714.3436163293    3622.95    9.32975
     6715.0301612435    3604.14    9.23109
     6715.7167763572    3578.04    9.16154
     6716.4034616776    3406.10    8.98902
     6717.0902172120    3358.86    8.93252
     6717.7770429674    3491.82    9.08999
     6718.4639389512    3612.50    9.27225
     6719.1509051703    3675.90    9.32209
     6719.8379416321    3696.94    9.33923
     6720.5250483437    3677.77    9.31927
     6721.2122253123    3626.79    9.25824
     6721.8994725451    3689.11    9.33373
     6722.5867900493    3699.33    9.34666
     6723.2741778320    3713.90    9.35938
     6723.9616359004    3701.86    9.34357
     6724.6491642618    3661.79    9.28443
     6725.3367629233    3617.40    9.25430
     6726.0244318920    3610.61    9.25929
     6726.7121711753    3641.24    9.26319
     6727.3999807802    3675.72    9.31047
     6728.0878607141    3694.09    9.33125
     6728.7758109839    3707.14    9.34873
     6729.4638315970    3714.69    9.37107
     6730.1519225606    3735.33    9.40499
     6730.8400838818    3728.37    9.38831
     6731.5283155678    3710.58    9.36367
     6732.2166176259    3673.08    9.31632
     6732.9049900632    3673.48    9.31668
     6733.5934328869    3678.34    9.31736
     6734.2819461042    3694.27    9.32966
     6734.9705297223    3710.71    9.34988
     6735.6591837484    3714.47    9.36003
     6736.3479081898    3714.01    9.35125
     6737.0367030535    3647.80    9.28047
     6737.7255683469    3628.52    9.25277
     6738.4145040771    3632.24    9.25940
     6739.1035102513    3666.11    9.29025
     6739.7925868767    3685.79   10.17239
     6740.4817339605    3717.38    9.35051
     6741.1709515100    3688.03    9.32804
     6741.8602395323    3633.89    9.27438
     6742.5495980346    3619.84    9.25561
     6743.2390270242    3648.56    9.26470
     6743.9285265082    3664.28    9.27975
     6744.6180964939    3664.34    9.29718
     6745.3077369884    3675.89    9.31005
     6745.9974479991    3667.71    9.30243
     6746.6872295330    3697.38    9.33589
     6747.3770815974    3673.80    9.30662
     6748.0670041995    3685.61    9.32223
     6748.7569973465    3586.44    9.19376
     6749.4470610457    3541.81    9.13583
     6750.1371953043    3595.89    9.20541
     6750.8274001294    3670.64    9.28787
     6751.5176755282    3650.52    9.28697
     6752.2080215081    3618.10    9.24419
     6752.8984380762    3642.44    9.24518
     6753.5889252397    3663.41    9.29104
     6754.2794830059    3685.91    9.31990
     6754.9701113819    3681.02    9.31759
     6755.6608103751    3682.40    9.31336
     6756.3515799925    3726.01    9.37160
     6757.0424202415    3721.82    9.36421
     6757.7333311292    3744.65    9.39608
     6758.4243126629    3737.40    9.38288
     6759.1153648498    3749.61    9.39642
     6759.8064876971    3730.02    9.37060
     6760.4976812121    3725.78    9.35334
     6761.1889454019    3710.37    9.33716
     6761.8802802738    3711.74    9.33580
     6762.5716858351    3721.65    9.35888
     6763.2631620929    3708.23    9.33814
     6763.9547090546    3705.17    9.33113
     6764.6463267272    3705.13    9.32792
     6765.3380151181    3709.87    9.34427
     6766.0297742344    3678.57    9.30232
     6766.7216040835    3555.54    9.17011
     6767.4135046725    3558.01    9.15792
     6768.1054760086    3614.38    9.21941
     6768.7975180992    3682.42    9.28677
     6769.4896309514    3679.22    9.30255
     6770.1818145725    3662.66    9.27989
     6770.8740689697    3622.45    9.23110
     6771.5663941503    3605.57    9.21021
     6772.2587901214    3673.07    9.29404
     6772.9512568904    3701.21    9.33118
     6773.6437944645    3732.46    9.37151
     6774.3364028508    3746.18    9.38412
     6775.0290820567    3750.18    9.38821
     6775.7218320894    3729.35    9.37915
     6776.4146529561    3712.57    9.35532
     6777.1075446640    3712.57    9.34052
     6777.8005072205    3739.27    9.37098
     6778.4935406328    3734.31    9.36809
     6779.1866449080    3727.41    9.35504
     6779.8798200536    3732.69    9.37019
     6780.5730660766    3729.63    9.36793
     6781.2663829843    3700.83    9.33490
     6781.9597707840    3677.88    9.28854
     6782.6532294830    3611.04    9.22582
     6783.3467590885    3632.34    9.24005
     6784.0403596077    3645.14    9.26149
     6784.7340310479    3669.78    9.27820
     6785.4277734164    3664.02    9.28581
     6786.1215867203    3663.16    9.28390
     6786.8154709670    3670.28    9.28785
     6787.5094261637    3703.18    9.30527
     6788.2034523177    3720.72    9.35604
     6788.8975494362    3740.07    9.38860
     6789.5917175264    3717.75    9.35263
     6790.2859565957    3759.53    9.39522
     6790.9802666512    3758.78    9.40274
     6791.6746477003    3742.96    9.36309
     6792.3690997502    3673.27    9.41672
     6793.0636228081    3683.57    9.38120
     6793.7582168814    3683.07    9.31169
     6794.4528819773    3689.66    9.31166
     6795.1476181030    3679.18    9.29229
     6795.8424252658    3681.38    9.29690
     6796.5373034730    3698.24    9.31297
     6797.2322527318    3701.37    9.32239
     6797.9272730495    3686.69    9.30818
     6798.6223644334    3706.22    9.32416
     6799.3175268907    3710.98    9.33875
     6800.0127604288    3743.24    9.36333
     6800.7080650548    3718.67    9.34840
     6801.4034407760    3740.54    9.36277
     6802.0988875997    3728.43    9.35266
     6802.7944055332    3702.64    9.33687
     6803.4899945838    3672.80    9.29119
     6804.1856547587    3689.14    9.30556
     6804.8813860652    3705.27    9.32029
     6805.5771885105    3662.95    9.26350
     6806.2730621020    3615.54    9.22797
     6806.9690068469    3671.00    9.29075
     6807.6650227525    3734.56    9.35886
     6808.3611098260    3724.21    9.34052
     6809.0572680748    3640.25    9.25251
     6809.7534975061    3650.21    9.30325
     6810.4497981272    3690.14    9.31182
     6811.1461699454    3713.82    9.33289
     6811.8426129680    3736.96    9.36488
     6812.5391272022    3729.98    9.36638
     6813.2357126553    3712.56    9.32890
     6813.9323693346    3676.88    9.28698
     6814.6290972474    3686.96    9.29668
     6815.3258964010    3724.62    9.36839
     6816.0227668026    3756.90    9.39196
     6816.7197084596    3741.23    9.36692
     6817.4167213792    3752.25    9.38312
     6818.1138055687    3741.19    9.42038
     6818.8109610354    3700.47    9.59401
     6819.5081877865    3634.57    9.25526
     6820.2054858295    3673.81    9.28484
     6820.9028551715    3709.87    9.34373
     6821.6002958199    3746.19    9.39017
     6822.2978077819    3759.05    9.39478
     6822.9953910649    3735.19    9.36232
     6823.6930456761    3734.13    9.35760
     6824.3907716228    3743.76    9.35926
     6825.0885689124    3746.96    9.38848
     6825.7864375520    3762.06    9.40524
     6826.4843775491    3720.73    9.34140
     6827.1823889109    3664.16    9.28386
     6827.8804716447    3614.02    9.23810
     6828.5786257577    3658.33    9.27656
     6829.2768512574    3709.30    9.33328
     6829.9751481510    3746.01    9.37443
     6830.6735164457    3750.79    9.38838
     6831.3719561490    3723.70    9.34575
     6832.0704672681    3741.29    9.37109
     6832.7690498103    3729.21    9.36793
     6833.4677037828    3733.82    9.36370
     6834.1664291931    3755.65    9.39026
     6834.8652260484    3728.36    9.35240
     6835.5640943561    3730.50    9.33408
     6836.2630341233    3679.29    9.30363
     6836.9620453575    3703.28    9.31363
     6837.6611280659    3658.44    9.53291
     6838.3602822559    3613.79    9.22061
     6839.0595079347    3595.53    9.17038
     6839.7588051097    3576.22    9.14131
     6840.4581737882    3495.71    9.05273
     6841.1576139775    3497.72    9.04370
     6841.8571256848    3481.20    9.04246
     6842.5567089176    3521.29    9.08659
     6843.2563636831    3579.29    9.17144
     6843.9560899886    3640.37    9.23586
     6844.6558878415    3696.02    9.29526
     6845.3557572491    3739.07    9.36174
     6846.0556982187    3741.50    9.35973
     6846.7557107576    3735.26    9.34310
     6847.4557948730    3701.69    9.32384
     6848.1559505725    3738.72    9.34871
     6848.8561778632    3716.08    9.33058
     6849.5564767525    3716.36    9.33938
     6850.2568472476    3741.46    9.37925
     6850.9572893561    3735.88    9.38159
     6851.6578030850    3760.22    9.38349
     6852.3583884418    3740.43    9.36124
     6853.0590454339    3716.16    9.32089
     6853.7597740684    3596.32    9.17746
     6854.4605743528    3479.90    9.06015
     6855.1614462944    3562.51    9.13343
     6855.8623899004    3628.46    9.21446
     6856.5634051783    3634.95    9.23689
     6857.2644921353    3595.28    9.21078
     6857.9656507789    3615.15    9.19153
     6858.6668811162    3680.87    9.29078
     6859.3681831547    3719.34    9.34546
     6860.0695569016    3674.79    9.28796
     6860.7710023644    3599.86    9.18470
     6861.4725195503    3560.00    9.14771
     6862.1741084667    3645.93    9.24573
     6862.8757691209    3690.63    9.28001
     6863.5775015202    3689.16    9.28043
     6864.2793056720    3730.14    9.35324
     6864.9811815836    3741.65    9.57262
     6865.6831292624    3664.84   10.25434
     6866.3851487157    3583.19    10.9438
     6867.0872399508    3606.61    11.5429
     6867.7894029751    3610.99    11.1739
     6868.4916377959    3627.38    10.8680
     6869.1939444206    3626.83    10.6008
     6869.8963228564    3643.05   10.51109
     6870.5987731108    3590.82   10.42288
     6871.3012951910    3571.60   10.30425
     6872.0038891045    3588.27   10.26747
     6872.7065548586    3593.07   10.19904
     6873.4092924606    3664.40   10.21501
     6874.1121019178    3629.90   10.09050
     6874.8149832377    3640.81   10.02485
     6875.5179364275    3601.18    9.97172
     6876.2209614946    3661.32    9.90895
     6876.9240584464    3675.08    9.81098
     6877.6272272901    3698.93    9.83848
     6878.3304680333    3652.06    9.98334
     6879.0337806831    3662.92    10.5901
     6879.7371652470    3645.70    9.32433
     6880.4406217324    3629.67    9.23407
     6881.1441501465    3512.17    9.16985
     6881.8477504967    3493.30    9.29349
     6882.5514227904    3569.96    9.42760
     6883.2551670349    3663.01    9.50669
     6883.9589832376    3682.97    9.72650
     6884.6628714059    3605.36   10.24067
     6885.3668315471    3628.99    9.85070
     6886.0708636685    3684.17    9.66909
     6886.7749677776    3690.73    9.66939
     6887.4791438817    3672.01    9.86090
     6888.1833919881    3663.47   10.01211
     6888.8877121042    3691.97    9.81376
     6889.5921042375    3716.58    9.61437
     6890.2965683951    3736.46    9.75952
     6891.0011045845    3693.17    9.99663
     6891.7057128132    3692.41   10.04022
     6892.4103930883    3678.35    9.76233
     6893.1151454174    3738.75    9.59514
     6893.8199698077    3695.00    9.60197
     6894.5248662667    3631.52    9.79516
     6895.2298348017    3650.56    9.99489
     6895.9348754200    3716.52    9.87317
     6896.6399881291    3670.94    9.64033
     6897.3451729363    3664.33    9.38437
     6898.0504298490    3633.52    9.57679
     6898.7557588746    3680.50    9.99863
     6899.4611600204    3688.69   10.00756
     6900.1666332938    3707.43    9.64358
     6900.8721787023    3694.68    9.40630
     6901.5777962530    3691.92    9.41250
     6902.2834859535    3660.20    9.60568
     6902.9892478112    3705.81    9.87683
     6903.6950818333    3704.63    9.80545
     6904.4009880273    3673.99    9.52065
     6905.1069664005    3641.02    9.30597
     6905.8130169604    3627.99    9.25872
     6906.5191397143    3706.77    9.53967
     6907.2253346696    3703.95    9.73689
     6907.9316018337    3689.43    9.74287
     6908.6379412139    3698.16    9.52481
     6909.3443528177    3713.89    9.44568
     6910.0508366524    3714.60    9.35922
     6910.7573927254    3690.90    9.39241
     6911.4640210442    3648.92    9.45405
     6912.1707216160    3658.80    9.59409
     6912.8774944483    3629.60    9.48839
     6913.5843395485    3529.67    9.21038
     6914.2912569239    3539.24    9.10565
     6914.9982465820    3595.35    9.21623
     6915.7053085301    3531.26    9.12856
     6916.4124427756    3550.05    9.27011
     6917.1196493260    3606.30    9.43173
     6917.8269281886    3676.71    9.46700
     6918.5342793708    3694.19    9.36371
     6919.2417028800    3700.87    9.31500
     6919.9491987236    3715.69    9.29804
     6920.6567669089    3715.94    9.33027
     6921.3644074435    3699.08    9.41090
     6922.0721203347    3702.27    9.49986
     6922.7799055898    3644.60    9.43366
     6923.4877632164    3576.12    9.27335
     6924.1956932217    3534.34    9.13640
     6924.9036956133    3533.51    9.11116
     6925.6117703984    3577.48    9.14939
     6926.3199175845    3669.34    9.26501
     6927.0281371790    3705.70    9.39841
     6927.7364291893    3679.83    9.46205
     6928.4447936228    3730.91    9.49310
     6929.1532304869    3709.34    9.40916
     6929.8617397890    3684.29    9.33199
     6930.5703215366    3681.07    9.29183
     6931.2789757370    3705.73    9.33480
     6931.9877023976    3634.22    9.29313
     6932.6965015258    3606.38    9.27109
     6933.4053731292    3605.34    9.25808
     6934.1143172150    3676.29    9.30414
     6934.8233337906    3710.29    9.30749
     6935.5324228636    3662.03    9.27034
     6936.2415844413    3696.35    9.34910
     6936.9508185310    3699.96    9.34418
     6937.6601251404    3683.61    9.37603
     6938.3695042766    3659.83    9.48244
     6939.0789559472    3698.59    9.43397
     6939.7884801597    3694.06    9.41566
     6940.4980769213    3718.98    9.42926
     6941.2077462395    3706.97    9.38608
     6941.9174881217    3690.84    9.35789
     6942.6273025754    3682.71    9.34286
     6943.3371896080    3677.90    9.37120
     6944.0471492269    3508.19    9.33129
     6944.7571814395    3482.68   -8.98285
     6945.4672862532  0.   -1.00000
     6946.1774636755  0.   -1.00000
