     5638.4610805046    358.612    1.43629
     5639.0376159040    366.246    1.44956
     5639.6142102544    368.653    1.45439
     5640.1908635619    369.914    1.45238
     5640.7675758325    361.676    1.44316
     5641.3443470722    358.091    1.43850
     5641.9211772870    363.844    1.47714
     5642.4980664830    364.475    1.50658
     5643.0750146661    364.024    1.47471
     5643.6520218426    360.171    1.47639
     5644.2290880182    373.843    1.59539
     5644.8062131992    393.710    2.05526
     5645.3833973916    363.704    2.44366
     5645.9606406012    316.819    2.25291
     5646.5379428343    344.090    1.71428
     5647.1153040968    376.433    1.45620
     5647.6927243948    366.320    1.45334
     5648.2702037343    367.777    1.44853
     5648.8477421214    362.081    1.43988
     5649.4253395620    361.362    1.44037
     5650.0029960622    367.722    1.46313
     5650.5807116281    369.777    1.45811
     5651.1584862657    372.716    1.45838
     5651.7363199811    376.224    1.46607
     5652.3142127802    378.557    1.47380
     5652.8921646691    382.367    1.47967
     5653.4701756539    381.651    1.47691
     5654.0482457406    372.221    1.46072
     5654.6263749353    363.540    1.44330
     5655.2045632439    361.117    1.43695
     5655.7828106726    366.432    1.44868
     5656.3611172274    370.741    1.45291
     5656.9394829143    366.309    1.44481
     5657.5179077394    353.442    1.41847
     5658.0963917087    329.184    1.43929
     5658.6749348282    317.606    1.39356
     5659.2535371041    330.283    1.37513
     5659.8321985423    347.350    1.40848
     5660.4109191490    366.827    1.44162
     5660.9896989301    374.531    1.45560
     5661.5685378918    356.303    1.43628
     5662.1474360400    340.107    1.44428
     5662.7263933808    340.690    1.39347
     5663.3054099203    351.000    1.41657
     5663.8844856645    366.689    1.44528
     5664.4636206195    376.104    1.46272
     5665.0428147913    383.316    1.51586
     5665.6220681860    387.667    1.50746
     5666.2013808097    383.812    1.47914
     5666.7807526683    377.745    1.46660
     5667.3601837680    371.892    1.45612
     5667.9396741149    370.222    1.45275
     5668.5192237148    373.212    1.45805
     5669.0988325741    378.483    1.46833
     5669.6785006986    379.538    1.46898
     5670.2582280944    372.293    1.50881
     5670.8380147677    367.622    1.45449
     5671.4178607245    366.507    1.44304
     5671.9977659707    370.340    1.45281
     5672.5777305126    380.473    1.46935
     5673.1577543561    386.393    1.48043
     5673.7378375074    389.717    1.48497
     5674.3179799724    387.490    1.48147
     5674.8981817573    377.494    1.46466
     5675.4784428681    374.331    1.46204
     5676.0587633109    381.884    1.50339
     5676.6391430917    391.335    1.49014
     5677.2195822166    393.696    1.49020
     5677.8000806918    392.663    1.49089
     5678.3806385231    388.373    1.48033
     5678.9612557169    378.624    1.46427
     5679.5419322789    376.289    1.45994
     5680.1226682155    381.064    1.46933
     5680.7034635326    384.536    1.47749
     5681.2843182363    381.036    1.46808
     5681.8652323327    366.065    1.44071
     5682.4462058278    354.433    1.41845
     5683.0272387277    358.234    1.41919
     5683.6083310386    371.569    1.45196
     5684.1894827664    380.599    1.46855
     5684.7706939173    383.534    1.47040
     5685.3519644972    385.711    1.47207
     5685.9332945124    374.824    1.45579
     5686.5146839689    366.996    1.44373
     5687.0961328727    362.225    1.42855
     5687.6776412300    349.941    1.41037
     5688.2592090468    351.564    1.40926
     5688.8408363291    360.713    1.42604
     5689.4225230832    369.283    1.44513
     5690.0042693150    382.505    1.47242
     5690.5860750306    386.281    1.47817
     5691.1679402361    383.065    1.59276
     5691.7498649377    389.826    1.59672
     5692.3318491413    394.633    1.51737
     5692.9138928531    392.317    1.48619
     5693.4959960792    392.925    1.48411
     5694.0781588256    389.937    1.48036
     5694.6603810984    388.414    1.47855
     5695.2426629037    392.291    1.48370
     5695.8250042477    393.331    1.48668
     5696.4074051363    394.630    1.48600
     5696.9898655757    393.379    1.48582
     5697.5723855719    378.161    1.45633
     5698.1549651311    361.872    1.42416
     5698.7376042594    366.646    1.43156
     5699.3203029628    372.409    1.44459
     5699.9030612474    374.944    1.45058
     5700.4858791194    373.920    1.44411
     5701.0687565847    364.184    1.42923
     5701.6516936496    360.402    1.42186
     5702.2346903200    362.839    1.42493
     5702.8177466022    364.728    1.42825
     5703.4008625021    370.600    1.44035
     5703.9840380259    379.342    1.45541
     5704.5672731797    382.784    1.46229
     5705.1505679696    380.893    1.45911
     5705.7339224017    373.032    1.44199
     5706.3173364820    365.315    1.43206
     5706.9008102168    365.376    1.42754
     5707.4843436119    361.986    1.42357
     5708.0679366737    358.684    1.41307
     5708.6515894081    345.139    1.39177
     5709.2353018214    338.942    1.38011
     5709.8190739195    347.079    1.38858
     5710.4029057085    343.506    1.38438
     5710.9867971947    340.223    1.37812
     5711.5707483841    335.118    1.36765
     5712.1547592827    345.453    1.38762
     5712.7388298967    371.853    1.44042
     5713.3229602323    383.316    1.45571
     5713.9071502955    386.311    1.46077
     5714.4914000923    384.797    1.46068
     5715.0757096291    383.264    1.46136
     5715.6600789117    387.820    1.46590
     5716.2445079464    389.431    1.46732
     5716.8289967392    387.240    1.47655
     5717.4135452964    385.626    1.49612
     5717.9981536238    391.467    1.46987
     5718.5828217278    399.730    1.48881
     5719.1675496144    402.865    1.49358
     5719.7523372897    401.080    1.48870
     5720.3371847598    396.705    1.48060
     5720.9220920308    399.419    1.48898
     5721.5070591089    404.091    1.49284
     5722.0920860002    406.365    1.49668
     5722.6771727108    409.983    1.50015
     5723.2623192467    403.605    1.49391
     5723.8475256142    402.579    1.48767
     5724.4327918193    404.049    1.49054
     5725.0181178682    400.943    1.49963
     5725.6035037669    400.337    1.55467
     5726.1889495217    383.766    1.45442
     5726.7744551385    370.727    1.42715
     5727.3600206236    371.611    1.43025
     5727.9456459831    384.047    1.45424
     5728.5313312230    399.372    1.47994
     5729.1170763495    401.636    1.59057
     5729.7028813688    403.641    1.55048
     5730.2887462869    399.007    1.47360
     5730.8746711099    378.001    1.44779
     5731.4606558441    375.185    1.43586
     5732.0467004955    386.582    1.45482
     5732.6328050703    396.196    1.47821
     5733.2189695745    405.706    1.48944
     5733.8051940143    405.395    1.48867
     5734.3914783959    406.253    1.48701
     5734.9778227253    406.010    1.48831
     5735.5642270088    405.983    1.48800
     5736.1506912523    399.780    1.47398
     5736.7372154621    391.761    1.46151
     5737.3237996443    395.077    1.46477
     5737.9104438051    400.277    1.47274
     5738.4971479504    399.118    1.50383
     5739.0839120866    396.060    1.52051
     5739.6707362197    398.068    1.46965
     5740.2576203558    401.860    1.47567
     5740.8445645011    399.749    1.47236
     5741.4315686617    400.272    1.46989
     5742.0186328439    403.688    1.47726
     5742.6057570536    397.352    1.46557
     5743.1929412970    395.136    1.49490
     5743.7801855803    399.527    1.47738
     5744.3674899096    402.973    1.47282
     5744.9548542911    404.344    1.48011
     5745.5422787309    411.012    1.48687
     5746.1297632351    410.167    1.48585
     5746.7173078099    405.529    1.51000
     5747.3049124614    401.424    1.54738
     5747.8925771958    393.438    1.45703
     5748.4803020192    400.443    1.46835
     5749.0680869377    405.645    1.47749
     5749.6559319576    408.964    1.48343
     5750.2438370848    414.170    1.56716
     5750.8318023257    408.756    1.49509
     5751.4198276863    398.681    1.46074
     5752.0079131728    392.092    1.44809
     5752.5960587912    383.023    1.43710
     5753.1842645479    384.121    1.52604
     5753.7725304489    382.357    1.70061
     5754.3608565004    381.015    1.70396
     5754.9492427085    396.952    1.45368
     5755.5376890794    405.339    1.47827
     5756.1261956192    407.154    1.50890
     5756.7147623341    410.639    1.47953
     5757.3033892302    414.979    1.48880
     5757.8920763137    417.161    1.49026
     5758.4808235908    414.225    1.48490
     5759.0696310675    408.087    1.47221
     5759.6584987501    405.696    1.46721
     5760.2474266447    402.141    1.46337
     5760.8364147575    400.261    1.45823
     5761.4254630946    394.042    1.44508
     5762.0145716622    379.908    1.42427
     5762.6037404664    374.351    1.41561
     5763.1929695134    386.275    1.43265
     5763.7822588094    402.620    1.45993
     5764.3716083605    410.983    1.47344
     5764.9610181728    415.241    1.48167
     5765.5504882526    409.384    1.46859
     5766.1400186061    408.723    1.47201
     5766.7296092392    412.257    1.47510
     5767.3192601583    415.827    1.48106
     5767.9089713695    418.810    1.48508
     5768.4987428790    417.192    1.48274
     5769.0885746929    417.597    1.48254
     5769.6784668174    417.958    1.48444
     5770.2684192586    417.578    1.48074
     5770.8584320228    413.310    1.47450
     5771.4485051161    407.012    1.46216
     5772.0386385446    407.630    1.46552
     5772.6288323145    409.247    1.46672
     5773.2190864321    409.675    1.46777
     5773.8094009034    405.763    1.45890
     5774.3997757346    400.304    1.45234
     5774.9902109320    399.897    1.45089
     5775.5807065017    404.296    1.45491
     5776.1712624498    410.310    1.46275
     5776.7618787826    412.929    1.46819
     5777.3525555062    412.734    1.46927
     5777.9432926267    411.771    1.46755
     5778.5340901504    409.188    1.46426
     5779.1249480835    408.810    1.46080
     5779.7158664320    399.895    1.44622
     5780.3068452023    385.574    1.41995
     5780.8978844004    379.846    1.40423
     5781.4889840326    374.451    1.39690
     5782.0801441050    380.140    1.40898
     5782.6713646238    385.729    1.41884
     5783.2626455952    387.004    1.41935
     5783.8539870253    383.729    1.41356
     5784.4453889204    376.559    1.44594
     5785.0368512866    366.633    1.43186
     5785.6283741302    371.805    1.39280
     5786.2199574573    390.266    1.42040
     5786.8116012740    399.836    1.43938
     5787.4033055866    400.899    1.44217
     5787.9950704012    399.743    1.43882
     5788.5868957242    406.951    1.45068
     5789.1787815615    409.884    1.45603
     5789.7707279194    403.298    1.44338
     5790.3627348042    383.316    1.40859
     5790.9548022219    384.252    1.41234
     5791.5469301788    396.825    1.43035
     5792.1391186811    408.694    1.45023
     5792.7313677350    414.889    1.46926
     5793.3236773466    413.042    1.47122
     5793.9160475222    416.966    1.46463
     5794.5084782679    420.187    1.47326
     5795.1009695899    423.956    1.48138
     5795.6935214945    419.628    1.47071
     5796.2861339878    415.038    1.45878
     5796.8788070760    412.995    1.45733
     5797.4715407653    403.559    1.43878
     5798.0643350619    406.908    1.44638
     5798.6571899720    413.482    1.49388
     5799.2501055019    420.474    1.47859
     5799.8430816576    424.675    1.47384
     5800.4361184455    424.660    1.47540
     5801.0292158716    425.592    1.47281
     5801.6223739422    422.051    1.46868
     5802.2155926636    424.814    1.47093
     5802.8088720418    425.073    1.47373
     5803.4022120832    415.411    1.45860
     5803.9956127938    405.608    1.44222
     5804.5890741800    407.365    1.44269
     5805.1825962479    416.581    1.46086
     5805.7761790037    412.849    1.45802
     5806.3698224537    410.647    1.44460
     5806.9635266039    410.594    1.44538
     5807.5572914608    418.814    1.45685
     5808.1511170303    414.983    1.45309
     5808.7450033188    413.507    1.47891
     5809.3389503325    413.391    1.46987
     5809.9329580775    418.745    1.45654
     5810.5270265602    425.621    1.46685
     5811.1211557866    425.628    1.46763
     5811.7153457630    427.596    1.46940
     5812.3095964957    422.466    1.46286
     5812.9039079907    427.686    1.47091
     5813.4982802544    423.490    1.46461
     5814.0927132930    418.239    1.45327
     5814.6872071126    420.930    1.45961
     5815.2817617196    413.403    1.44507
     5815.8763771200    405.570    1.43447
     5816.4710533201    414.175    1.44714
     5817.0657903262    420.699    1.45788
     5817.6605881444    427.631    1.46907
     5818.2554467810    431.517    1.47272
     5818.8503662421    429.935    1.47179
     5819.4453465341    432.841    1.47495
     5820.0403876631    431.294    1.47445
     5820.6354896353    430.366    1.47051
     5821.2306524570    431.262    1.47145
     5821.8258761344    430.649    1.47498
     5822.4211606738    427.570    1.46600
     5823.0165060812    421.966    1.45556
     5823.6119123630    424.722    1.46263
     5824.2073795254    430.254    1.46917
     5824.8029075746    429.595    1.46847
     5825.3984965168    432.807    1.47244
     5825.9941463583    431.338    1.46968
     5826.5898571053    431.796    1.46877
     5827.1856287640    427.674    1.46395
     5827.7814613406    425.393    1.45854
     5828.3773548414    426.909    1.46138
     5828.9733092726    427.321    1.46208
     5829.5693246405    433.470    1.47119
     5830.1654009512    432.039    1.47000
     5830.7615382110    431.345    1.46719
     5831.3577364261    424.823    1.45630
     5831.9539956028    426.842    1.46099
     5832.5503157472    430.665    1.46482
     5833.1466968657    428.308    1.46098
     5833.7431389645    428.893    1.45939
     5834.3396420498    424.688    1.45252
     5834.9362061277    422.620    1.45136
     5835.5328312047    428.703    1.45614
     5836.1295172869    429.370    1.45839
     5836.7262643805    428.248    1.45730
     5837.3230724918    424.886    1.45389
     5837.9199416270    422.965    1.44755
     5838.5168717923    425.484    1.45162
     5839.1138629941    429.706    1.45813
     5839.7109152385    433.376    1.46285
     5840.3080285318    429.918    1.45688
     5840.9052028802    435.264    1.46736
     5841.5024382900    433.683    1.46321
     5842.0997347674    433.997    1.46537
     5842.6970923187    435.735    1.50443
     5843.2945109500    433.280    1.48147
     5843.8919906677    428.643    1.45669
     5844.4895314780    429.697    1.45711
     5845.0871333872    430.992    1.45693
     5845.6847964014    426.429    1.45089
     5846.2825205270    426.783    1.44927
     5846.8803057701    425.937    1.44763
     5847.4781521371    422.826    1.44341
     5848.0760596341    425.705    1.44630
     5848.6740282675    433.190    1.46133
     5849.2720580435    432.078    1.47456
     5849.8701489683    430.239    1.45653
     5850.4683010482    432.480    1.50660
     5851.0665142895    430.706    1.46469
     5851.6647886983    422.538    1.44233
     5852.2631242810    418.372    1.43215
     5852.8615210438    414.139    1.42644
     5853.4599789930    418.701    1.43407
     5854.0584981348    424.205    1.43931
     5854.6570784754    420.949    1.43490
     5855.2557200212    417.236    1.42885
     5855.8544227784    407.718    1.40853
     5856.4531867532    375.456    1.36196
     5857.0520119519    348.029    1.31075
     5857.6508983808    369.218    1.34220
     5858.2498460462    392.882    1.38530
     5858.8488549542    407.353    1.41309
     5859.4479251112    419.320    1.43018
     5860.0470565234    419.897    1.43244
     5860.6462491970    429.279    1.44905
     5861.2455031385    424.774    1.43638
     5861.8448183539    410.979    1.41960
     5862.4441948496    414.180    1.42172
     5863.0436326318    422.955    1.43259
     5863.6431317069    424.878    1.43787
     5864.2426920810    428.000    1.44204
     5864.8423137604    430.263    1.44287
     5865.4419967515    412.755    1.41993
     5866.0417410604    398.793    1.39251
     5866.6415466935    402.389    1.39802
     5867.2414136570    407.063    1.40597
     5867.8413419573    420.859    1.43282
     5868.4413316004    435.639    1.50898
     5869.0413825928    434.861    1.45769
     5869.6414949407    438.136    1.45931
     5870.2416686504    439.558    1.45965
     5870.8419037282    436.974    1.45637
     5871.4422001802    434.681    1.44954
     5872.0425580129    432.324    1.44566
     5872.6429772325    428.793    1.44339
     5873.2434578452    429.066    1.46590
     5873.8439998573    431.137    1.48031
     5874.4446032752    434.181    1.44639
     5875.0452681051    434.947    1.45037
     5875.6459943532    430.609    1.44471
     5876.2467820259    432.973    1.44651
     5876.8476311294    430.158    1.44375
     5877.4485416700    426.546    1.43479
     5878.0495136541    426.048    1.43241
     5878.6505470878    425.051    1.42878
     5879.2516419774    412.953    1.41011
     5879.8527983294    409.491    1.40610
     5880.4540161498    414.054    1.41272
     5881.0552954451    419.670    1.42203
     5881.6566362214    423.829    1.42706
     5882.2580384852    421.337    1.42260
     5882.8595022426    409.580    1.40553
     5883.4610275000    398.071    1.38698
     5884.0626142636    398.762    1.38238
     5884.6642625398    399.597    1.38312
     5885.2659723348    397.401    1.37765
     5885.8677436550    383.690    1.35626
     5886.4695765065    364.937    1.32417
     5887.0714708958    339.052    1.35251
     5887.6734268290    292.103    1.21782
     5888.2754443125    240.800    1.11989
     5888.8775233526    178.359    1.02569
     5889.4796639556    142.550   0.877849
     5890.0818661278    152.287    1.01052
     5890.6841298754    197.728    1.18954
     5891.2864552048    259.042    1.24317
     5891.8888421222    297.155    1.22594
     5892.4912906340    311.977    1.22407
     5893.0938007465    321.908    1.23605
     5893.6963724659    309.459    1.21312
     5894.2990057986    269.978    1.16653
     5894.9017007508    210.785    1.12531
     5895.5044573289    171.757   0.923505
     5896.1072755391    194.916    1.00558
     5896.7101553878    246.819    1.52520
     5897.3130968812    316.266    1.28799
     5897.9161000257    354.886    1.30481
     5898.5191648276    365.691    1.32423
     5899.1222912931    381.015    1.34823
     5899.7254794286    392.438    1.36807
     5900.3287292404    408.293    1.39257
     5900.9320407348    416.882    1.40749
     5901.5354139181    420.495    1.41279
     5902.1388487966    418.826    1.41026
     5902.7423453766    415.016    1.40740
     5903.3459036644    421.148    1.41355
     5903.9495236663    426.765    1.42150
     5904.5532053887    422.821    1.41815
     5905.1569488378    418.868    1.40821
     5905.7607540200    424.367    1.41594
     5906.3646209416    427.018    1.42175
     5906.9685496088    432.293    1.43175
     5907.5725400281    431.539    1.42653
     5908.1765922057    432.137    1.42918
     5908.7807061479    432.213    1.42722
     5909.3848818610    430.247    1.42450
     5909.9891193514    430.010    1.42322
     5910.5934186254    431.021    1.42551
     5911.1977796893    435.209    1.43352
     5911.8022025494    435.940    1.43589
     5912.4066872120    436.189    1.42841
     5913.0112336835    419.592    1.40573
     5913.6158419702    403.388    1.38463
     5914.2205120783    411.885    1.38955
     5914.8252440143    414.973    1.39668
     5915.4300377844    417.035    1.40114
     5916.0348933950    422.077    1.40968
     5916.6398108523    426.488    1.41451
     5917.2447901627    430.955    1.42283
     5917.8498313326    421.399    1.40669
     5918.4549343682    416.927    1.39927
     5919.0600992759    424.197    1.41070
     5919.6653260621    430.758    1.42080
     5920.2706147329    438.496    1.43087
     5920.8759652948    431.346    1.42030
     5921.4813777541    421.616    1.40936
     5922.0868521172    423.518    1.40907
     5922.6923883902    428.698    1.41720
     5923.2979865797    434.372    1.42477
     5923.9036466919    434.323    1.42489
     5924.5093687331    435.863    1.42549
     5925.1151527096    440.115    1.43435
     5925.7209986279    443.454    1.43862
     5926.3269064943    443.169    1.43803
     5926.9328763150    438.226    1.42971
     5927.5389080964    435.766    1.42777
     5928.1450018448    434.520    1.42556
     5928.7511575667    430.529    1.41292
     5929.3573752682    415.113    1.38983
     5929.9636549559    415.369    1.43623
     5930.5699966359    428.487    1.42241
     5931.1764003146    436.599    1.42430
     5931.7828659984    440.852    1.43192
     5932.3893936937    441.746    1.43478
     5932.9959834066    441.216    1.42925
     5933.6026351437    427.740    1.41338
     5934.2093489112    421.648    1.40392
     5934.8161247155    427.987    1.40953
     5935.4229625629    433.798    1.41951
     5936.0298624598    441.573    1.42841
     5936.6368244125    437.316    1.42383
     5937.2438484274    432.119    1.41826
     5937.8509345107    437.867    1.42810
     5938.4580826689    446.620    1.45973
     5939.0652929083    444.504    1.45224
     5939.6725652352    437.798    1.42131
     5940.2798996561    427.929    1.40402
     5940.8872961771    412.083    1.38072
     5941.4947548048    418.688    1.43394
     5942.1022755454    426.462    1.41608
     5942.7098584053    431.240    1.41097
     5943.3175033908    439.116    1.41915
     5943.9252105084    439.337    1.42294
     5944.5329797643    443.100    1.42908
     5945.1408111648    443.765    1.43038
     5945.7487047165    441.941    1.42570
     5946.3566604256    441.439    1.42516
     5946.9646782984    438.426    1.42091
     5947.5727583413    432.515    1.41129
     5948.1809005608    424.345    1.39877
     5948.7891049630    423.239    1.39526
     5949.3973715545    430.788    1.40769
     5950.0057003415    437.551    1.41669
     5950.6140913305    441.155    1.42422
     5951.2225445277    443.263    1.42370
     5951.8310599395    426.228    1.45891
     5952.4396375724    413.773    1.39375
     5953.0482774326    419.058    1.38834
     5953.6569795265    436.316    1.41252
     5954.2657438606    444.195    1.42413
     5954.8745704410    444.855    1.42422
     5955.4834592743    438.419    1.41362
     5956.0924103668    428.545    1.40428
     5956.7014237248    432.017    1.40585
     5957.3104993547    433.114    1.40705
     5957.9196372629    432.837    1.40591
     5958.5288374558    439.602    1.41468
     5959.1380999397    442.605    1.42022
     5959.7474247209    444.637    1.42106
     5960.3568118059    450.370    1.43235
     5960.9662612011    450.916    1.43407
     5961.5757729127    448.280    1.42904
     5962.1853469472    447.009    1.42470
     5962.7949833110    447.552    1.42681
     5963.4046820104    448.396    1.43175
     5964.0144430517    454.295    1.43675
     5964.6242664414    437.069    1.40971
     5965.2341521859    425.788    1.39612
     5965.8441002915    431.191    1.40126
     5966.4541107646    438.480    1.44163
     5967.0641836115    444.568    1.44141
     5967.6743188387    445.607    1.42309
     5968.2845164525    445.778    1.42160
     5968.8947764593    446.346    1.42287
     5969.5050988655    451.086    1.42925
     5970.1154836775    451.457    1.43187
     5970.7259309016    450.563    1.44023
     5971.3364405442    448.505    1.46580
     5971.9470126118    447.902    1.42382
     5972.5576471106    450.421    1.42709
     5973.1683440471    451.636    1.42840
     5973.7791034277    450.804    1.42727
     5974.3899252587    441.786    1.41342
     5975.0008095466    441.252    1.41142
     5975.6117562976    429.862    1.39249
     5976.2227655183    424.486    1.40298
     5976.8338372150    429.961    1.39617
     5977.4449713940    424.646    1.38809
     5978.0561680618    426.218    1.39028
     5978.6674272248    433.576    1.39917
     5979.2787488893    440.753    1.40974
     5979.8901330617    448.108    1.41871
     5980.5015797485    448.543    1.42040
     5981.1130889560    447.048    1.41872
     5981.7246606906    449.063    1.41818
     5982.3362949588    438.885    1.40744
     5982.9479917668    430.954    1.39089
     5983.5597511211    424.434    1.38159
     5984.1715730281    412.558    1.36420
     5984.7834574943    425.065    1.38138
     5985.3954045259    435.081    1.39746
     5986.0074141293    434.247    1.39603
     5986.6194863111    432.193    1.38954
     5987.2316210775    439.905    1.40521
     5987.8438184351    440.903    1.40704
     5988.4560783901    444.701    1.41273
     5989.0684009489    444.869    1.41365
     5989.6807861181    449.938    1.42049
     5990.2932339039    446.307    1.46637
     5990.9057443129    446.383    1.44613
     5991.5183173513    447.787    1.41845
     5992.1309530256    448.463    1.42163
     5992.7436513422    455.225    1.42650
     5993.3564123075    455.198    1.42805
     5993.9692359279    455.761    1.42800
     5994.5821222098    452.825    1.42475
     5995.1950711597    449.695    1.41921
     5995.8080827838    445.292    1.41144
     5996.4211570888    440.504    1.40351
     5997.0342940808    436.109    1.39873
     5997.6474937664    438.728    1.41975
     5998.2607561520    442.051    1.40690
     5998.8740812440    438.327    1.39831
     5999.4874690488    440.323    1.40446
     6000.1009195727    448.662    1.41775
     6000.7144328223    452.577    1.42202
     6001.3280088039    446.302    1.40919
     6001.9416475239    428.920    1.38580
     6002.5553489888    424.237    1.37874
     6003.1691132050    432.330    1.38916
     6003.7829401789    445.630    1.40821
     6004.3968299169    454.292    1.42023
     6005.0107824254    449.775    1.41781
     6005.6247977108    448.717    1.41272
     6006.2388757796    444.716    1.40468
     6006.8530166382    430.516    1.38633
     6007.4672202930    417.818    1.36816
     6008.0814867505    414.744    1.36253
     6008.6958160169    431.099    1.38267
     6009.3102080989    448.677    1.41342
     6009.9246630027    453.969    1.42489
     6010.5391807348    456.794    1.42552
     6011.1537613017    452.425    1.41668
     6011.7684047097    444.862    1.40548
     6012.3831109654    429.229    1.37629
     6012.9978800750    421.451    1.36770
     6013.6127120451    432.387    1.38561
     6014.2276068820    443.827    1.40197
     6014.8425645923    450.579    1.40829
     6015.4575851823    433.852    1.38566
     6016.0726686584    422.982    1.37459
     6016.6878150271    430.059    1.41935
     6017.3030242949    440.871    1.41720
     6017.9182964680    442.598    1.39971
     6018.5336315531    445.428    1.39853
     6019.1490295565    432.073    1.38378
     6019.7644904846    421.775    1.36836
     6020.3800143439    425.119    1.36593
     6020.9956011408    416.217    1.36171
     6021.6112508818    426.146    1.37199
     6022.2269635733    437.653    1.38758
     6022.8427392216    434.055    1.38440
     6023.4585778334    424.596    1.37196
     6024.0744794149    430.681    1.37911
     6024.6904439727    445.249    1.41424
     6025.3064715132    452.879    1.40886
     6025.9225620427    450.585    1.40769
     6026.5387155679    446.073    1.40161
     6027.1549320950    452.726    1.41156
     6027.7712116306    454.693    1.41438
     6028.3875541810    458.376    1.41884
     6029.0039597528    457.504    1.41660
     6029.6204283523    459.381    1.41789
     6030.2369599861    457.726    1.41468
     6030.8535546605    456.193    1.41564
     6031.4702123821    460.801    1.43142
     6032.0869331571    460.845    1.43008
     6032.7037169922    462.870    1.42215
     6033.3205638938    462.030    1.42282
     6033.9374738682    462.889    1.42410
     6034.5544469220    463.543    1.42472
     6035.1714830616    460.502    1.42076
     6035.7885822934    459.614    1.41763
     6036.4057446239    462.596    1.42060
     6037.0229700596    463.034    1.42399
     6037.6402586068    461.163    1.42087
     6038.2576102722    460.327    1.41766
     6038.8750250620    447.446    1.39861
     6039.4925029828    443.485    1.39027
     6040.1100440410    447.992    1.39645
     6040.7276482431    450.929    1.40155
     6041.3453155955    453.423    1.40772
     6041.9630461047    455.924    1.41326
     6042.5808397772    460.027    1.41670
     6043.1986966194    464.588    1.42234
     6043.8166166377    462.975    1.42069
     6044.4345998386    463.546    1.42056
     6045.0526462287    463.390    1.42035
     6045.6707558142    464.017    1.45532
     6046.2889286018    464.720    1.44429
     6046.9071645979    466.225    1.42199
     6047.5254638089    463.411    1.41804
     6048.1438262413    462.191    1.41573
     6048.7622519015    462.850    1.41587
     6049.3807407961    462.071    1.41531
     6049.9992929315    464.071    1.41764
     6050.6179083141    465.056    1.41942
     6051.2365869504    466.888    1.42281
     6051.8553288470    464.234    1.41888
     6052.4741340102    461.505    1.41372
     6053.0930024465    457.929    1.40731
     6053.7119341624    458.933    1.40725
     6054.3309291644    456.175    1.40346
     6054.9499874590    449.339    1.39345
     6055.5691090525    444.744    1.38501
     6056.1882939516    445.569    1.44209
     6056.8075421626    450.133    1.39681
     6057.4268536920    452.184    1.39675
     6058.0462285463    457.293    1.40217
     6058.6656667320    460.768    1.40858
     6059.2851682556    463.045    1.41136
     6059.9047331235    465.067    1.41402
     6060.5243613422    464.973    1.41474
     6061.1440529183    464.075    1.41203
     6061.7638078580    456.832    1.40407
     6062.3836261680    454.901    1.39767
     6063.0035078548    450.920    1.39105
     6063.6234529247    444.773    1.37860
     6064.2434613844    426.944    1.35612
     6064.8635332402    413.369    1.33989
     6065.4836684986    428.170    1.35393
     6066.1038671662    445.447    1.38101
     6066.7241292494    461.285    1.40356
     6067.3444547547    466.236    1.41411
     6067.9648436886    464.687    1.41220
     6068.5852960576    467.600    1.41480
     6069.2058118681    467.719    1.41963
     6069.8263911267    467.985    1.44523
     6070.4470338398    468.858    1.42057
     6071.0677400139    467.010    1.47802
     6071.6885096555    472.892    1.44971
     6072.3093427711    469.271    1.41814
     6072.9302393672    471.188    1.42420
     6073.5511994503    468.227    1.41417
     6074.1722230269    464.974    1.40971
     6074.7933101034    467.018    1.41073
     6075.4144606864    469.060    1.41456
     6076.0356747824    466.783    1.41069
     6076.6569523977    462.024    1.40287
     6077.2782935391    453.805    1.38919
     6077.8996982128    442.132    1.37548
     6078.5211664255    443.443    1.37706
     6079.1426981836    454.658    1.39178
     6079.7642934937    461.097    1.39895
     6080.3859523621    452.107    1.38828
     6081.0076747955    444.158    1.37733
     6081.6294608003    446.967    1.38002
     6082.2513103831    451.282    1.38695
     6082.8732235502    458.516    1.39382
     6083.4952003083    460.392    1.39539
     6084.1172406638    454.548    1.39077
     6084.7393446233    447.506    1.38172
     6085.3615121931    447.313    1.37714
     6085.9837433800    455.900    1.38825
     6086.6060381902    461.891    1.39862
     6087.2283966304    460.988    1.39808
     6087.8508187071    464.415    1.40310
     6088.4733044267    458.110    1.39156
     6089.0958537958    443.500    1.37180
     6089.7184668208    435.313    1.35776
     6090.3411435084    434.536    1.35742
     6090.9638838649    443.540    1.36838
     6091.5866878970    446.527    1.37424
     6092.2095556111    451.601    1.38268
     6092.8324870137    453.837    1.43320
     6093.4554821113    458.224    1.41298
     6094.0785409105    464.456    1.40164
     6094.7016634177    466.510    1.40495
     6095.3248496396    468.560    1.40404
     6095.9480995825    459.579    1.39498
     6096.5714132531    457.372    1.38909
     6097.1947906577    457.692    1.38851
     6097.8182318030    457.609    1.39120
     6098.4417366955    461.496    1.39490
     6099.0653053417    462.981    1.39854
     6099.6889377480    465.421    1.40133
     6100.3126339211    459.647    1.38720
     6100.9363938674    430.724    1.39584
     6101.5602175935    371.934    1.43659
     6102.1841051058    341.973    1.38343
     6102.8080564110    370.911    1.44251
     6103.4320715155    418.094    1.34631
     6104.0561504258    452.607    1.37704
     6104.6802931485    464.645    1.39710
     6105.3044996901    468.244    1.40309
     6105.9287700571    468.095    1.40358
     6106.5531042561    462.346    1.39497
     6107.1775022936    450.829    1.37789
     6107.8019641760    451.693    1.37937
     6108.4264899100    459.445    1.39056
     6109.0510795021    469.582    1.40594
     6109.6757329587    469.246    1.40318
     6110.3004502865    457.024    1.38581
     6110.9252314919    447.141    1.37194
     6111.5500765815    452.444    1.38055
     6112.1749855618    463.515    1.39549
     6112.7999584393    467.941    1.40010
     6113.4249952207    471.210    1.40563
     6114.0500959123    474.028    1.41027
     6114.6752605208    471.479    1.40448
     6115.3004890528    461.062    1.39142
     6115.9257815146    456.927    1.38656
     6116.5511379128    461.904    1.39060
     6117.1765582541    464.144    1.39516
     6117.8020425449    465.224    1.39483
     6118.4275907918    454.295    1.38272
     6119.0532030013    445.047    1.36790
     6119.6788791800    440.282    1.35749
     6120.3046193343    418.968    1.37894
     6120.9304234709    363.873    1.38840
     6121.5562915963    317.282    1.19123
     6122.1822237170    337.828    1.33592
     6122.8082198395    388.581    1.55457
     6123.4342799705    437.290    1.44042
     6124.0604041164    457.701    1.38481
     6124.6865922838    457.128    1.38267
     6125.3128444793    448.418    1.37012
     6125.9391607093    452.180    1.37542
     6126.5655409805    451.485    1.37510
     6127.1919852994    452.368    1.37665
     6127.8184936725    456.293    1.38357
     6128.4450661064    458.976    1.38413
     6129.0717026076    463.941    1.39140
     6129.6984031828    468.490    1.39893
     6130.3251678383    470.388    1.40123
     6130.9519965809    468.643    1.39677
     6131.5788894170    468.746    1.39882
     6132.2058463532    475.332    1.40607
     6132.8328673961    473.087    1.40441
     6133.4599525522    467.459    1.39436
     6134.0871018280    455.730    1.37845
     6134.7143152301    443.663    1.35774
     6135.3415927652    417.240    1.31650
     6135.9689344396    382.352    1.26854
     6136.5963402601    368.202    1.24680
     6137.2238102331    382.891    1.32206
     6137.8513443652    423.316    1.37686
     6138.4789426630    454.243    1.37096
     6139.1066051330    467.486    1.39250
     6139.7343317818    472.866    1.39721
     6140.3621226160    455.294    1.37796
     6140.9899776421    440.601    1.35795
     6141.6178968667    444.819    1.36040
     6142.2458802963    452.498    1.37054
     6142.8739279375    462.726    1.38538
     6143.5020397969    465.298    1.38887
     6144.1302158811    466.208    1.39183
     6144.7584561966    466.967    1.39277
     6145.3867607499    467.923    1.39421
     6146.0151295477    466.929    1.39083
     6146.6435625965    468.040    1.39222
     6147.2720599029    466.191    1.39031
     6147.9006214735    470.869    1.39684
     6148.5292473148    461.236    1.37918
     6149.1579374333    451.283    1.36564
     6149.7866918358    450.214    1.36557
     6150.4155105287    453.229    1.36934
     6151.0443935186    460.210    1.38006
     6151.6733408121    468.377    1.39161
     6152.3023524158    472.028    1.39796
     6152.9314283362    467.048    1.39398
     6153.5605685799    457.824    1.37817
     6154.1897731536    453.455    1.37217
     6154.8190420637    455.233    1.37356
     6155.4483753169    461.257    1.38020
     6156.0777729197    463.740    1.38252
     6156.7072348787    458.392    1.37511
     6157.3367612005    457.135    1.37540
     6157.9663518916    464.609    1.38343
     6158.5960069588    460.163    1.37820
     6159.2257264085    451.773    1.35818
     6159.8555102473    414.271    1.33032
     6160.4853584817    354.141    1.27997
     6161.1152711185    290.386    1.19645
     6161.7452481642    277.820    1.19010
     6162.3752896253    310.068    1.32076
     6163.0053955085    354.462    1.42017
     6163.6355658203    407.415    1.38798
     6164.2658005673    434.057    1.33467
     6164.8960997562    442.610    1.34768
     6165.5264633934    431.939    1.33818
     6166.1568914856    436.310    1.34005
     6166.7873840394    449.211    1.35506
     6167.4179410614    446.959    1.38066
     6168.0485625581    402.273    1.39313
     6168.6792485362    358.007    1.24618
     6169.3099990023    363.857    1.25624
     6169.9408139629    400.943    1.42519
     6170.5716934246    442.580    1.40887
     6171.2026373941    464.128    1.37574
     6171.8336458779    464.826    1.38066
     6172.4647188826    457.764    1.36915
     6173.0958564148    458.619    1.37043
     6173.7270584812    464.927    1.37801
     6174.3583250883    466.117    1.38123
     6174.9896562427    468.809    1.38235
     6175.6210519510    462.435    1.37436
     6176.2525122198    461.975    1.37273
     6176.8840370558    465.383    1.37883
     6177.5156264655    474.447    1.39164
     6178.1472804555    478.194    1.39641
     6178.7789990324    473.952    1.39118
     6179.4107822029    464.570    1.37831
     6180.0426299735    466.382    1.38099
     6180.6745423508    473.813    1.38912
     6181.3065193415    476.593    1.39463
     6181.9385609522    479.763    1.39794
     6182.5706671894    480.513    1.39777
     6183.2028380598    478.842    1.39680
     6183.8350735700    481.739    1.39957
     6184.4673737265    476.889    1.39266
     6185.0997385361    472.894    1.38651
     6185.7321680052    468.925    1.38257
     6186.3646621406    468.101    1.37893
     6186.9972209489    463.796    1.37314
     6187.6298444365    464.705    1.37301
     6188.2625326103    466.132    1.37301
     6188.8952854767    464.655    1.37092
     6189.5281030424    462.425    1.36169
     6190.1609853140    433.595    1.36508
     6190.7939322981    407.838    1.34562
     6191.4269440014    421.347    1.34207
     6192.0600204304    449.912    1.39557
     6192.6931615918    469.857    1.37672
     6193.3263674922    474.667    1.38638
     6193.9596381382    476.545    1.38869
     6194.5929735364    481.485    1.39616
     6195.2263736935    479.801    1.39283
     6195.8598386160    482.823    1.39709
     6196.4933683107    481.640    1.39418
     6197.1269627841    482.631    1.39295
     6197.7606220428    466.325    1.38143
     6198.3943460935    453.629    1.38565
     6199.0281349428    443.248    1.34199
     6199.6619885973    442.652    1.33970
     6200.2959070636    461.287    1.36385
     6200.9298903485    472.218    1.37774
     6201.5639384584    480.443    1.38988
     6202.1980514000    483.511    1.39656
     6202.8322291801    485.277    1.39958
     6203.4664718051    481.436    1.39155
     6204.1007792817    476.928    1.38417
     6204.7351516165    480.147    1.39068
     6205.3695888163    481.990    1.39315
     6206.0040908875    482.973    1.39325
     6206.6386578370    483.744    1.39572
     6207.2732896711    481.831    1.39188
     6207.9079863967    483.953    1.39563
     6208.5427480204    483.191    1.39202
     6209.1775745487    476.152    1.38095
     6209.8124659884    462.314    1.36422
     6210.4474223460    464.833    1.36801
     6211.0824436282    471.988    1.37684
     6211.7175298417    473.208    1.37700
     6212.3526809930    452.934    1.34846
     6212.9878970889    439.619    1.33074
     6213.6231781359    440.099    1.32893
     6214.2585241407    441.406    1.33126
     6214.8939351099    437.726    1.32513
     6215.5294110502    436.712    1.32656
     6216.1649519683    448.545    1.34109
     6216.8005578707    466.219    1.36480
     6217.4362287641    471.080    1.37040
     6218.0719646552    457.674    1.35388
     6218.7077655506    447.623    1.33917
     6219.3436314570    443.256    1.33333
     6219.9795623809    442.951    1.33306
     6220.6155583291    450.094    1.34333
     6221.2516193082    463.608    1.36188
     6221.8877453248    476.766    1.38048
     6222.5239363857    480.617    1.38436
     6223.1601924973    469.669    1.37047
     6223.7965136665    462.100    1.36239
     6224.4328998999    469.564    1.36902
     6225.0693512040    472.844    1.37561
     6225.7058675856    475.166    1.37745
     6226.3424490513    473.986    1.37430
     6226.9790956077    471.023    1.37146
     6227.6158072616    474.756    1.37442
     6228.2525840196    468.026    1.36793
     6228.8894258883    454.115    1.35103
     6229.5263328744    418.880    1.31956
     6230.1633049845    400.898    1.28236
     6230.8003422254    423.527    1.32568
     6231.4374446036    433.263    1.37403
     6232.0746121258    439.386    1.32407
     6232.7118447988    447.461    1.33731
     6233.3491426290    466.186    1.36088
     6233.9865056234    478.464    1.37733
     6234.6239337883    481.357    1.38153
     6235.2614271307    489.356    1.39125
     6235.8989856570    480.992    1.38468
     6236.5366093740    477.575    1.37640
     6237.1742982883    477.425    1.37598
     6237.8120524067    473.364    1.36962
     6238.4498717357    467.616    1.36275
     6239.0877562820    450.082    1.33878
     6239.7257060524    446.173    1.33343
     6240.3637210534    454.740    1.34461
     6241.0018012918    467.337    1.35964
     6241.6399467742    452.605    1.34062
     6242.2781575072    425.688    1.30320
     6242.9164334977    430.397    1.30705
     6243.5547747521    449.244    1.33463
     6244.1931812773    465.905    1.35984
     6244.8316530799    453.403    1.34121
     6245.4701901665    434.443    1.31237
     6246.1087925438    443.221    1.32477
     6246.7474602186    459.395    1.34803
     6247.3861931974    478.810    1.37747
     6248.0249914870    481.882    1.38118
     6248.6638550940    474.861    1.36980
     6249.3027840251    476.760    1.37194
     6249.9417782870    476.428    1.37071
     6250.5808378864    462.859    1.35063
     6251.2199628300    430.831    1.39633
     6251.8591531244    421.483    1.30186
     6252.4984087763    431.394    1.33982
     6253.1377297924    436.451    1.31693
     6253.7771161794    445.527    1.32894
     6254.4165679440    457.422    1.34145
     6255.0560850929    451.308    1.33234
     6255.6956676326    439.681    1.31869
     6256.3353155700    435.558    1.30937
     6256.9750289117    422.065    1.28824
     6257.6148076645    393.181    1.24921
     6258.2546518349    397.240    1.26913
     6258.8945614296    429.664    1.33402
     6259.5345364555    446.281    1.33039
     6260.1745769191    440.749    1.31785
     6260.8146828272    441.279    1.32157
     6261.4548541864    459.941    1.34551
     6262.0950910034    475.360    1.36688
     6262.7353932850    484.113    1.37814
     6263.3757610378    480.055    1.36944
     6264.0161942685    462.114    1.34847
     6264.6566929838    453.136    1.33479
     6265.2972571904    453.625    1.33696
     6265.9378868950    468.914    1.35636
     6266.5785821044    478.407    1.36500
     6267.2193428251    474.072    1.36006
     6267.8601690639    465.174    1.35046
     6268.5010608275    464.715    1.35037
     6269.1420181226    469.001    1.35488
     6269.7830409559    467.622    1.35246
     6270.4241293341    470.723    1.35769
     6271.0652832639    479.336    1.36838
     6271.7065027520    481.632    1.37402
     6272.3477878051    486.657    1.37844
     6272.9891384300    480.954    1.37037
     6273.6305546332    469.898    1.35750
     6274.2720364216    469.246    1.35338
     6274.9135838017    473.808    1.35918
     6275.5551967805    476.797    1.36234
     6276.1968753644    467.334    1.37646
     6276.8386195603    456.728    1.35754
     6277.4804293749    453.921    1.33106
     6278.1223048148    454.466    1.33193
     6278.7642458868    454.755    1.33194
     6279.4062525976    447.474    1.32491
     6280.0483249539    445.470    1.32169
     6280.6904629624    453.124    1.33087
     6281.3326666298    460.585    1.34156
     6281.9749359629    464.355    1.34923
     6282.6172709683    475.331    1.35994
     6283.2596716528    477.352    1.36371
     6283.9021380231    471.961    1.35745
     6284.5446700859    466.901    1.35048
     6285.1872678479    469.790    1.35436
     6285.8299313158    481.224    1.36701
     6286.4726604964    484.502    1.37565
     6287.1154553963    492.923    1.38457
     6287.7583160224    492.621    1.38530
     6288.4012423812    489.605    1.38071
     6289.0442344796    490.897    1.37805
     6289.6872923243    477.319    1.36495
     6290.3304159219    470.411    1.35461
     6290.9736052792    475.998    1.35666
     6291.6168604030    465.426    1.34728
     6292.2601812999    458.945    1.33844
     6292.9035679767    464.651    1.35824
     6293.5470204400    477.791    1.38019
     6294.1905386968    482.706    1.36732
     6294.8341227535    469.716    1.35196
     6295.4777726171    454.859    1.33169
     6296.1214882941    450.727    1.32380
     6296.7652697915    450.139    1.32488
     6297.4091171157    458.057    1.33394
     6298.0530302737    468.025    1.34729
     6298.6970092721    472.487    1.35784
     6299.3410541177    477.912    1.36625
     6299.9851648172    465.144    1.35604
     6300.6293413773    438.521    1.32511
     6301.2735838048    428.315    1.30521
     6301.9178921064    433.402    1.30787
     6302.5622662888    448.272    1.32479
     6303.2067063588    464.125    1.34058
     6303.8512123231    473.063    1.35108
     6304.4957841885    465.025    1.34314
     6305.1404219617    455.821    1.35416
     6305.7851256493    467.546    1.40396
     6306.4298952583    481.507    1.39615
     6307.0747307952    488.302    1.39754
     6307.7196322669    494.684    1.42465
     6308.3645996801    494.752    1.38382
     6309.0096330416    487.524    1.37496
     6309.6547323580    484.466    1.36906
     6310.2998976361    476.415    1.35880
     6310.9451288827    472.042    1.35135
     6311.5904261045    468.294    1.34884
     6312.2357893082    480.625    1.36053
     6312.8812185007    484.971    1.36560
     6313.5267136886    472.128    1.34929
     6314.1722748787    456.070    1.32898
     6314.8179020778    457.057    1.32958
     6315.4635952925    466.998    1.34123
     6316.1093545297    472.452    1.34456
     6316.7551797961    457.375    1.32702
     6317.4010710984    434.723    1.29831
     6318.0470284435    435.984    1.29864
     6318.6930518380    450.706    1.32012
     6319.3391412887    470.425    1.34496
     6319.9852968023    484.556    1.36417
     6320.6315183857    488.537    1.37023
     6321.2778060456    481.357    1.36279
     6321.9241597887    471.261    1.35008
     6322.5705796217    476.411    1.36868
     6323.2170655516    487.246    1.40065
     6323.8636175849    489.083    1.37167
     6324.5102357284    491.779    1.37651
     6325.1569199890    491.864    1.37731
     6325.8036703734    488.613    1.38216
     6326.4504868883    480.208    1.38592
     6327.0973695406    482.370    1.36270
     6327.7443183369    488.836    1.37450
     6328.3913332840    488.960    1.37758
     6329.0384143887    481.615    1.36024
     6329.6855616578    473.445    1.35034
     6330.3327750980    483.267    1.36123
     6330.9800547161    496.020    1.37921
     6331.6274005188    500.941    1.38792
     6332.2748125130    501.890    1.38861
     6332.9222907054    502.952    1.38664
     6333.5698351027    490.804    1.38076
     6334.2174457118    465.461    1.36182
     6334.8651225393    451.697    1.31593
     6335.5128655922    439.565    1.29926
     6336.1606748770    438.887    1.29550
     6336.8085504007    459.204    1.31792
     6337.4564921700    470.498    1.33623
     6338.1045001916    476.850    1.36327
     6338.7525744724    481.404    1.38627
     6339.4007150191    485.264    1.35747
     6340.0489218385    490.196    1.36420
     6340.6971949373    494.516    1.36995
     6341.3455343224    488.391    1.36392
     6341.9939400005    481.947    1.35256
     6342.6424119784    468.530    1.33672
     6343.2909502629    461.168    1.32777
     6343.9395548607    468.655    1.33693
     6344.5882257787    480.615    1.35252
     6345.2369630236    490.931    1.36682
     6345.8857666022    497.548    1.37655
     6346.5346365212    497.716    1.37896
     6347.1835727876    500.193    1.38184
     6347.8325754080    498.070    1.37857
     6348.4816443892    495.948    1.37536
     6349.1307797380    498.585    1.38035
     6349.7799814613    500.737    1.38502
     6350.4292495657    503.116    1.38783
     6351.0785840582    502.141    1.38550
     6351.7279849453    502.322    1.38418
     6352.3774522341    498.757    1.38055
     6353.0269859312    499.647    1.37953
     6353.6765860434    487.060    1.36725
     6354.3262525776    476.110    1.35423
     6354.9759855405    484.699    1.36029
     6355.6257849389    492.980    1.37214
     6356.2756507796    497.090    1.37647
     6356.9255830694    493.300    1.36919
     6357.5755818151    475.150    1.34861
     6358.2256470235    466.171    1.33452
     6358.8757787013    471.738    1.33992
     6359.5259768555    475.488    1.34642
     6360.1762414927    473.870    1.34412
     6360.8265726198    467.300    1.33427
     6361.4769702436    459.479    1.32448
     6362.1274343709    459.264    1.32547
     6362.7779650084    467.812    1.33736
     6363.4285621630    476.511    1.35064
     6364.0792258415    483.614    1.36210
     6364.7299560506    488.054    1.36690
     6365.3807527973    485.723    1.36341
     6366.0316160882    489.781    1.36593
     6366.6825459302    497.428    1.37618
     6367.3335423302    502.452    1.38352
     6367.9846052948    502.550    1.38401
     6368.6357348309    504.152    1.38537
     6369.2869309453    502.304    1.38160
     6369.9381936449    497.609    1.37646
     6370.5895229364    499.754    1.37898
     6371.2409188266    504.012    1.38416
     6371.8923813223    507.182    1.38894
     6372.5439104305    511.115    1.39367
     6373.1955061578    506.890    1.38956
     6373.8471685111    505.873    1.38757
     6374.4988974971    505.625    1.38552
     6375.1506931228    504.059    1.38400
     6375.8025553949    506.669    1.38737
     6376.4544843202    507.561    1.38870
     6377.1064799056    502.903    1.38202
     6377.7585421579    497.561    1.37485
     6378.4106710838    497.918    1.37509
     6379.0628666903    496.947    1.37251
     6379.7151289840    490.697    1.36466
     6380.3674579719    485.451    1.36040
     6381.0198536608    489.714    1.36362
     6381.6723160574    495.210    1.36938
     6382.3248451686    505.112    1.38171
     6382.9774410013    505.856    1.38356
     6383.6301035622    504.210    1.38279
     6384.2828328581    502.687    1.37943
     6384.9356288960    499.226    1.37603
     6385.5884916825    500.449    1.37696
     6386.2414212246    503.473    1.37868
     6386.8944175291    502.794    1.37954
     6387.5474806028    499.829    1.37465
     6388.2006104524    499.731    1.37404
     6388.8538070850    505.306    1.38161
     6389.5070705072    506.780    1.38368
     6390.1604007259    511.157    1.38892
     6390.8137977479    504.924    1.38266
     6391.4672615801    496.756    1.37346
     6392.1207922293    470.384    1.34085
     6392.7743897023    448.115    1.30397
     6393.4280540060    455.692    1.31154
     6394.0817851472    479.182    1.34562
     6394.7355831327    492.678    1.41234
     6395.3894479693    503.158    1.37794
     6396.0433796640    506.502    1.38319
     6396.6973782235    504.587    1.37774
     6397.3514436547    507.759    1.38322
     6398.0055759644    497.898    1.38705
     6398.6597751594    459.112    1.53676
     6399.3140412466    418.931    1.30749
     6399.9683742329    438.637    1.28802
     6400.6227741250    472.680    1.33876
     6401.2772409298    497.821    1.36799
     6401.9317746542    508.770    1.38500
     6402.5863753050    513.834    1.39110
     6403.2410428890    514.594    1.39251
     6403.8957774131    510.316    1.38629
     6404.5505788841    505.324    1.37906
     6405.2054473088    500.670    1.37366
     6405.8603826942    499.665    1.37007
     6406.5153850471    491.247    1.35795
     6407.1704543743    471.504    1.33842
     6407.8255906826    479.136    1.34704
     6408.4807939789    494.527    1.36224
     6409.1360642701    505.444    1.37471
     6409.7914015630    501.013    1.36713
     6410.4468058645    465.057    1.34674
     6411.1022771813    456.571    1.35078
     6411.7578155205    475.319    1.35084
     6412.4134208887    493.480    1.38521
     6413.0690932929    502.999    1.37250
     6413.7248327400    504.283    1.37598
     6414.3806392367    505.054    1.37625
     6415.0365127899    509.764    1.37945
     6415.6924534066    510.466    1.38167
     6416.3484610935    507.543    1.40100
     6417.0045358575    506.859    1.40211
     6417.6606777054    508.872    1.37902
     6418.3168866442    499.570    1.36860
     6418.9731626807    488.257    1.35411
     6419.6295058217    479.477    1.33807
     6420.2859160741    466.891    1.32632
     6420.9423934448    472.694    1.33487
     6421.5989379406    494.627    1.35953
     6422.2555495685    507.749    1.37836
     6422.9122283351    517.005    1.38980
     6423.5689742476    514.096    1.38542
     6424.2257873125    512.193    1.38522
     6424.8826675370    517.263    1.39005
     6425.5396149278    517.529    1.39136
     6426.1966294917    518.770    1.39183
     6426.8537112358    517.879    1.39233
     6427.5108601667    515.984    1.38855
     6428.1680762915    515.053    1.38733
     6428.8253596169    511.336    1.38030
     6429.4827101499    484.715    1.34603
     6430.1401278972    467.034    1.32436
     6430.7976128659    478.839    1.33641
     6431.4551650627    494.788    1.35720
     6432.1127844946    506.980    1.37622
     6432.7704711683    511.426    1.37901
     6433.4282250909    514.107    1.38281
     6434.0860462691    513.765    1.38669
     6434.7439347098    516.094    1.38680
     6435.4018904200    515.468    1.38567
     6436.0599134065    511.951    1.38017
     6436.7180036761    509.240    1.37644
     6437.3761612358    479.102    1.38553
     6438.0343860924    417.740    1.41980
     6438.6926782528    412.699    1.25594
     6439.3510377239    452.225    1.38908
     6440.0094645126    491.848    1.42477
     6440.6679586257    508.688    1.37562
     6441.3265200702    515.171    1.38320
     6441.9851488530    515.485    1.38190
     6442.6438449808    517.262    1.38560
     6443.3026084607    519.006    1.38790
     6443.9614392994    520.119    1.38793
     6444.6203375039    520.072    1.38731
     6445.2793030811    522.761    1.39145
     6445.9383360378    520.669    1.38935
     6446.5974363809    520.158    1.38815
     6447.2566041174    515.700    1.38215
     6447.9158392542    494.952    1.36426
     6448.5751417980    455.147    1.32248
     6449.2345117558    428.806    1.27058
     6449.8939491346    452.930    1.29699
     6450.5534539411    484.679    1.33754
     6451.2130261823    499.129    1.35777
     6451.8726658651    507.909    1.37029
     6452.5323729964    518.544    1.38353
     6453.1921475831    522.735    1.38646
     6453.8519896320    511.069    1.37299
     6454.5118991501    494.046    1.38305
     6455.1718761443    492.508    1.37040
     6455.8319206214    503.599    1.36299
     6456.4920325885    511.067    1.37190
     6457.1522120523    518.795    1.38326
     6457.8124590197    523.517    1.38855
     6458.4727734978    522.052    1.38837
     6459.1331554933    520.158    1.38834
     6459.7936050132    520.316    1.38779
     6460.4541220644    509.216    1.37009
     6461.1147066537    456.088    1.38923
     6461.7753587882    408.332    1.30267
     6462.4360784747    426.575    1.26579
     6463.0968657200    462.225    1.36465
     6463.7577205313    487.859    1.34633
     6464.4186429152    503.893    1.36389
     6465.0796328787    513.635    1.37762
     6465.7406904289    520.171    1.38645
     6466.4018155724    521.103    1.38584
     6467.0630083164    521.584    1.38845
     6467.7242686676    516.378    1.38141
     6468.3855966330    509.877    1.37226
     6469.0469922195    510.615    1.37143
     6469.7084554341    509.894    1.36791
     6470.3699862836    489.957    1.34495
     6471.0315847749    474.279    1.32734
     6471.6932509150    491.119    1.34539
     6472.3549847108    508.728    1.36889
     6473.0167861692    519.980    1.38042
     6473.6786552971    521.615    1.38209
     6474.3405921014    509.378    1.37059
     6475.0025965892    500.895    1.36052
     6475.6646687672    506.580    1.36552
     6476.3268086424    517.327    1.37842
     6476.9890162217    523.599    1.38742
     6477.6512915121    527.709    1.39089
     6478.3136345204    523.232    1.38781
     6478.9760452537    520.072    1.38376
     6479.6385237187    521.767    1.38255
     6480.3010699225    514.931    1.37531
     6480.9636838720    502.966    1.36267
     6481.6263655741    498.822    1.35723
     6482.2891150357    502.013    1.35836
     6482.9519322638    505.684    1.36497
     6483.6148172652    516.726    1.37914
     6484.2777700470    521.134    1.38272
     6484.9407906160    524.874    1.38871
     6485.6038789792    526.462    1.38927
     6486.2670351435    522.814    1.38383
     6486.9302591159    523.284    1.38717
     6487.5935509032    523.365    1.38573
     6488.2569105124    528.221    1.39179
     6488.9203379505    524.449    1.38598
     6489.5838332243    522.190    1.38237
     6490.2473963409    519.098    1.37855
     6490.9110273071    512.199    1.36983
     6491.5747261299    515.474    1.37144
     6492.2384928163    483.652    1.33907
     6492.9023273731    435.728    1.30677
     6493.5662298073    408.205    1.22736
     6494.2302001259    402.319    1.21977
     6494.8942383357    427.621    1.25096
     6495.5583444438    449.560    1.28496
     6496.2225184570    465.084    1.30949
     6496.8867603824    488.771    1.33965
     6497.5510702269    494.471    1.35652
     6498.2154479973    476.237    1.36351
     6498.8798937007    467.606    1.34333
     6499.5444073440    485.365    1.33403
     6500.2089889341    501.579    1.35510
     6500.8736384781    514.818    1.37227
     6501.5383559827    523.561    1.38321
     6502.2031414551    524.897    1.38595
     6502.8679949021    524.240    1.38487
     6503.5329163307    522.097    1.38364
     6504.1979057478    524.901    1.38606
     6504.8629631604    526.019    1.38715
     6505.5280885755    528.081    1.38910
     6506.1932819999    529.658    1.39113
     6506.8585434408    525.476    1.38473
     6507.5238729049    515.915    1.37375
     6508.1892703993    515.230    1.37541
     6508.8547359309    521.360    1.38203
     6509.5202695067    525.953    1.38604
     6510.1858711336    533.014    1.39626
     6510.8515408186    530.364    1.39335
     6511.5172785686    528.569    1.38827
     6512.1830843907    526.921    1.38771
     6512.8489582917    525.180    1.38544
     6513.5149002787    528.732    1.39031
     6514.1809103586    523.356    1.38265
     6514.8469885383    523.107    1.38125
     6515.5131348248    521.314    1.38030
     6516.1793492251    518.124    1.37338
     6516.8456317462    515.018    1.37054
     6517.5119823950    508.170    1.36367
     6518.1784011784    512.306    1.36686
     6518.8448881035    519.680    1.37783
     6519.5114431773    526.990    1.38635
     6520.1780664066    532.908    1.40858
     6520.8447577984    534.057    1.41121
     6521.5115173598    532.478    1.39304
     6522.1783450977    530.854    1.39159
     6522.8452410190    531.199    1.39119
     6523.5122051307    525.862    1.38631
     6524.1792374399    531.053    1.39185
     6524.8463379534    532.948    1.39435
     6525.5135066784    533.100    1.39424
     6526.1807436216    528.497    1.38833
     6526.8480487901    528.380    1.38945
     6527.5154221909    532.775    1.39303
     6528.1828638310    534.999    1.39388
     6528.8503737173    534.116    1.39385
     6529.5179518568    535.675    1.39719
     6530.1855982565    527.605    1.38643
     6530.8533129234    520.019    1.37586
     6531.5210958644    523.170    1.38055
     6532.1889470865    527.021    1.38494
     6532.8568665968    518.809    1.37647
     6533.5248544022    525.286    1.38118
     6534.1929105096    532.227    1.39178
     6534.8610349261    532.418    1.39133
     6535.5292276587    535.882    1.39311
     6536.1974887143    532.929    1.39229
     6536.8658180999    532.709    1.39246
     6537.5342158225    532.064    1.39338
     6538.2026818891    538.448    1.39888
     6538.8712163067    537.560    1.40040
     6539.5398190823    540.649    1.40151
     6540.2084902228    538.279    1.40704
     6540.8772297352    537.693    1.40272
     6541.5460376267    537.154    1.40535
     6542.2149139040    534.005    1.39470
     6542.8838585743    522.797    1.41425
     6543.5528716445    527.716    1.39675
     6544.2219531216    530.610    1.38720
     6544.8911030126    510.215    1.36310
     6545.5603213245    489.746    1.33660
     6546.2296080643    502.403    1.35120
     6546.8989632390    517.238    1.37131
     6547.5683868556    525.684    1.38062
     6548.2378789211    531.158    1.38895
     6548.9074394425    532.164    1.39104
     6549.5770684268    539.067    1.39883
     6550.2467658810    534.846    1.39312
     6550.9165318120    536.987    1.39491
     6551.5863662270    530.671    1.38806
     6552.2562691328    526.070    1.39769
     6552.9262405366    517.518    1.40416
     6553.5962804452    506.456    1.35725
     6554.2663888658    505.635    1.35483
     6554.9365658053    504.410    1.35398
     6555.6068112707    503.851    1.35411
     6556.2771252690    512.334    1.36229
     6556.9475078072    521.093    1.37339
     6557.6179588924    525.039    1.38006
     6558.2884785316    526.040    1.37937
     6558.9590667317    523.587    1.37904
     6559.6297234997    518.674    1.37116
     6560.3004488428    513.313    1.36446
     6560.9712427679    472.962    1.45922
     6561.6421052819    358.189    1.32637
     6562.3130363920    327.869    1.10850
     6562.9840361051    378.478    1.65404
     6563.6551044283    450.726    1.62814
     6564.3262413685    500.867    1.34664
     6564.9974469328    514.229    1.36406
     6565.6687211282    520.504    1.37068
     6566.3400639617    531.107    1.38563
     6567.0114754404    533.015    1.38746
     6567.6829555712    524.863    1.37632
     6568.3545043611    511.437    1.36283
     6569.0261218173    510.775    1.36157
     6569.6978079467    522.048    1.37409
     6570.3695627563    530.761    1.38505
     6571.0413862532    527.630    1.37741
     6571.7132784443    503.158    1.35401
     6572.3852393368    501.126    1.34768
     6573.0572689376    504.401    1.34897
     6573.7293672537    501.034    1.34646
     6574.4015342922    501.646    1.34810
     6575.0737700601    518.648    1.36908
     6575.7460745645    531.010    1.38557
     6576.4184478123    535.990    1.43121
     6577.0908898106    541.107    1.40084
     6577.7634005665    541.157    1.39883
     6578.4359800869    540.234    1.39721
     6579.1086283789    536.018    1.39104
     6579.7813454495    529.480    1.38445
     6580.4541313057    525.364    1.39303
     6581.1269859546    526.965    1.37935
     6581.7999094033    534.121    1.38696
     6582.4729016587    539.455    1.39436
     6583.1459627279    538.738    1.39468
     6583.8190926179    539.249    1.39544
     6584.4922913357    542.287    1.39668
     6585.1655588885    534.621    1.38908
     6585.8388952832    528.636    1.38202
     6586.5123005269    529.493    1.38401
     6587.1857746266    538.980    1.39239
     6587.8593175893    543.049    1.39681
     6588.5329294221    541.848    1.41697
     6589.2066101321    540.840    1.40034
     6589.8803597263    540.507    1.39496
     6590.5541782117    538.834    1.39181
     6591.2280655953    521.662    1.36966
     6591.9020218843    491.583    1.33074
     6592.5760470856    470.527    1.31267
     6593.2501412064    481.238    1.31798
     6593.9243042536    505.814    1.35058
     6594.5985362343    528.250    1.37665
     6595.2728371555    539.290    1.39014
     6595.9472070243    535.233    1.38711
     6596.6216458478    534.061    1.38529
     6597.2961536330    529.848    1.37962
     6597.9707303870    520.596    1.36812
     6598.6453761167    516.019    1.36292
     6599.3200908293    529.587    1.37680
     6599.9948745318    537.594    1.38940
     6600.6697272313    544.060    1.39586
     6601.3446489347    543.778    1.39750
     6602.0196396493    546.653    1.39944
     6602.6946993820    540.355    1.39288
     6603.3698281399    540.877    1.39291
     6604.0450259300    533.389    1.38268
     6604.7202927594    528.207    1.37461
     6605.3956286352    529.047    1.37823
     6606.0710335644    531.753    1.37937
     6606.7465075541    533.003    1.38162
     6607.4220506114    528.358    1.37441
     6608.0976627432    516.759    1.36106
     6608.7733439567    513.282    1.35762
     6609.4490942590    525.706    1.37082
     6610.1249136570    538.001    1.38682
     6610.8008021579    544.494    1.39427
     6611.4767597688    542.649    1.39212
     6612.1527864966    539.242    1.38831
     6612.8288823485    535.686    1.38527
     6613.5050473316    540.330    1.38946
     6614.1812814528    543.553    1.39278
     6614.8575847193    543.603    1.39144
     6615.5339571381    542.532    1.40554
     6616.2103987164    538.591    1.39033
     6616.8869094611    541.034    1.39100
     6617.5634893794    540.996    1.38952
     6618.2401384783    540.667    1.39150
     6618.9168567650    542.904    1.39223
     6619.5936442464    545.957    1.39748
     6620.2705009296    546.712    1.39960
     6620.9474268218    545.828    1.39872
     6621.6244219299    543.203    1.39458
     6622.3014862612    544.246    1.39285
     6622.9786198226    541.211    1.39012
     6623.6558226213    535.382    1.38256
     6624.3330946642    527.821    1.37577
     6625.0104359586    533.187    1.37940
     6625.6878465114    539.726    1.38806
     6626.3653263298    542.559    1.39184
     6627.0428754209    539.859    1.38909
     6627.7204937916    541.746    1.39213
     6628.3981814492    540.800    1.38968
     6629.0759384007    534.342    1.38262
     6629.7537646531    535.467    1.38299
     6630.4316602137    535.401    1.38228
     6631.1096250893    533.310    1.37890
     6631.7876592872    529.783    1.37634
     6632.4657628145    521.112    1.36552
     6633.1439356781    514.074    1.35721
     6633.8221778853    521.333    1.36543
     6634.5004894430    530.704    1.37733
     6635.1788703585    539.375    1.38825
     6635.8573206387    545.432    1.39327
     6636.5358402908    540.999    1.38931
     6637.2144293219    543.593    1.39121
     6637.8930877390    545.126    1.39314
     6638.5718155493    541.934    1.39141
     6639.2506127598    537.167    1.38315
     6639.9294793777    539.122    1.38500
     6640.6084154100    544.960    1.39147
     6641.2874208639    548.504    1.39870
     6641.9664957463    535.253    1.38009
     6642.6456400646    517.562    1.35860
     6643.3248538257    514.115    1.35325
     6644.0041370367    527.530    1.37378
     6644.6834897047    541.145    1.40194
     6645.3629118369    541.510    1.38756
     6646.0424034404    542.007    1.38790
     6646.7219645222    542.924    1.39150
     6647.4015950894    544.573    1.39359
     6648.0812951492    543.547    1.39151
     6648.7610647087    544.152    1.39070
     6649.4409037749    545.930    1.39305
     6650.1208123550    546.475    1.39360
     6650.8007904561    547.500    1.39712
     6651.4808380853    549.180    1.39861
     6652.1609552497    549.336    1.40002
     6652.8411419563    547.856    1.39559
     6653.5213982125    545.271    1.39217
     6654.2017240251    547.915    1.39727
     6654.8821194014    546.182    1.39399
     6655.5625843485    550.055    1.39834
     6656.2431188734    544.828    1.39189
     6656.9237229834    544.218    1.38959
     6657.6043966854    545.831    1.38980
     6658.2851399866    546.045    1.39162
     6658.9659528942    547.739    1.39224
     6659.6468354152    538.693    1.38362
     6660.3277875568    534.538    1.37983
     6661.0088093261    541.609    1.38453
     6661.6899007302    535.032    1.37629
     6662.3710617763    515.107    1.35227
     6663.0522924713    512.199    1.35005
     6663.7335928226    527.717    1.39726
     6664.4149628371    531.550    1.37287
     6665.0964025221    534.956    1.37648
     6665.7779118846    534.405    1.37590
     6666.4594909318    534.143    1.37539
     6667.1411396707    535.905    1.37900
     6667.8228581086    538.038    1.38246
     6668.5046462525    542.295    1.38699
     6669.1865041096    546.199    1.39112
     6669.8684316870    550.035    1.39557
     6670.5504289918    551.146    1.39657
     6671.2324960312    550.581    1.39858
     6671.9146328122    554.317    1.40270
     6672.5968393421    548.792    1.39420
     6673.2791156279    549.208    1.39468
     6673.9614616768    551.266    1.39710
     6674.6438774960    546.993    1.39309
     6675.3263630925    547.755    1.39282
     6676.0089184734    537.555    1.37782
     6676.6915436460    506.893    1.34041
     6677.3742386174    485.514    1.31740
     6678.0570033946    496.107    1.33402
     6678.7398379849    520.866    1.36874
     6679.4227423953    541.551    1.38135
     6680.1057166330    543.795    1.38796
     6680.7887607053    549.203    1.39201
     6681.4718746190    548.833    1.39436
     6682.1550583816    550.568    1.39634
     6682.8383120000    547.808    1.39255
     6683.5216354814    547.448    1.39319
     6684.2050288329    549.035    1.39294
     6684.8884920618    547.942    1.39122
     6685.5720251751    548.567    1.39266
     6686.2556281801    548.810    1.39597
     6686.9393010837    549.570    1.39320
     6687.6230438933    546.105    1.38915
     6688.3068566158    549.126    1.39153
     6688.9907392586    547.008    1.39050
     6689.6746918287    545.680    1.38888
     6690.3587143333    544.163    1.38673
     6691.0428067795    543.666    1.38761
     6691.7269691745    551.516    1.39492
     6692.4112015255    548.562    1.39335
     6693.0955038395    551.580    1.39468
     6693.7798761238    547.781    1.39109
     6694.4643183855    542.183    1.38491
     6695.1488306317    519.507    1.35336
     6695.8334128697    518.920    1.35306
     6696.5180651065    528.252    1.36807
     6697.2027873494    536.745    1.37838
     6697.8875796054    532.770    1.37408
     6698.5724418818    533.197    1.37275
     6699.2573741856    540.187    1.38087
     6699.9423765242    548.214    1.39015
     6700.6274489045    549.294    1.39350
     6701.3125913339    550.833    1.39384
     6701.9978038194    545.117    1.38665
     6702.6830863682    539.429    1.38057
     6703.3684389875    535.096    1.37461
     6704.0538616844    535.530    1.37394
     6704.7393544661    537.825    1.37715
     6705.4249173398    547.173    1.38946
     6706.1105503127    543.352    1.38611
     6706.7962533918    548.563    1.38930
     6707.4820265844    545.952    1.38834
     6708.1678698977    547.817    1.38802
     6708.8537833388    543.745    1.38541
     6709.5397669148    542.877    1.38387
     6710.2258206330    543.682    1.38582
     6710.9119445006    546.626    1.39039
     6711.5981385246    547.245    1.38985
     6712.2844027123    542.750    1.38392
     6712.9707370709    538.530    1.37836
     6713.6571416075    541.119    1.38189
     6714.3436163293    537.066    1.37425
     6715.0301612435    535.565    1.37183
     6715.7167763572    530.830    1.36325
     6716.4034616776    497.453    1.32646
     6717.0902172120    476.772    1.30205
     6717.7770429674    501.158    1.32710
     6718.4639389512    528.880    1.36302
     6719.1509051703    545.956    1.38585
     6719.8379416321    549.141    1.39052
     6720.5250483437    543.820    1.38286
     6721.2122253123    543.287    1.38287
     6721.8994725451    547.473    1.38916
     6722.5867900493    550.262    1.39042
     6723.2741778320    550.327    1.39296
     6723.9616359004    547.812    1.38907
     6724.6491642618    549.617    1.38926
     6725.3367629233    540.347    1.37897
     6726.0244318920    531.457    1.36854
     6726.7121711753    541.067    1.37741
     6727.3999807802    548.712    1.38698
     6728.0878607141    549.992    1.38984
     6728.7758109839    552.978    1.39350
     6729.4638315970    549.860    1.38984
     6730.1519225606    550.636    1.42309
     6730.8400838818    549.560    1.39613
     6731.5283155678    547.378    1.39110
     6732.2166176259    550.952    1.39315
     6732.9049900632    548.334    1.39075
     6733.5934328869    548.415    1.38969
     6734.2819461042    551.256    1.39328
     6734.9705297223    550.418    1.39204
     6735.6591837484    551.542    1.39183
     6736.3479081898    549.922    1.39041
     6737.0367030535    546.419    1.38670
     6737.7255683469    542.930    1.38220
     6738.4145040771    537.936    1.37618
     6739.1035102513    545.545    1.38429
     6739.7925868767    546.017    1.38625
     6740.4817339605    550.516    1.38993
     6741.1709515100    549.049    1.38881
     6741.8602395323    534.730    1.37134
     6742.5495980346    526.572    1.36376
     6743.2390270242    537.496    1.37546
     6743.9285265082    539.547    1.37902
     6744.6180964939    540.913    1.37692
     6745.3077369884    539.064    1.37605
     6745.9974479991    544.066    1.38273
     6746.6872295330    547.729    1.38698
     6747.3770815974    544.406    1.38357
     6748.0670041995    548.199    1.38847
     6748.7569973465    536.792    1.37325
     6749.4470610457    526.000    1.36113
     6750.1371953043    531.257    1.36615
     6750.8274001294    544.362    1.38031
     6751.5176755282    539.404    1.37824
     6752.2080215081    536.974    1.37786
     6752.8984380762    541.564    1.38470
     6753.5889252397    545.939    1.38719
     6754.2794830059    543.477    1.38015
     6754.9701113819    546.356    1.38477
     6755.6608103751    548.595    1.38913
     6756.3515799925    556.582    1.39861
     6757.0424202415    552.839    1.39274
     6757.7333311292    555.411    1.39659
     6758.4243126629    554.006    1.39397
     6759.1153648498    553.308    1.39463
     6759.8064876971    555.063    1.39589
     6760.4976812121    554.766    1.39629
     6761.1889454019    555.412    1.39586
     6761.8802802738    556.039    1.39464
     6762.5716858351    551.903    1.39023
     6763.2631620929    547.441    1.38432
     6763.9547090546    545.840    1.38295
     6764.6463267272    546.787    1.38434
     6765.3380151181    545.152    1.38146
     6766.0297742344    542.402    1.37766
     6766.7216040835    526.529    1.36198
     6767.4135046725    525.623    1.35970
     6768.1054760086    533.096    1.36886
     6768.7975180992    543.195    1.37949
     6769.4896309514    546.182    1.38286
     6770.1818145725    544.468    1.38122
     6770.8740689697    543.524    1.38022
     6771.5663941503    538.703    1.37564
     6772.2587901214    544.100    1.38111
     6772.9512568904    547.534    1.38429
     6773.6437944645    555.249    1.39533
     6774.3364028508    554.909    1.39570
     6775.0290820567    559.684    1.40008
     6775.7218320894    553.734    1.39419
     6776.4146529561    552.224    1.39115
     6777.1075446640    549.351    1.38933
     6777.8005072205    554.396    1.39697
     6778.4935406328    549.986    1.39209
     6779.1866449080    552.579    1.39143
     6779.8798200536    551.182    1.38953
     6780.5730660766    551.639    1.38967
     6781.2663829843    554.186    1.39439
     6781.9597707840    547.695    1.38511
     6782.6532294830    537.582    1.37152
     6783.3467590885    533.095    1.36738
     6784.0403596077    536.857    1.37256
     6784.7340310479    542.987    1.38059
     6785.4277734164    545.170    1.38333
     6786.1215867203    546.265    1.38308
     6786.8154709670    549.023    1.38804
     6787.5094261637    554.559    1.39279
     6788.2034523177    548.206    1.38590
     6788.8975494362    546.523    1.38082
     6789.5917175264    549.835    1.38955
     6790.2859565957    558.169    1.39943
     6790.9802666512    556.664    1.39720
     6791.6746477003    554.531    1.39387
     6792.3690997502    548.882    1.38891
     6793.0636228081    548.967    1.38696
     6793.7582168814    551.620    1.39139
     6794.4528819773    557.387    1.39648
     6795.1476181030    550.518    1.38959
     6795.8424252658    546.972    1.38486
     6796.5373034730    551.749    1.38928
     6797.2322527318    545.775    1.38258
     6797.9272730495    543.514    1.37972
     6798.6223644334    548.800    1.38646
     6799.3175268907    556.246    1.39453
     6800.0127604288    556.403    1.39597
     6800.7080650548    558.943    1.39794
     6801.4034407760    556.959    1.39588
     6802.0988875997    554.078    1.39211
     6802.7944055332    551.656    1.38901
     6803.4899945838    549.973    1.38775
     6804.1856547587    553.799    1.39410
     6804.8813860652    553.161    1.39162
     6805.5771885105    548.690    1.38540
     6806.2730621020    542.632    1.37984
     6806.9690068469    545.010    1.38007
     6807.6650227525    550.782    1.38885
     6808.3611098260    559.247    1.39833
     6809.0572680748    549.279    1.38632
     6809.7534975061    543.481    1.38099
     6810.4497981272    550.569    1.38777
     6811.1461699454    553.617    1.39398
     6811.8426129680    554.011    1.39314
     6812.5391272022    558.058    1.39611
     6813.2357126553    558.312    1.39691
     6813.9323693346    549.781    1.38868
     6814.6290972474    544.491    1.37981
     6815.3258964010    544.766    1.38006
     6816.0227668026    551.016    1.38682
     6816.7197084596    554.644    1.39304
     6817.4167213792    557.198    1.39683
     6818.1138055687    554.096    1.41106
     6818.8109610354    546.738    1.38377
     6819.5081877865    546.145    1.38510
     6820.2054858295    550.848    1.38906
     6820.9028551715    557.115    1.39621
     6821.6002958199    559.018    1.39804
     6822.2978077819    555.029    1.39478
     6822.9953910649    556.622    1.39704
     6823.6930456761    555.136    1.39399
     6824.3907716228    554.941    1.39362
     6825.0885689124    559.809    1.39945
     6825.7864375520    555.649    1.39303
     6826.4843775491    555.451    1.39463
     6827.1823889109    549.344    1.38859
     6827.8804716447    539.803    1.37651
     6828.5786257577    548.273    1.38562
     6829.2768512574    554.552    1.39540
     6829.9751481510    558.525    1.39897
     6830.6735164457    556.960    1.39686
     6831.3719561490    551.116    1.39021
     6832.0704672681    554.549    1.39436
     6832.7690498103    555.819    1.39466
     6833.4677037828    560.293    1.40010
     6834.1664291931    558.621    1.40016
     6834.8652260484    558.660    1.39858
     6835.5640943561    553.058    1.39269
     6836.2630341233    549.749    1.38644
     6836.9620453575    552.412    1.38833
     6837.6611280659    553.597    1.39083
     6838.3602822559    548.163    1.38408
     6839.0595079347    539.238    1.37188
     6839.7588051097    538.990    1.37088
     6840.4581737882    528.379    1.35945
     6841.1576139775    529.609    1.35896
     6841.8571256848    531.834    1.36242
     6842.5567089176    532.000    1.36381
     6843.2563636831    537.953    1.37144
     6843.9560899886    547.739    1.38257
     6844.6558878415    553.809    1.39123
     6845.3557572491    554.376    1.39504
     6846.0556982187    553.464    1.39362
     6846.7557107576    557.615    1.44643
     6847.4557948730    554.064    1.41738
     6848.1559505725    554.214    1.38968
     6848.8561778632    553.515    1.39099
     6849.5564767525    553.879    1.39051
     6850.2568472476    551.279    1.38769
     6850.9572893561    554.686    1.39251
     6851.6578030850    558.893    1.39858
     6852.3583884418    558.268    1.39693
     6853.0590454339    553.022    1.39025
     6853.7597740684    542.791    1.37907
     6854.4605743528    528.299    1.36187
     6855.1614462944    533.606    1.36510
     6855.8623899004    542.493    1.37556
     6856.5634051783    543.383    1.37742
     6857.2644921353    540.671    1.37580
     6857.9656507789    546.536    1.38418
     6858.6668811162    550.753    1.38564
     6859.3681831547    549.694    1.38264
     6860.0695569016    541.736    1.37657
     6860.7710023644    528.438    1.36270
     6861.4725195503    530.073    1.36374
     6862.1741084667    540.243    1.37356
     6862.8757691209    549.281    1.38604
     6863.5775015202    560.603    1.40062
     6864.2793056720    551.853    1.38610
     6864.9811815836    548.732    1.38435
     6865.6831292624    546.855    1.38605
     6866.3851487157    550.722    1.44573
     6867.0872399508    543.006    1.60807
     6867.7894029751    538.348    1.76472
     6868.4916377959    541.597    1.69514
     6869.1939444206    542.417    1.63189
     6869.8963228564    535.593    1.58632
     6870.5987731108    537.115    1.57566
     6871.3012951910    527.338    1.54593
     6872.0038891045    529.612    1.54882
     6872.7065548586    536.685    1.54058
     6873.4092924606    545.406    1.54331
     6874.1121019178    534.447    1.52242
     6874.8149832377    546.865    1.52152
     6875.5179364275    540.943    1.50502
     6876.2209614946    553.684    1.51026
     6876.9240584464    545.324    1.49715
     6877.6272272901    556.264    1.48688
     6878.3304680333    553.531    1.47078
     6879.0337806831    552.101    1.46639
     6879.7371652470    539.398    1.46037
     6880.4406217324    537.578    1.45741
     6881.1441501465    528.258    1.36922
     6881.8477504967    522.530    1.35443
     6882.5514227904    520.711    1.36152
     6883.2551670349    537.223    1.40916
     6883.9589832376    551.063    1.42667
     6884.6628714059    545.727    1.42588
     6885.3668315471    532.211    1.48382
     6886.0708636685    540.271    1.46938
     6886.7749677776    556.358    1.47950
     6887.4791438817    559.458    1.45221
     6888.1833919881    558.916    1.50382
     6888.8877121042    545.860    1.51628
     6889.5921042375    551.013    1.49928
     6890.2965683951    552.636    1.45834
     6891.0011045845    558.809    1.43975
     6891.7057128132    553.243    1.46246
     6892.4103930883    553.868    1.50229
     6893.1151454174    548.797    1.48933
     6893.8199698077    546.021    1.44165
     6894.5248662667    552.388    1.42233
     6895.2298348017    545.851    1.43531
     6895.9348754200    550.086    1.48368
     6896.6399881291    552.452    1.50165
     6897.3451729363    560.497    1.46380
     6898.0504298490    548.488    1.40562
     6898.7557588746    552.297    1.41125
     6899.4611600204    540.512    1.44020
     6900.1666332938    550.850    1.48351
     6900.8721787023    545.887    1.46457
     6901.5777962530    546.770    1.42582
     6902.2834859535    553.452    1.40395
     6902.9892478112    558.649    1.42206
     6903.6950818333    553.899    1.45333
     6904.4009880273    556.124    1.47769
     6905.1069664005    541.796    1.44314
     6905.8130169604    544.429    1.40932
     6906.5191397143    549.969    1.39693
     6907.2253346696    553.452    1.40194
     6907.9316018337    564.195    1.44751
     6908.6379412139    557.613    1.46393
     6909.3443528177    556.193    1.44939
     6910.0508366524    552.394    1.41301
     6910.7573927254    546.383    1.38875
     6911.4640210442    551.005    1.38881
     6912.1707216160    550.171    1.40066
     6912.8774944483    547.473    1.41911
     6913.5843395485    537.731    1.42396
     6914.2912569239    546.466    1.41704
     6914.9982465820    547.767    1.39180
     6915.7053085301    534.145    1.36413
     6916.4124427756    541.168    1.37100
     6917.1196493260    543.614    1.38632
     6917.8269281886    548.620    1.40994
     6918.5342793708    546.502    1.41966
     6919.2417028800    553.515    1.41450
     6919.9491987236    554.587    1.39715
     6920.6567669089    559.212    1.39616
     6921.3644074435    557.237    1.39051
     6922.0721203347    559.333    1.39918
     6922.7799055898    546.328    1.40088
     6923.4877632164    535.116    1.39964
     6924.1956932217    529.937    1.41929
     6924.9036956133    535.317    1.39111
     6925.6117703984    540.781    1.37769
     6926.3199175845    556.522    1.39488
     6927.0281371790    559.383    1.39554
     6927.7364291893    561.569    1.40239
     6928.4447936228    564.569    1.42133
     6929.1532304869    561.485    1.42679
     6929.8617397890    564.057    1.42447
     6930.5703215366    563.328    1.41375
     6931.2789757370    565.728    1.40998
     6931.9877023976    553.719    1.39062
     6932.6965015258    550.954    1.39313
     6933.4053731292    556.676    1.40468
     6934.1143172150    561.997    1.41082
     6934.8233337906    554.323    1.39906
     6935.5324228636    556.826    1.39808
     6936.2415844413    561.143    1.39689
     6936.9508185310    559.260    1.39882
     6937.6601251404    558.467    1.40423
     6938.3695042766    555.345    1.39845
     6939.0789559472    555.747    1.40576
     6939.7884801597    559.601    1.41944
     6940.4980769213    565.358    1.42299
     6941.2077462395    566.814    1.42381
     6941.9174881217    567.858    1.42234
     6942.6273025754    567.589    1.41816
     6943.3371896080    558.064    1.40256
     6944.0471492269    541.006    1.37882
     6944.7571814395    541.044    1.37228
     6945.4672862532    550.747    1.37736
     6946.1774636755    563.675   -1.39192
