     5638.4610805046  0.   -1.00000
     5639.0376159040    554.382   -1.85509
     5639.6142102544    556.189    1.86040
     5640.1908635619    562.293    1.86951
     5640.7675758325    558.069    1.86344
     5641.3443470722    546.945    1.84338
     5641.9211772870    550.049    1.86171
     5642.4980664830    553.872    1.85323
     5643.0750146661    553.807    1.85526
     5643.6520218426    550.658    1.84928
     5644.2290880182    543.202    1.83907
     5644.8062131992    547.137    1.85416
     5645.3833973916    569.560    1.91636
     5645.9606406012    611.299    2.09683
     5646.5379428343    651.084    2.91908
     5647.1153040968    531.843    3.83632
     5647.6927243948    460.864    2.86681
     5648.2702037343    567.660    1.86617
     5648.8477421214    555.142    1.85587
     5649.4253395620    554.521    1.86093
     5650.0029960622    562.591    1.86256
     5650.5807116281    562.926    1.87517
     5651.1584862657    572.732    1.88128
     5651.7363199811    571.496    1.88627
     5652.3142127802    575.852    1.88663
     5652.8921646691    574.284    1.88598
     5653.4701756539    576.151    1.89041
     5654.0482457406    571.789    1.88540
     5654.6263749353    569.025    1.88140
     5655.2045632439    561.638    1.86787
     5655.7828106726    564.964    1.87146
     5656.3611172274    562.429    1.86443
     5656.9394829143    558.150    1.86031
     5657.5179077394    545.407    1.83136
     5658.0963917087    515.939    1.79053
     5658.6749348282    500.183    1.76826
     5659.2535371041    505.783    1.77698
     5659.8321985423    529.326    1.81048
     5660.4109191490    555.205    1.84987
     5660.9896989301    561.815    1.86031
     5661.5685378918    548.138    1.84203
     5662.1474360400    530.101    1.81090
     5662.7263933808    527.931    1.80845
     5663.3054099203    535.591    1.82132
     5663.8844856645    554.734    1.85069
     5664.4636206195    570.728    1.90445
     5665.0428147913    578.166    1.90803
     5665.6220681860    583.365    1.89531
     5666.2013808097    583.518    1.89777
     5666.7807526683    584.275    1.89715
     5667.3601837680    576.502    1.88993
     5667.9396741149    568.736    1.87492
     5668.5192237148    569.535    1.87341
     5669.0988325741    568.381    1.87345
     5669.6785006986    574.060    1.88220
     5670.2582280944    569.985    1.87304
     5670.8380147677    555.306    1.85499
     5671.4178607245    555.519    1.85537
     5671.9977659707    562.429    1.86526
     5672.5777305126    575.141    1.87982
     5673.1577543561    583.168    1.90719
     5673.7378375074    584.349    1.92421
     5674.3179799724    580.794    1.89174
     5674.8981817573    576.501    1.88177
     5675.4784428681    580.121    1.89076
     5676.0587633109    576.887    1.88248
     5676.6391430917    587.776    1.90143
     5677.2195822166    594.500    1.91034
     5677.8000806918    593.393    1.91071
     5678.3806385231    590.166    1.90015
     5678.9612557169    582.071    1.89177
     5679.5419322789    581.959    1.89014
     5680.1226682155    582.807    1.88994
     5680.7034635326    579.780    1.88585
     5681.2843182363    575.476    1.87545
     5681.8652323327    565.547    1.86067
     5682.4462058278    553.469    1.84870
     5683.0272387277    548.836    1.83467
     5683.6083310386    556.836    1.85023
     5684.1894827664    574.243    1.87154
     5684.7706939173    585.995    1.89442
     5685.3519644972    591.169    1.90561
     5685.9332945124    579.112    1.88629
     5686.5146839689    567.426    1.86173
     5687.0961328727    554.273    1.84325
     5687.6776412300    538.411    1.82282
     5688.2592090468    541.073    1.82412
     5688.8408363291    542.881    1.82350
     5689.4225230832    560.715    1.85155
     5690.0042693150    581.656    1.88431
     5690.5860750306    584.704    1.89342
     5691.1679402361    594.842    1.93815
     5691.7498649377    593.026    1.91673
     5692.3318491413    593.723    1.90527
     5692.9138928531    597.758    1.90580
     5693.4959960792    596.877    1.90790
     5694.0781588256    594.551    1.90484
     5694.6603810984    588.407    1.89625
     5695.2426629037    592.727    1.89900
     5695.8250042477    592.766    1.89931
     5696.4074051363    592.492    1.89865
     5696.9898655757    592.900    1.90011
     5697.5723855719    578.224    1.87103
     5698.1549651311    562.138    1.85280
     5698.7376042594    562.337    1.85066
     5699.3203029628    566.283    1.85384
     5699.9030612474    572.204    1.85957
     5700.4858791194    573.779    1.86106
     5701.0687565847    562.056    1.85139
     5701.6516936496    553.732    1.83688
     5702.2346903200    553.207    1.83289
     5702.8177466022    559.537    1.84008
     5703.4008625021    568.357    1.85836
     5703.9840380259    572.295    1.86008
     5704.5672731797    581.271    1.87918
     5705.1505679696    585.699    1.88337
     5705.7339224017    580.265    1.87371
     5706.3173364820    570.419    1.85887
     5706.9008102168    561.752    1.84722
     5707.4843436119    562.516    1.84575
     5708.0679366737    558.608    1.83822
     5708.6515894081    544.510    1.81944
     5709.2353018214    538.149    1.80791
     5709.8190739195    531.154    1.79413
     5710.4029057085    530.308    1.79096
     5710.9867971947    540.982    1.80974
     5711.5707483841    534.991    1.79632
     5712.1547592827    540.810    1.81376
     5712.7388298967    567.072    1.84924
     5713.3229602323    584.364    1.87401
     5713.9071502955    592.571    1.88751
     5714.4914000923    587.194    1.88148
     5715.0757096291    585.268    1.87506
     5715.6600789117    590.243    1.88142
     5716.2445079464    591.301    1.88775
     5716.8289967392    594.052    1.88962
     5717.4135452964    591.552    1.88678
     5717.9981536238    593.572    1.88442
     5718.5828217278    600.023    1.89565
     5719.1675496144    605.206    1.90360
     5719.7523372897    612.360    1.91850
     5720.3371847598    614.230    1.91921
     5720.9220920308    607.243    1.91004
     5721.5070591089    607.772    1.90974
     5722.0920860002    615.703    1.91984
     5722.6771727108    616.708    1.91985
     5723.2623192467    606.267    1.90642
     5723.8475256142    608.145    1.90436
     5724.4327918193    610.458    1.91134
     5725.0181178682    602.378    1.89393
     5725.6035037669    603.265    1.89899
     5726.1889495217    584.915    1.86603
     5726.7744551385    567.698    1.84608
     5727.3600206236    564.731    1.83855
     5727.9456459831    576.802    1.85627
     5728.5313312230    596.235    1.88155
     5729.1170763495    609.175    1.90336
     5729.7028813688    617.167    1.91052
     5730.2887462869    598.780    1.98558
     5730.8746711099    579.961    2.04277
     5731.4606558441    584.952    1.86312
     5732.0467004955    591.214    1.87682
     5732.6328050703    600.866    1.88781
     5733.2189695745    608.245    1.89818
     5733.8051940143    611.974    1.91536
     5734.3914783959    613.019    1.90876
     5734.9778227253    615.078    1.90951
     5735.5642270088    614.281    1.90353
     5736.1506912523    606.420    1.89539
     5736.7372154621    604.763    1.89260
     5737.3237996443    605.345    1.89142
     5737.9104438051    605.494    1.89008
     5738.4971479504    611.251    1.89345
     5739.0839120866    611.394    1.89650
     5739.6707362197    604.768    1.88949
     5740.2576203558    606.322    1.88672
     5740.8445645011    612.564    1.89826
     5741.4315686617    613.814    1.90045
     5742.0186328439    614.339    1.89760
     5742.6057570536    606.856    1.88677
     5743.1929412970    606.093    1.88624
     5743.7801855803    607.787    1.89130
     5744.3674899096    609.131    1.89423
     5744.9548542911    618.295    1.89786
     5745.5422787309    619.581    1.90166
     5746.1297632351    617.249    1.90191
     5746.7173078099    621.161    1.90508
     5747.3049124614    616.143    1.89925
     5747.8925771958    609.557    1.88618
     5748.4803020192    612.923    1.89407
     5749.0680869377    612.132    1.88885
     5749.6559319576    619.993    1.90268
     5750.2438370848    622.602    1.90508
     5750.8318023257    622.740    1.90457
     5751.4198276863    620.464    1.89921
     5752.0079131728    609.134    1.88174
     5752.5960587912    591.982    1.85833
     5753.1842645479    590.002    1.84943
     5753.7725304489    591.646    1.85841
     5754.3608565004    598.537    1.86464
     5754.9492427085    612.888    1.88547
     5755.5376890794    610.475    1.87881
     5756.1261956192    625.290    1.90303
     5756.7147623341    626.417    1.90609
     5757.3033892302    625.198    1.90232
     5757.8920763137    626.784    1.90243
     5758.4808235908    626.856    1.90493
     5759.0696310675    624.926    1.90056
     5759.6584987501    622.318    1.89553
     5760.2474266447    617.768    1.88715
     5760.8364147575    613.801    1.87878
     5761.4254630946    611.448    1.87341
     5762.0145716622    592.585    1.85237
     5762.6037404664    582.370    1.83425
     5763.1929695134    589.375    1.84184
     5763.7822588094    603.409    1.86574
     5764.3716083605    625.022    1.89901
     5764.9610181728    631.095    1.90342
     5765.5504882526    624.615    1.89393
     5766.1400186061    623.881    1.89089
     5766.7296092392    620.933    1.88618
     5767.3192601583    626.075    1.89364
     5767.9089713695    632.229    1.90007
     5768.4987428790    627.119    1.89619
     5769.0885746929    627.960    1.89537
     5769.6784668174    630.970    1.89816
     5770.2684192586    629.876    1.89409
     5770.8584320228    627.021    1.89505
     5771.4485051161    625.285    1.88848
     5772.0386385446    626.950    1.89147
     5772.6288323145    622.715    1.88113
     5773.2190864321    621.440    1.88361
     5773.8094009034    620.440    1.87940
     5774.3997757346    612.621    1.87056
     5774.9902109320    612.132    1.86993
     5775.5807065017    619.416    1.87804
     5776.1712624498    622.812    1.88519
     5776.7618787826    628.430    1.88593
     5777.3525555062    623.628    1.88025
     5777.9432926267    617.173    1.87125
     5778.5340901504    623.656    1.87856
     5779.1249480835    621.690    1.87938
     5779.7158664320    615.602    1.86880
     5780.3068452023    605.630    1.85380
     5780.8978844004    598.952    1.84217
     5781.4889840326    591.957    1.83288
     5782.0801441050    596.987    1.83329
     5782.6713646238    593.858    1.83048
     5783.2626455952    595.726    1.83556
     5783.8539870253    599.126    1.83714
     5784.4453889204    587.648    1.82730
     5785.0368512866    587.294    1.82111
     5785.6283741302    587.934    1.82607
     5786.2199574573    598.172    1.83597
     5786.8116012740    611.797    1.85467
     5787.4033055866    614.049    1.85829
     5787.9950704012    618.426    1.86622
     5788.5868957242    618.636    1.86542
     5789.1787815615    619.371    1.86470
     5789.7707279194    614.101    1.85267
     5790.3627348042    597.339    1.83467
     5790.9548022219    597.583    1.83348
     5791.5469301788    602.007    1.84071
     5792.1391186811    619.502    1.85991
     5792.7313677350    633.731    1.87888
     5793.3236773466    631.706    1.88111
     5793.9160475222    638.646    1.88669
     5794.5084782679    636.688    1.88614
     5795.1009695899    635.900    1.88424
     5795.6935214945    635.891    1.88475
     5796.2861339878    634.585    1.90619
     5796.8788070760    629.583    1.89039
     5797.4715407653    621.042    1.86398
     5798.0643350619    626.772    1.86886
     5798.6571899720    627.872    1.86983
     5799.2501055019    631.602    1.87655
     5799.8430816576    641.236    1.88483
     5800.4361184455    640.625    1.88710
     5801.0292158716    641.308    1.88805
     5801.6223739422    642.842    1.88967
     5802.2155926636    642.767    1.88545
     5802.8088720418    638.258    1.87865
     5803.4022120832    631.652    1.86763
     5803.9956127938    630.757    1.87357
     5804.5890741800    631.370    1.87237
     5805.1825962479    632.464    1.87217
     5805.7761790037    634.064    1.87408
     5806.3698224537    635.119    1.87792
     5806.9635266039    635.066    1.87361
     5807.5572914608    634.979    1.86854
     5808.1511170303    630.405    1.86299
     5808.7450033188    628.598    1.86231
     5809.3389503325    632.840    1.86939
     5809.9329580775    640.264    1.87613
     5810.5270265602    640.703    1.87706
     5811.1211557866    644.021    1.87814
     5811.7153457630    649.459    1.88909
     5812.3095964957    641.782    1.87713
     5812.9039079907    645.342    1.88217
     5813.4982802544    639.061    1.87050
     5814.0927132930    638.028    1.87456
     5814.6872071126    642.786    1.87554
     5815.2817617196    634.439    1.86568
     5815.8763771200    633.294    1.86641
     5816.4710533201    638.788    1.87051
     5817.0657903262    638.339    1.87310
     5817.6605881444    649.166    1.88255
     5818.2554467810    652.932    1.89208
     5818.8503662421    653.916    1.91030
     5819.4453465341    656.499    1.95455
     5820.0403876631    645.832    1.87750
     5820.6354896353    651.149    1.88484
     5821.2306524570    652.438    1.88911
     5821.8258761344    648.379    1.88018
     5822.4211606738    644.576    1.87367
     5823.0165060812    646.978    1.88213
     5823.6119123630    647.602    1.87941
     5824.2073795254    646.065    1.87945
     5824.8029075746    653.947    1.88596
     5825.3984965168    653.972    1.88785
     5825.9941463583    653.426    1.88570
     5826.5898571053    653.934    1.88367
     5827.1856287640    647.509    1.87737
     5827.7814613406    645.519    1.87027
     5828.3773548414    645.012    1.87352
     5828.9733092726    645.550    1.87012
     5829.5693246405    649.166    1.87775
     5830.1654009512    654.357    1.88180
     5830.7615382110    654.927    1.88483
     5831.3577364261    653.473    1.88198
     5831.9539956028    650.903    1.87778
     5832.5503157472    651.760    1.87841
     5833.1466968657    651.569    1.87991
     5833.7431389645    653.502    1.88012
     5834.3396420498    649.048    1.87303
     5834.9362061277    643.186    1.86565
     5835.5328312047    646.064    1.86532
     5836.1295172869    646.815    1.86574
     5836.7262643805    646.234    1.86438
     5837.3230724918    641.832    1.85865
     5837.9199416270    646.541    1.86443
     5838.5168717923    653.552    1.87836
     5839.1138629941    649.263    1.86699
     5839.7109152385    654.667    1.87521
     5840.3080285318    659.041    1.87990
     5840.9052028802    656.323    1.87646
     5841.5024382900    660.285    1.88032
     5842.0997347674    661.648    1.88248
     5842.6970923187    657.586    1.87833
     5843.2945109500    654.634    1.87188
     5843.8919906677    647.092    1.86364
     5844.4895314780    645.724    1.85999
     5845.0871333872    647.482    1.86555
     5845.6847964014    651.554    1.86698
     5846.2825205270    655.219    1.87434
     5846.8803057701    648.678    1.86153
     5847.4781521371    651.047    1.86413
     5848.0760596341    652.832    1.86755
     5848.6740282675    655.039    1.86903
     5849.2720580435    653.321    1.86619
     5849.8701489683    656.117    1.87113
     5850.4683010482    653.310    1.86877
     5851.0665142895    652.177    1.86482
     5851.6647886983    644.542    1.85584
     5852.2631242810    640.495    1.84910
     5852.8615210438    635.783    1.84337
     5853.4599789930    635.530    1.84065
     5854.0584981348    642.907    1.84728
     5854.6570784754    644.972    1.85034
     5855.2557200212    644.858    1.85083
     5855.8544227784    618.798    1.81176
     5856.4531867532    583.927    1.76539
     5857.0520119519    554.597    1.71680
     5857.6508983808    559.827    1.72969
     5858.2498460462    585.077    1.76479
     5858.8488549542    627.391    1.82131
     5859.4479251112    639.969    1.83790
     5860.0470565234    642.739    1.85004
     5860.6462491970    655.184    1.85791
     5861.2455031385    646.096    1.85151
     5861.8448183539    643.963    1.84700
     5862.4441948496    639.720    1.84379
     5863.0436326318    638.158    1.84544
     5863.6431317069    650.868    1.86697
     5864.2426920810    655.112    1.85868
     5864.8423137604    650.196    1.85143
     5865.4419967515    628.800    1.82253
     5866.0417410604    613.477    1.80075
     5866.6415466935    611.549    1.79814
     5867.2414136570    617.141    1.80372
     5867.8413419573    641.373    1.83780
     5868.4413316004    654.603    1.85392
     5869.0413825928    659.220    1.86330
     5869.6414949407    663.370    1.87842
     5870.2416686504    658.836    1.87088
     5870.8419037282    661.976    1.86518
     5871.4422001802    661.638    1.86799
     5872.0425580129    661.494    1.86421
     5872.6429772325    655.332    1.85618
     5873.2434578452    647.708    1.84456
     5873.8439998573    653.979    1.85343
     5874.4446032752    652.757    1.85346
     5875.0452681051    653.108    1.84979
     5875.6459943532    652.052    1.84687
     5876.2467820259    655.657    1.85438
     5876.8476311294    653.143    1.85057
     5877.4485416700    643.725    1.83996
     5878.0495136541    646.980    1.84329
     5878.6505470878    643.598    1.83420
     5879.2516419774    631.197    1.81841
     5879.8527983294    625.252    1.80985
     5880.4540161498    626.451    1.81017
     5881.0552954451    633.538    1.81827
     5881.6566362214    641.311    1.82841
     5882.2580384852    639.106    1.82581
     5882.8595022426    623.095    1.80732
     5883.4610275000    613.550    1.79172
     5884.0626142636    604.541    1.78036
     5884.6642625398    593.949    1.76109
     5885.2659723348    592.712    1.75614
     5885.8677436550    571.149    1.72195
     5886.4695765065    543.259    1.68038
     5887.0714708958    504.536    1.74215
     5887.6734268290    432.686    1.60598
     5888.2754443125    353.433    1.47488
     5888.8775233526    274.478    1.31253
     5889.4796639556    218.642    1.16423
     5890.0818661278    222.772    1.17573
     5890.6841298754    274.897    1.37309
     5891.2864552048    350.750    1.53660
     5891.8888421222    417.809    1.54696
     5892.4912906340    450.753    1.52977
     5893.0938007465    462.615    1.54634
     5893.6963724659    449.876    1.52861
     5894.2990057986    394.075    1.45620
     5894.9017007508    311.864    1.57577
     5895.5044573289    261.319    1.17250
     5896.1072755391    274.275    1.41130
     5896.7101553878    332.483    1.76511
     5897.3130968812    433.857    1.64776
     5897.9161000257    506.577    1.68054
     5898.5191648276    535.050    1.68897
     5899.1222912931    563.920    1.70862
     5899.7254794286    584.083    1.74293
     5900.3287292404    608.799    1.77388
     5900.9320407348    625.992    1.79522
     5901.5354139181    630.979    1.80359
     5902.1388487966    634.116    1.80829
     5902.7423453766    630.551    1.80607
     5903.3459036644    634.727    1.80801
     5903.9495236663    639.321    1.81632
     5904.5532053887    643.346    1.81984
     5905.1569488378    646.206    1.82415
     5905.7607540200    646.350    1.82654
     5906.3646209416    650.853    1.82844
     5906.9685496088    660.074    1.83845
     5907.5725400281    658.936    1.88792
     5908.1765922057    662.440    1.86023
     5908.7807061479    656.107    1.83426
     5909.3848818610    654.085    1.83160
     5909.9891193514    655.724    1.83203
     5910.5934186254    657.147    1.83481
     5911.1977796893    662.728    1.83944
     5911.8022025494    661.596    1.83820
     5912.4066872120    657.429    1.83136
     5913.0112336835    645.433    1.81880
     5913.6158419702    637.055    1.80543
     5914.2205120783    633.309    1.79946
     5914.8252440143    637.049    1.80298
     5915.4300377844    643.208    1.81236
     5916.0348933950    647.057    1.81464
     5916.6398108523    650.896    1.82213
     5917.2447901627    651.751    1.82342
     5917.8498313326    647.370    1.81586
     5918.4549343682    646.497    1.81621
     5919.0600992759    649.941    1.82295
     5919.6653260621    652.843    1.82673
     5920.2706147329    662.140    1.83299
     5920.8759652948    651.643    1.82237
     5921.4813777541    640.124    1.81580
     5922.0868521172    643.368    1.82158
     5922.6923883902    648.495    1.81807
     5923.2979865797    661.749    1.83236
     5923.9036466919    666.618    1.83943
     5924.5093687331    670.184    1.84477
     5925.1151527096    668.060    1.84212
     5925.7209986279    666.041    1.83304
     5926.3269064943    669.093    1.84319
     5926.9328763150    666.210    1.83808
     5927.5389080964    667.019    1.83877
     5928.1450018448    667.466    1.83712
     5928.7511575667    663.359    1.83261
     5929.3573752682    650.645    1.81752
     5929.9636549559    644.106    1.80684
     5930.5699966359    650.955    1.81284
     5931.1764003146    662.913    1.82733
     5931.7828659984    672.460    1.83878
     5932.3893936937    672.273    1.84279
     5932.9959834066    673.227    1.84127
     5933.6026351437    663.279    1.85195
     5934.2093489112    649.099    1.86344
     5934.8161247155    651.645    1.81097
     5935.4229625629    663.863    1.82932
     5936.0298624598    673.383    1.84115
     5936.6368244125    666.593    1.83206
     5937.2438484274    664.330    1.82973
     5937.8509345107    665.566    1.82739
     5938.4580826689    671.288    1.84010
     5939.0652929083    678.172    1.84715
     5939.6725652352    672.460    1.84490
     5940.2798996561    665.872    1.84351
     5940.8872961771    647.717    1.81261
     5941.4947548048    646.221    1.80031
     5942.1022755454    647.063    1.80161
     5942.7098584053    656.413    1.81505
     5943.3175033908    671.314    1.83078
     5943.9252105084    667.113    1.83032
     5944.5329797643    673.996    1.83193
     5945.1408111648    675.965    1.83823
     5945.7487047165    682.573    1.84494
     5946.3566604256    683.700    1.85161
     5946.9646782984    671.810    1.83031
     5947.5727583413    666.236    1.82443
     5948.1809005608    659.549    1.81743
     5948.7891049630    663.377    1.82101
     5949.3973715545    665.192    1.82271
     5950.0057003415    671.136    1.82956
     5950.6140913305    678.182    1.83790
     5951.2225445277    672.672    1.83015
     5951.8310599395    661.002    1.81361
     5952.4396375724    643.654    1.79441
     5953.0482774326    646.605    1.79635
     5953.6569795265    663.522    1.81490
     5954.2657438606    673.517    1.83046
     5954.8745704410    682.718    1.83680
     5955.4834592743    674.136    1.82979
     5956.0924103668    661.892    1.81311
     5956.7014237248    659.602    1.80854
     5957.3104993547    663.700    1.81474
     5957.9196372629    675.598    1.83121
     5958.5288374558    674.832    1.83199
     5959.1380999397    673.785    1.82484
     5959.7474247209    679.820    1.83354
     5960.3568118059    683.628    1.83865
     5960.9662612011    685.243    1.83754
     5961.5757729127    689.745    1.84594
     5962.1853469472    687.796    1.84566
     5962.7949833110    687.854    1.84351
     5963.4046820104    682.714    1.83625
     5964.0144430517    683.270    1.83501
     5964.6242664414    675.649    1.82654
     5965.2341521859    663.273    1.81504
     5965.8441002915    662.062    1.80970
     5966.4541107646    665.165    1.81458
     5967.0641836115    679.482    1.82962
     5967.6743188387    685.143    1.83895
     5968.2845164525    684.513    1.83878
     5968.8947764593    688.342    1.84174
     5969.5050988655    687.473    1.83945
     5970.1154836775    683.271    1.83157
     5970.7259309016    681.995    1.83135
     5971.3364405442    682.847    1.83482
     5971.9470126118    685.116    1.83606
     5972.5576471106    688.156    1.83882
     5973.1683440471    691.738    1.84261
     5973.7791034277    689.045    1.83884
     5974.3899252587    683.693    1.83299
     5975.0008095466    679.100    1.82367
     5975.6117562976    666.816    1.80996
     5976.2227655183    662.756    1.80725
     5976.8338372150    661.734    1.84965
     5977.4449713940    652.033    1.83695
     5978.0561680618    653.526    1.79115
     5978.6674272248    659.708    1.80154
     5979.2787488893    670.814    1.81571
     5979.8901330617    682.347    1.82749
     5980.5015797485    685.242    1.83123
     5981.1130889560    687.881    1.83266
     5981.7246606906    686.197    1.83146
     5982.3362949588    681.719    1.82319
     5982.9479917668    673.115    1.81236
     5983.5597511211    662.586    1.79999
     5984.1715730281    652.454    1.78385
     5984.7834574943    660.020    1.79433
     5985.3954045259    665.432    1.80267
     5986.0074141293    676.101    1.81559
     5986.6194863111    675.129    1.81321
     5987.2316210775    673.060    1.81120
     5987.8438184351    673.388    1.80863
     5988.4560783901    680.273    1.81760
     5989.0684009489    683.408    1.82278
     5989.6807861181    682.660    1.82464
     5990.2932339039    687.434    1.82850
     5990.9057443129    689.395    1.83130
     5991.5183173513    689.218    1.83283
     5992.1309530256    690.724    1.83333
     5992.7436513422    694.429    1.84001
     5993.3564123075    697.135    1.83917
     5993.9692359279    699.823    1.84563
     5994.5821222098    690.247    1.83213
     5995.1950711597    690.127    1.83176
     5995.8080827838    688.619    1.83031
     5996.4211570888    687.167    1.82853
     5997.0342940808    684.521    1.82287
     5997.6474937664    683.680    1.82163
     5998.2607561520    679.366    1.81425
     5998.8740812440    679.439    1.81764
     5999.4874690488    682.821    1.82133
     6000.1009195727    684.567    1.82237
     6000.7144328223    690.387    1.82964
     6001.3280088039    690.238    1.82814
     6001.9416475239    676.324    1.81359
     6002.5553489888    667.702    1.80056
     6003.1691132050    667.106    1.82552
     6003.7829401789    681.676    1.84923
     6004.3968299169    696.112    1.83154
     6005.0107824254    695.215    1.83219
     6005.6247977108    691.993    1.82853
     6006.2388757796    685.246    1.82237
     6006.8530166382    675.531    1.80713
     6007.4672202930    658.218    1.78503
     6008.0814867505    657.428    1.78221
     6008.6958160169    664.868    1.79616
     6009.3102080989    675.747    1.80686
     6009.9246630027    693.642    1.82714
     6010.5391807348    702.495    1.84225
     6011.1537613017    697.357    1.83549
     6011.7684047097    690.969    1.82459
     6012.3831109654    669.235    1.79866
     6012.9978800750    669.126    1.79638
     6013.6127120451    670.210    1.79345
     6014.2276068820    676.484    1.80533
     6014.8425645923    693.909    1.81902
     6015.4575851823    679.689    1.80857
     6016.0726686584    667.633    1.79305
     6016.6878150271    667.125    1.79189
     6017.3030242949    675.130    1.80298
     6017.9182964680    689.880    1.82173
     6018.5336315531    694.886    1.82603
     6019.1490295565    678.615    1.80772
     6019.7644904846    666.108    1.78646
     6020.3800143439    660.744    1.78240
     6020.9956011408    648.967    1.76674
     6021.6112508818    662.422    1.77986
     6022.2269635733    668.543    1.78925
     6022.8427392216    676.954    1.80208
     6023.4585778334    672.345    1.79471
     6024.0744794149    671.968    1.79521
     6024.6904439727    680.024    1.80688
     6025.3064715132    694.968    1.82400
     6025.9225620427    695.681    1.82355
     6026.5387155679    693.969    1.82578
     6027.1549320950    694.363    1.82259
     6027.7712116306    698.735    1.82744
     6028.3875541810    706.169    1.83362
     6029.0039597528    703.468    1.83409
     6029.6204283523    706.349    1.83360
     6030.2369599861    702.587    1.83041
     6030.8535546605    702.721    1.82798
     6031.4702123821    705.312    1.83047
     6032.0869331571    706.218    1.83220
     6032.7037169922    709.485    1.83559
     6033.3205638938    708.286    1.83338
     6033.9374738682    709.243    1.83528
     6034.5544469220    707.984    1.83403
     6035.1714830616    712.394    1.83998
     6035.7885822934    708.060    1.83620
     6036.4057446239    707.882    1.83577
     6037.0229700596    706.295    1.83002
     6037.6402586068    707.580    1.83023
     6038.2576102722    703.026    1.82640
     6038.8750250620    693.804    1.81593
     6039.4925029828    687.110    1.80652
     6040.1100440410    687.717    1.80668
     6040.7276482431    695.115    1.81220
     6041.3453155955    694.896    1.81361
     6041.9630461047    701.450    1.82112
     6042.5808397772    709.100    1.83273
     6043.1986966194    716.167    1.84242
     6043.8166166377    715.322    1.84133
     6044.4345998386    714.577    1.83946
     6045.0526462287    717.902    1.84109
     6045.6707558142    714.670    1.84046
     6046.2889286018    718.264    1.84406
     6046.9071645979    715.785    1.84500
     6047.5254638089    716.595    1.83745
     6048.1438262413    714.773    1.83647
     6048.7622519015    711.424    1.83617
     6049.3807407961    713.932    1.85850
     6049.9992929315    710.483    1.82900
     6050.6179083141    717.140    1.83452
     6051.2365869504    714.985    1.83534
     6051.8553288470    712.150    1.82891
     6052.4741340102    713.938    1.84122
     6053.0930024465    712.672    1.83112
     6053.7119341624    705.458    1.82224
     6054.3309291644    706.561    1.82076
     6054.9499874590    700.667    1.81161
     6055.5691090525    693.736    1.80575
     6056.1882939516    695.397    1.80717
     6056.8075421626    699.292    1.81063
     6057.4268536920    705.206    1.81661
     6058.0462285463    707.160    1.81813
     6058.6656667320    707.474    1.82045
     6059.2851682556    714.098    1.82551
     6059.9047331235    716.208    1.82919
     6060.5243613422    716.965    1.83015
     6061.1440529183    715.905    1.82705
     6061.7638078580    708.449    1.82150
     6062.3836261680    708.474    1.81864
     6063.0035078548    705.468    1.81522
     6063.6234529247    690.718    1.79526
     6064.2434613844    667.307    1.76539
     6064.8635332402    648.912    1.74207
     6065.4836684986    656.212    1.75015
     6066.1038671662    685.944    1.78885
     6066.7241292494    711.424    1.81757
     6067.3444547547    716.354    1.82457
     6067.9648436886    716.424    1.82485
     6068.5852960576    721.124    1.83238
     6069.2058118681    718.966    2.02277
     6069.8263911267    725.680    1.86789
     6070.4470338398    723.986    1.84338
     6071.0677400139    725.829    1.83951
     6071.6885096555    722.907    1.83430
     6072.3093427711    721.686    1.83388
     6072.9302393672    722.052    1.83356
     6073.5511994503    720.452    1.83060
     6074.1722230269    719.596    1.82753
     6074.7933101034    718.965    1.82653
     6075.4144606864    720.810    1.82754
     6076.0356747824    721.646    1.82791
     6076.6569523977    720.536    1.82507
     6077.2782935391    710.690    1.81548
     6077.8996982128    700.507    1.80256
     6078.5211664255    699.636    1.79983
     6079.1426981836    705.432    1.80544
     6079.7642934937    707.561    1.80854
     6080.3859523621    704.565    1.80504
     6081.0076747955    696.855    1.79745
     6081.6294608003    691.327    1.78968
     6082.2513103831    696.055    1.79365
     6082.8732235502    709.236    1.80920
     6083.4952003083    714.398    1.81809
     6084.1172406638    703.609    1.80497
     6084.7393446233    692.440    1.78360
     6085.3615121931    694.904    1.79288
     6085.9837433800    712.544    1.81478
     6086.6060381902    714.327    1.81219
     6087.2283966304    716.506    1.81463
     6087.8508187071    719.373    1.81721
     6088.4733044267    710.460    1.80673
     6089.0958537958    692.860    1.78690
     6089.7184668208    680.575    1.76981
     6090.3411435084    675.175    1.76568
     6090.9638838649    685.369    1.77654
     6091.5866878970    699.619    1.79051
     6092.2095556111    705.611    1.79941
     6092.8324870137    711.496    1.80598
     6093.4554821113    714.472    1.81145
     6094.0785409105    716.227    1.81389
     6094.7016634177    719.930    1.81901
     6095.3248496396    725.103    1.82482
     6095.9480995825    719.393    1.81844
     6096.5714132531    715.105    1.81138
     6097.1947906577    715.795    1.81214
     6097.8182318030    716.559    1.81151
     6098.4417366955    717.642    1.81071
     6099.0653053417    716.684    1.81148
     6099.6889377480    716.815    1.81307
     6100.3126339211    710.760    1.80415
     6100.9363938674    681.768    1.80972
     6101.5602175935    609.336    1.70995
     6102.1841051058    564.551    1.60812
     6102.8080564110    572.317    1.68542
     6103.4320715155    629.877    1.73802
     6104.0561504258    694.017    1.78396
     6104.6802931485    725.066    1.81842
     6105.3044996901    725.480    1.81922
     6105.9287700571    725.361    1.81867
     6106.5531042561    719.133    1.80987
     6107.1775022936    705.780    1.79706
     6107.8019641760    704.000    1.79487
     6108.4264899100    711.503    1.80272
     6109.0510795021    718.298    1.81172
     6109.6757329587    724.508    1.81650
     6110.3004502865    717.576    1.80954
     6110.9252314919    703.863    1.79626
     6111.5500765815    701.908    1.79219
     6112.1749855618    710.052    1.80017
     6112.7999584393    723.553    1.81570
     6113.4249952207    735.040    1.82980
     6114.0500959123    732.102    1.82718
     6114.6752605208    724.964    1.81647
     6115.3004890528    723.102    1.81620
     6115.9257815146    720.452    1.81193
     6116.5511379128    715.298    1.80638
     6117.1765582541    718.248    1.80720
     6117.8020425449    719.380    1.80968
     6118.4275907918    704.962    1.79224
     6119.0532030013    696.537    1.78511
     6119.6788791800    683.802    1.76826
     6120.3046193343    652.573    1.77034
     6120.9304234709    569.745    1.92131
     6121.5562915963    519.894    1.64191
     6122.1822237170    511.042    1.53348
     6122.8082198395    569.862    1.84092
     6123.4342799705    660.167    1.75473
     6124.0604041164    706.474    1.78869
     6124.6865922838    711.736    1.79873
     6125.3128444793    705.570    1.79443
     6125.9391607093    700.200    1.78384
     6126.5655409805    696.848    1.78061
     6127.1919852994    706.577    1.79137
     6127.8184936725    713.898    1.80155
     6128.4450661064    721.671    1.81155
     6129.0717026076    727.167    1.81883
     6129.6984031828    729.963    1.82055
     6130.3251678383    733.144    1.82126
     6130.9519965809    731.821    1.82209
     6131.5788894170    732.297    1.82291
     6132.2058463532    734.518    1.82258
     6132.8328673961    731.247    1.81890
     6133.4599525522    726.400    1.81202
     6134.0871018280    713.777    1.79807
     6134.7143152301    694.481    1.77153
     6135.3415927652    661.829    1.73109
     6135.9689344396    621.815    1.68285
     6136.5963402601    595.620    1.65132
     6137.2238102331    601.669    1.65637
     6137.8513443652    648.976    1.71332
     6138.4789426630    696.112    1.77284
     6139.1066051330    729.771    1.81522
     6139.7343317818    727.191    1.81394
     6140.3621226160    712.322    1.79302
     6140.9899776421    698.458    1.77805
     6141.6178968667    696.949    1.77453
     6142.2458802963    704.638    1.78537
     6142.8739279375    719.479    1.80446
     6143.5020397969    718.394    1.79853
     6144.1302158811    725.566    1.81050
     6144.7584561966    725.038    1.83846
     6145.3867607499    726.126    1.81487
     6146.0151295477    731.232    1.81594
     6146.6435625965    731.845    1.81760
     6147.2720599029    732.262    1.84280
     6147.9006214735    727.471    1.81715
     6148.5292473148    720.335    1.80073
     6149.1579374333    713.938    1.79326
     6149.7866918358    706.322    1.78016
     6150.4155105287    703.220    1.77943
     6151.0443935186    718.216    1.79532
     6151.6733408121    726.160    1.80592
     6152.3023524158    732.026    1.81238
     6152.9314283362    731.219    1.81093
     6153.5605685799    724.872    1.80696
     6154.1897731536    722.955    1.80202
     6154.8190420637    718.323    1.79988
     6155.4483753169    727.001    1.80728
     6156.0777729197    727.315    1.80829
     6156.7072348787    720.651    1.80042
     6157.3367612005    719.743    1.79682
     6157.9663518916    716.622    1.79399
     6158.5960069588    716.963    1.78895
     6159.2257264085    701.512    1.77868
     6159.8555102473    659.675    1.90172
     6160.4853584817    576.181    2.11358
     6161.1152711185    473.557    1.63653
     6161.7452481642    440.880    1.46089
     6162.3752896253    461.778    1.68825
     6163.0053955085    533.355    1.82709
     6163.6355658203    622.468    1.66770
     6164.2658005673    662.051    1.71963
     6164.8960997562    688.615    1.75458
     6165.5264633934    676.854    1.74047
     6166.1568914856    680.826    1.74710
     6166.7873840394    686.969    1.75392
     6167.4179410614    688.691    1.75482
     6168.0485625581    645.480    1.82455
     6168.6792485362    587.469    1.63545
     6169.3099990023    574.636    1.60886
     6169.9408139629    611.112    1.88157
     6170.5716934246    675.972    1.77113
     6171.2026373941    714.645    1.78178
     6171.8336458779    720.982    1.78877
     6172.4647188826    711.217    1.77926
     6173.0958564148    716.516    1.78691
     6173.7270584812    721.415    1.79208
     6174.3583250883    730.698    1.80262
     6174.9896562427    734.375    1.80427
     6175.6210519510    729.978    1.80184
     6176.2525122198    728.842    1.79856
     6176.8840370558    730.007    1.80013
     6177.5156264655    733.199    1.80383
     6178.1472804555    740.975    1.81027
     6178.7789990324    736.540    1.80596
     6179.4107822029    725.186    1.79755
     6180.0426299735    730.507    1.80024
     6180.6745423508    732.301    1.80397
     6181.3065193415    735.612    1.80685
     6181.9385609522    740.556    1.81081
     6182.5706671894    739.354    1.81191
     6183.2028380598    744.837    1.81595
     6183.8350735700    748.649    1.81901
     6184.4673737265    745.012    1.81543
     6185.0997385361    741.658    1.81092
     6185.7321680052    735.777    1.80595
     6186.3646621406    732.472    1.79855
     6186.9972209489    732.058    1.79970
     6187.6298444365    732.348    1.79893
     6188.2625326103    727.711    1.79301
     6188.8952854767    724.771    1.79194
     6189.5281030424    718.878    1.80084
     6190.1609853140    680.468    1.73263
     6190.7939322981    651.758    1.69557
     6191.4269440014    652.819    1.69928
     6192.0600204304    679.576    1.73178
     6192.6931615918    722.793    1.78392
     6193.3263674922    739.831    1.80653
     6193.9596381382    742.154    1.84802
     6194.5929735364    742.335    1.80888
     6195.2263736935    743.414    1.83014
     6195.8598386160    749.737    1.81968
     6196.4933683107    742.480    1.80507
     6197.1269627841    745.378    1.85434
     6197.7606220428    725.328    1.78647
     6198.3943460935    706.399    1.76167
     6199.0281349428    690.274    1.74190
     6199.6619885973    695.393    1.75365
     6200.2959070636    713.825    1.77935
     6200.9298903485    730.010    1.79360
     6201.5639384584    748.017    1.81153
     6202.1980514000    751.152    1.81278
     6202.8322291801    750.206    1.81105
     6203.4664718051    746.781    1.81015
     6204.1007792817    748.824    1.81335
     6204.7351516165    745.831    1.80821
     6205.3695888163    744.548    1.80662
     6206.0040908875    753.518    1.81285
     6206.6386578370    748.788    1.81103
     6207.2732896711    747.582    1.80815
     6207.9079863967    749.020    1.81162
     6208.5427480204    753.168    1.82662
     6209.1775745487    740.448    1.80710
     6209.8124659884    722.554    1.77954
     6210.4474223460    721.789    1.77478
     6211.0824436282    725.087    1.78075
     6211.7175298417    732.578    1.78405
     6212.3526809930    714.632    1.76813
     6212.9878970889    696.837    1.74725
     6213.6231781359    688.243    1.73668
     6214.2585241407    690.106    1.73646
     6214.8939351099    694.605    1.73795
     6215.5294110502    683.104    1.73188
     6216.1649519683    693.058    1.74024
     6216.8005578707    711.145    1.76083
     6217.4362287641    725.046    1.77391
     6218.0719646552    718.588    1.76658
     6218.7077655506    700.899    1.76388
     6219.3436314570    690.577    1.76766
     6219.9795623809    691.658    1.73712
     6220.6155583291    711.420    1.75805
     6221.2516193082    720.906    1.77335
     6221.8877453248    732.606    1.78324
     6222.5239363857    736.839    1.78964
     6223.1601924973    730.821    1.78394
     6223.7965136665    727.132    1.78163
     6224.4328998999    721.193    1.77278
     6225.0693512040    732.161    1.78221
     6225.7058675856    738.905    1.79362
     6226.3424490513    737.049    1.78990
     6226.9790956077    736.542    1.78978
     6227.6158072616    730.115    1.78035
     6228.2525840196    724.783    1.77106
     6228.8894258883    712.880    1.75816
     6229.5263328744    670.146    1.71083
     6230.1633049845    648.793    1.68029
     6230.8003422254    652.521    1.68414
     6231.4374446036    670.813    1.70489
     6232.0746121258    696.008    1.74019
     6232.7118447988    707.367    1.75437
     6233.3491426290    716.860    1.76449
     6233.9865056234    740.770    1.79059
     6234.6239337883    752.802    1.80508
     6235.2614271307    750.492    1.80129
     6235.8989856570    747.519    1.79445
     6236.5366093740    748.015    1.79720
     6237.1742982883    747.830    1.79822
     6237.8120524067    739.418    1.78679
     6238.4498717357    724.400    1.76732
     6239.0877562820    706.021    1.74585
     6239.7257060524    702.778    1.74461
     6240.3637210534    705.402    1.74791
     6241.0018012918    721.124    1.76423
     6241.6399467742    706.126    1.78187
     6242.2781575072    680.621    1.72935
     6242.9164334977    676.300    1.71188
     6243.5547747521    696.316    1.73843
     6244.1931812773    727.623    1.78438
     6244.8316530799    718.626    1.76540
     6245.4701901665    700.415    1.74224
     6246.1087925438    695.279    1.73578
     6246.7474602186    711.653    1.75254
     6247.3861931974    733.569    1.77509
     6248.0249914870    742.282    1.78533
     6248.6638550940    740.511    1.78672
     6249.3027840251    743.510    1.78892
     6249.9417782870    738.860    1.78040
     6250.5808378864    721.303    1.78808
     6251.2199628300    689.357    1.76919
     6251.8591531244    664.791    1.71463
     6252.4984087763    666.926    1.69479
     6253.1377297924    679.681    1.71093
     6253.7771161794    698.392    1.73112
     6254.4165679440    709.999    1.74334
     6255.0560850929    709.727    1.74640
     6255.6956676326    705.134    1.73889
     6256.3353155700    687.853    1.71603
     6256.9750289117    660.049    1.68315
     6257.6148076645    632.178    1.65022
     6258.2546518349    623.807    1.64417
     6258.8945614296    654.334    1.69838
     6259.5345364555    685.347    1.73523
     6260.1745769191    691.453    1.72061
     6260.8146828272    688.822    1.73005
     6261.4548541864    703.210    1.75071
     6262.0950910034    733.347    1.76878
     6262.7353932850    750.106    1.78745
     6263.3757610378    745.125    1.78566
     6264.0161942685    731.637    1.76969
     6264.6566929838    716.512    1.75154
     6265.2972571904    709.445    1.74435
     6265.9378868950    725.409    1.76021
     6266.5785821044    744.053    1.77929
     6267.2193428251    745.663    1.80159
     6267.8601690639    736.187    1.80598
     6268.5010608275    728.350    1.76041
     6269.1420181226    730.132    1.76330
     6269.7830409559    735.600    1.76969
     6270.4241293341    738.928    1.77545
     6271.0652832639    746.170    1.78369
     6271.7065027520    754.855    1.78899
     6272.3477878051    756.422    1.79418
     6272.9891384300    751.798    1.78919
     6273.6305546332    739.922    1.77728
     6274.2720364216    731.408    1.76737
     6274.9135838017    732.523    1.76719
     6275.5551967805    742.496    1.77567
     6276.1968753644    750.757    1.78332
     6276.8386195603    750.284    1.78477
     6277.4804293749    743.945    1.78029
     6278.1223048148    730.940    1.76553
     6278.7642458868    712.936    1.73946
     6279.4062525976    692.161    1.73061
     6280.0483249539    688.929    1.77274
     6280.6904629624    696.107    1.72373
     6281.3326666298    716.602    1.74582
     6281.9749359629    728.683    1.75982
     6282.6172709683    736.349    1.77077
     6283.2596716528    745.013    1.77947
     6283.9021380231    736.190    1.76960
     6284.5446700859    725.307    1.75665
     6285.1872678479    730.320    1.76219
     6285.8299313158    741.304    1.77420
     6286.4726604964    756.451    1.78915
     6287.1154553963    767.316    1.80372
     6287.7583160224    772.472    1.80874
     6288.4012423812    768.504    1.80620
     6289.0442344796    764.065    1.80087
     6289.6872923243    758.059    1.79234
     6290.3304159219    751.314    1.78269
     6290.9736052792    745.958    1.77826
     6291.6168604030    731.265    1.76053
     6292.2601812999    727.985    1.75507
     6292.9035679767    728.863    1.75727
     6293.5470204400    732.757    1.76241
     6294.1905386968    744.415    1.77480
     6294.8341227535    743.753    1.77427
     6295.4777726171    729.405    1.75833
     6296.1214882941    712.726    1.73893
     6296.7652697915    701.297    1.72406
     6297.4091171157    711.718    1.73485
     6298.0530302737    736.652    1.76535
     6298.6970092721    747.168    1.77698
     6299.3410541177    750.599    1.78021
     6299.9851648172    734.149    1.76517
     6300.6293413773    698.584    1.77828
     6301.2735838048    686.475    1.71756
     6301.9178921064    692.823    1.72617
     6302.5622662888    712.770    1.74665
     6303.2067063588    732.582    1.76385
     6303.8512123231    734.940    1.76063
     6304.4957841885    726.365    1.75197
     6305.1404219617    726.667    1.75192
     6305.7851256493    734.976    1.76185
     6306.4298952583    747.060    1.77436
     6307.0747307952    765.344    1.79684
     6307.7196322669    767.400    1.79878
     6308.3645996801    766.067    1.79950
     6309.0096330416    765.613    1.79478
     6309.6547323580    768.517    1.80058
     6310.2998976361    758.174    1.78813
     6310.9451288827    741.504    1.76517
     6311.5904261045    738.352    1.76454
     6312.2357893082    750.849    1.77862
     6312.8812185007    756.172    1.78423
     6313.5267136886    755.138    1.78244
     6314.1722748787    740.388    1.76494
     6314.8179020778    733.581    1.75682
     6315.4635952925    740.590    1.76106
     6316.1093545297    747.964    1.77360
     6316.7551797961    733.279    1.75609
     6317.4010710984    712.018    1.72697
     6318.0470284435    706.015    1.72248
     6318.6930518380    723.992    1.75580
     6319.3391412887    751.472    1.78937
     6319.9852968023    766.153    1.79557
     6320.6315183857    766.881    1.79294
     6321.2778060456    756.226    1.78091
     6321.9241597887    747.165    1.77049
     6322.5705796217    754.305    1.79568
     6323.2170655516    761.005    1.78716
     6323.8636175849    764.369    1.78886
     6324.5102357284    765.850    1.78936
     6325.1569199890    762.327    1.78593
     6325.8036703734    762.986    1.78949
     6326.4504868883    759.992    1.78598
     6327.0973695406    762.378    1.79319
     6327.7443183369    764.812    1.79230
     6328.3913332840    766.792    1.79241
     6329.0384143887    760.795    1.78624
     6329.6855616578    753.595    1.77684
     6330.3327750980    755.122    1.77870
     6330.9800547161    770.251    1.79307
     6331.6274005188    780.821    1.80481
     6332.2748125130    788.863    1.81623
     6332.9222907054    787.697    1.81744
     6333.5698351027    773.312    1.79944
     6334.2174457118    745.281    1.76619
     6334.8651225393    722.380    1.73833
     6335.5128655922    702.809    1.71345
     6336.1606748770    708.143    1.72098
     6336.8085504007    725.061    1.73913
     6337.4564921700    745.136    1.75645
     6338.1045001916    756.544    1.76714
     6338.7525744724    762.836    1.77621
     6339.4007150191    768.482    1.78219
     6340.0489218385    775.916    1.79344
     6340.6971949373    778.640    1.79430
     6341.3455343224    773.704    1.84681
     6341.9939400005    772.363    1.78936
     6342.6424119784    757.915    1.77328
     6343.2909502629    748.957    1.76239
     6343.9395548607    749.618    1.76283
     6344.5882257787    758.618    1.77333
     6345.2369630236    771.138    1.78834
     6345.8857666022    783.899    1.80387
     6346.5346365212    785.897    1.80397
     6347.1835727876    788.521    1.81130
     6347.8325754080    786.608    1.80703
     6348.4816443892    786.099    1.80939
     6349.1307797380    783.267    1.80545
     6349.7799814613    778.420    1.79616
     6350.4292495657    788.281    1.81173
     6351.0785840582    795.932    1.82419
     6351.7279849453    795.580    1.82159
     6352.3774522341    787.497    1.81040
     6353.0269859312    787.855    1.82624
     6353.6765860434    770.051    1.78998
     6354.3262525776    764.525    1.78400
     6354.9759855405    771.219    1.79436
     6355.6257849389    774.563    1.79355
     6356.2756507796    785.033    1.80628
     6356.9255830694    778.782    1.80012
     6357.5755818151    758.207    1.77809
     6358.2256470235    749.498    1.76561
     6358.8757787013    750.786    1.76841
     6359.5259768555    757.643    1.77221
     6360.1762414927    762.826    1.77742
     6360.8265726198    767.387    1.78591
     6361.4769702436    757.340    1.77563
     6362.1274343709    750.469    1.76631
     6362.7779650084    748.919    1.76307
     6363.4285621630    757.845    1.77444
     6364.0792258415    771.202    1.78925
     6364.7299560506    775.945    1.79609
     6365.3807527973    768.885    1.78884
     6366.0316160882    772.112    1.79240
     6366.6825459302    774.883    1.79646
     6367.3335423302    785.816    1.80457
     6367.9846052948    787.477    1.80790
     6368.6357348309    792.813    1.81412
     6369.2869309453    790.339    1.81172
     6369.9381936449    787.741    1.80864
     6370.5895229364    790.568    1.81098
     6371.2409188266    792.673    1.81201
     6371.8923813223    794.463    1.81355
     6372.5439104305    796.443    1.81610
     6373.1955061578    792.067    1.81195
     6373.8471685111    793.271    1.81284
     6374.4988974971    791.251    1.81259
     6375.1506931228    790.180    1.80947
     6375.8025553949    789.750    1.80846
     6376.4544843202    789.868    1.80740
     6377.1064799056    786.202    1.80449
     6377.7585421579    785.907    1.80429
     6378.4106710838    779.178    1.79709
     6379.0628666903    771.754    1.78685
     6379.7151289840    766.233    1.77999
     6380.3674579719    760.570    1.77498
     6381.0198536608    759.236    1.77300
     6381.6723160574    764.791    1.78187
     6382.3248451686    782.203    1.79879
     6382.9774410013    793.067    1.80674
     6383.6301035622    787.397    1.80333
     6384.2828328581    790.191    1.80366
     6384.9356288960    783.196    1.79975
     6385.5884916825    781.117    1.79673
     6386.2414212246    782.193    1.79727
     6386.8944175291    780.841    1.79441
     6387.5474806028    772.554    1.78666
     6388.2006104524    774.481    1.78711
     6388.8538070850    778.515    1.79180
     6389.5070705072    783.087    1.79730
     6390.1604007259    794.226    1.80509
     6390.8137977479    789.592    1.80367
     6391.4672615801    782.617    1.79153
     6392.1207922293    753.379    1.76286
     6392.7743897023    724.271    1.73311
     6393.4280540060    711.942    1.73579
     6394.0817851472    743.772    1.76132
     6394.7355831327    779.182    1.78706
     6395.3894479693    793.488    1.80619
     6396.0433796640    799.028    1.81212
     6396.6973782235    795.698    1.81071
     6397.3514436547    796.739    1.81013
     6398.0055759644    782.834    1.83440
     6398.6597751594    738.336    1.76276
     6399.3140412466    700.622    1.70358
     6399.9683742329    694.807    1.69605
     6400.6227741250    728.836    1.73495
     6401.2772409298    776.942    1.78500
     6401.9317746542    798.660    1.80992
     6402.5863753050    801.295    1.81454
     6403.2410428890    808.163    1.82129
     6403.8957774131    804.859    1.81809
     6404.5505788841    801.924    1.81561
     6405.2054473088    799.345    1.81203
     6405.8603826942    800.485    1.81092
     6406.5153850471    783.339    1.79311
     6407.1704543743    768.840    1.77859
     6407.8255906826    767.201    1.77476
     6408.4807939789    779.296    1.78818
     6409.1360642701    799.344    1.80811
     6409.7914015630    794.633    1.80195
     6410.4468058645    759.795    1.76355
     6411.1022771813    744.482    1.74833
     6411.7578155205    744.450    1.74568
     6412.4134208887    766.889    1.77240
     6413.0690932929    791.271    1.79853
     6413.7248327400    797.874    1.80702
     6414.3806392367    802.026    1.81094
     6415.0365127899    808.882    1.81942
     6415.6924534066    806.318    1.81545
     6416.3484610935    799.231    1.80651
     6417.0045358575    801.198    1.80758
     6417.6606777054    802.790    1.81228
     6418.3168866442    798.379    1.80699
     6418.9731626807    790.179    1.79786
     6419.6295058217    768.436    1.77221
     6420.2859160741    750.067    1.75414
     6420.9423934448    748.514    1.75012
     6421.5989379406    770.449    1.77263
     6422.2555495685    797.468    1.80481
     6422.9122283351    811.453    1.81855
     6423.5689742476    812.447    1.82361
     6424.2257873125    815.106    1.82643
     6424.8826675370    814.300    1.82359
     6425.5396149278    813.458    1.82107
     6426.1966294917    821.302    1.82880
     6426.8537112358    813.197    1.82245
     6427.5108601667    809.259    1.81658
     6428.1680762915    810.301    1.81848
     6428.8253596169    806.091    1.81601
     6429.4827101499    775.026    1.78605
     6430.1401278972    754.742    1.75711
     6430.7976128659    753.773    1.75597
     6431.4551650627    771.858    1.77360
     6432.1127844946    795.190    1.79562
     6432.7704711683    805.154    1.81726
     6433.4282250909    809.645    1.82635
     6434.0860462691    812.236    1.81717
     6434.7439347098    808.191    1.81212
     6435.4018904200    812.702    1.81500
     6436.0599134065    809.291    1.81332
     6436.7180036761    803.046    1.80285
     6437.3761612358    762.678    1.79421
     6438.0343860924    689.027    1.74434
     6438.6926782528    661.951    1.66949
     6439.3510377239    693.820    1.81003
     6440.0094645126    756.607    1.84263
     6440.6679586257    798.512    1.81028
     6441.3265200702    811.914    1.81142
     6441.9851488530    813.091    1.81718
     6442.6438449808    820.869    1.82372
     6443.3026084607    820.740    1.82117
     6443.9614392994    824.164    1.82545
     6444.6203375039    822.265    1.82413
     6445.2793030811    823.454    1.82487
     6445.9383360378    819.295    1.81656
     6446.5974363809    822.876    1.82399
     6447.2566041174    818.664    1.81844
     6447.9158392542    797.675    1.79355
     6448.5751417980    751.644    1.74436
     6449.2345117558    717.355    1.70303
     6449.8939491346    722.118    1.71116
     6450.5534539411    765.310    1.82451
     6451.2130261823    798.393    1.79533
     6451.8726658651    817.518    1.81612
     6452.5323729964    819.330    1.81884
     6453.1921475831    825.953    1.82169
     6453.8519896320    819.415    1.81627
     6454.5118991501    798.282    1.79414
     6455.1718761443    784.412    1.79067
     6455.8319206214    790.685    1.82421
     6456.4920325885    815.368    1.81569
     6457.1522120523    825.856    1.82385
     6457.8124590197    826.562    1.82282
     6458.4727734978    827.545    1.82342
     6459.1331554933    826.756    1.82251
     6459.7936050132    817.754    1.83428
     6460.4541220644    804.605    1.82274
     6461.1147066537    742.592    1.76727
     6461.7753587882    683.161    1.71174
     6462.4360784747    675.326    1.70773
     6463.0968657200    710.639    1.74519
     6463.7577205313    774.307    1.75907
     6464.4186429152    795.374    1.78831
     6465.0796328787    809.099    1.80478
     6465.7406904289    823.507    1.81950
     6466.4018155724    825.738    1.82391
     6467.0630083164    824.835    1.83726
     6467.7242686676    822.214    1.82541
     6468.3855966330    819.986    1.81756
     6469.0469922195    818.802    1.81657
     6469.7084554341    812.388    1.80686
     6470.3699862836    787.236    1.78036
     6471.0315847749    766.021    1.75607
     6471.6932509150    767.242    1.75859
     6472.3549847108    800.568    1.79433
     6473.0167861692    824.491    1.82019
     6473.6786552971    832.258    1.82879
     6474.3405921014    817.297    1.81065
     6475.0025965892    813.477    1.80459
     6475.6646687672    811.330    1.80570
     6476.3268086424    817.431    1.81462
     6476.9890162217    819.909    1.81381
     6477.6512915121    822.927    1.81632
     6478.3136345204    828.986    1.82402
     6478.9760452537    825.828    1.81925
     6479.6385237187    828.013    1.82292
     6480.3010699225    818.674    1.81688
     6480.9636838720    806.311    1.79713
     6481.6263655741    795.996    1.78837
     6482.2891150357    801.783    1.79554
     6482.9519322638    815.767    1.80992
     6483.6148172652    823.629    1.81757
     6484.2777700470    825.086    1.81881
     6484.9407906160    826.682    1.82262
     6485.6038789792    827.951    1.82329
     6486.2670351435    827.856    1.82087
     6486.9302591159    828.810    1.82207
     6487.5935509032    827.551    1.81953
     6488.2569105124    829.761    1.82306
     6488.9203379505    834.566    1.82751
     6489.5838332243    832.645    1.82581
     6490.2473963409    831.659    1.82328
     6490.9110273071    827.416    1.81736
     6491.5747261299    817.033    1.84121
     6492.2384928163    782.927    1.78335
     6492.9023273731    725.249    1.71020
     6493.5662298073    668.338    1.64416
     6494.2302001259    651.139    1.65327
     6494.8942383357    687.538    1.73423
     6495.5583444438    724.254    1.74918
     6496.2225184570    752.363    1.73871
     6496.8867603824    775.655    1.76208
     6497.5510702269    781.567    1.76789
     6498.2154479973    772.345    1.77945
     6498.8798937007    753.812    1.74031
     6499.5444073440    760.217    1.74558
     6500.2089889341    790.787    1.77892
     6500.8736384781    824.372    1.81675
     6501.5383559827    834.626    1.82650
     6502.2031414551    836.675    1.82811
     6502.8679949021    833.779    1.82479
     6503.5329163307    828.444    1.81959
     6504.1979057478    827.756    1.81840
     6504.8629631604    830.169    1.82175
     6505.5280885755    837.671    1.82906
     6506.1932819999    841.000    1.83263
     6506.8585434408    840.159    1.83944
     6507.5238729049    834.160    1.83689
     6508.1892703993    829.095    1.81952
     6508.8547359309    832.549    1.82275
     6509.5202695067    837.698    1.83034
     6510.1858711336    846.963    1.83945
     6510.8515408186    844.563    1.83629
     6511.5172785686    843.626    1.83523
     6512.1830843907    844.150    1.83473
     6512.8489582917    837.747    1.82742
     6513.5149002787    835.037    1.82500
     6514.1809103586    840.176    1.82976
     6514.8469885383    839.336    1.83024
     6515.5131348248    836.398    1.82570
     6516.1793492251    837.536    1.82558
     6516.8456317462    830.624    1.82009
     6517.5119823950    816.128    1.80187
     6518.1784011784    813.092    1.79980
     6518.8448881035    821.246    1.80886
     6519.5114431773    835.201    1.82198
     6520.1780664066    843.791    1.83284
     6520.8447577984    845.544    1.83587
     6521.5115173598    840.399    1.82841
     6522.1783450977    842.971    1.83122
     6522.8452410190    844.155    1.83391
     6523.5122051307    840.073    1.82808
     6524.1792374399    844.037    1.83236
     6524.8463379534    842.579    1.83203
     6525.5135066784    841.044    1.83012
     6526.1807436216    846.573    1.83604
     6526.8480487901    847.150    1.83733
     6527.5154221909    849.873    1.84007
     6528.1828638310    856.842    1.84507
     6528.8503737173    852.777    1.84218
     6529.5179518568    846.056    1.83212
     6530.1855982565    837.345    1.82413
     6530.8533129234    838.579    1.82634
     6531.5210958644    840.072    1.82743
     6532.1889470865    839.033    1.82609
     6532.8568665968    842.246    1.82932
     6533.5248544022    842.377    1.83052
     6534.1929105096    840.402    1.82803
     6534.8610349261    845.897    1.83161
     6535.5292276587    851.260    1.83912
     6536.1974887143    849.158    1.83568
     6536.8658180999    847.103    1.83142
     6537.5342158225    847.662    1.83296
     6538.2026818891    853.983    1.84301
     6538.8712163067    857.326    1.84610
     6539.5398190823    859.022    1.84698
     6540.2084902228    862.224    1.85226
     6540.8772297352    859.321    1.84775
     6541.5460376267    858.667    1.84516
     6542.2149139040    847.810    1.84071
     6542.8838585743    849.030    1.85501
     6543.5528716445    851.529    1.83796
     6544.2219531216    843.839    1.82579
     6544.8911030126    817.340    1.80152
     6545.5603213245    792.311    1.78127
     6546.2296080643    791.167    1.78062
     6546.8989632390    817.764    1.81774
     6547.5683868556    841.839    1.83670
     6548.2378789211    851.608    1.83643
     6548.9074394425    852.314    1.83736
     6549.5770684268    851.575    1.83730
     6550.2467658810    852.594    1.83946
     6550.9165318120    854.681    1.84162
     6551.5863662270    849.898    1.84160
     6552.2562691328    853.864    1.84251
     6552.9262405366    844.133    1.87124
     6553.5962804452    820.442    1.80444
     6554.2663888658    809.699    1.78845
     6554.9365658053    805.126    1.78664
     6555.6068112707    812.403    1.79336
     6556.2771252690    823.025    1.80828
     6556.9475078072    836.230    1.81993
     6557.6179588924    851.107    1.83351
     6558.2884785316    845.414    1.82926
     6558.9590667317    843.119    1.82803
     6559.6297234997    839.523    1.83779
     6560.3004488428    833.322    1.85266
     6560.9712427679    784.580    1.86751
     6561.6421052819    663.400    1.79801
     6562.3130363920    603.554    1.60296
     6562.9840361051    611.302    1.83253
     6563.6551044283    717.649    1.94701
     6564.3262413685    815.496    1.83449
     6564.9974469328    833.531    1.81582
     6565.6687211282    840.128    1.82307
     6566.3400639617    848.935    1.83075
     6567.0114754404    848.691    1.82734
     6567.6829555712    846.050    1.82773
     6568.3545043611    832.620    1.81439
     6569.0261218173    827.492    1.80724
     6569.6978079467    831.983    1.81264
     6570.3695627563    841.555    1.82337
     6571.0413862532    842.323    1.82294
     6571.7132784443    818.998    1.80012
     6572.3852393368    804.963    1.78486
     6573.0572689376    801.552    1.78068
     6573.7293672537    810.580    1.78960
     6574.4015342922    814.073    1.79428
     6575.0737700601    828.791    1.80794
     6575.7460745645    842.615    1.82325
     6576.4184478123    853.022    1.83356
     6577.0908898106    858.753    1.84139
     6577.7634005665    860.926    1.84398
     6578.4359800869    860.686    1.84262
     6579.1086283789    858.111    1.83959
     6579.7813454495    849.969    1.83245
     6580.4541313057    847.835    1.82844
     6581.1269859546    847.330    1.82719
     6581.7999094033    857.712    1.83951
     6582.4729016587    863.139    1.84394
     6583.1459627279    862.498    1.84184
     6583.8190926179    868.227    1.84915
     6584.4922913357    863.879    1.84524
     6585.1655588885    856.497    1.83671
     6585.8388952832    854.960    1.83540
     6586.5123005269    850.104    1.83130
     6587.1857746266    858.347    1.83787
     6587.8593175893    863.989    1.84474
     6588.5329294221    859.563    1.84086
     6589.2066101321    863.260    1.84103
     6589.8803597263    862.469    1.84152
     6590.5541782117    859.455    1.83519
     6591.2280655953    838.585    1.81262
     6591.9020218843    801.670    1.77793
     6592.5760470856    772.490    1.74729
     6593.2501412064    772.460    1.74659
     6593.9243042536    803.247    1.77701
     6594.5985362343    835.348    1.81153
     6595.2728371555    860.624    1.83765
     6595.9472070243    863.164    1.86443
     6596.6216458478    861.525    1.84228
     6597.2961536330    848.628    1.82429
     6597.9707303870    840.015    1.81664
     6598.6453761167    838.618    1.81446
     6599.3200908293    846.018    1.82423
     6599.9948745318    854.870    1.82827
     6600.6697272313    862.282    1.83653
     6601.3446489347    864.244    1.84116
     6602.0196396493    868.448    1.84386
     6602.6946993820    866.719    1.84339
     6603.3698281399    864.767    1.84045
     6604.0450259300    858.361    1.83341
     6604.7202927594    847.511    1.82541
     6605.3956286352    851.360    1.82539
     6606.0710335644    848.699    1.84559
     6606.7465075541    852.739    1.84181
     6607.4220506114    849.807    1.82199
     6608.0976627432    838.328    1.81249
     6608.7733439567    834.476    1.80631
     6609.4490942590    837.982    1.81070
     6610.1249136570    856.607    1.82934
     6610.8008021579    863.772    1.83583
     6611.4767597688    864.292    1.83751
     6612.1527864966    862.499    1.83678
     6612.8288823485    859.076    1.83361
     6613.5050473316    857.075    1.82888
     6614.1812814528    863.188    1.83638
     6614.8575847193    865.918    1.83816
     6615.5339571381    866.787    1.83808
     6616.2103987164    857.841    1.82998
     6616.8869094611    860.726    1.82947
     6617.5634893794    863.134    1.83463
     6618.2401384783    865.355    1.83803
     6618.9168567650    866.745    1.83802
     6619.5936442464    861.349    1.83124
     6620.2705009296    861.034    1.83184
     6620.9474268218    867.249    1.83925
     6621.6244219299    867.326    1.84204
     6622.3014862612    868.326    1.84360
     6622.9786198226    864.601    1.83969
     6623.6558226213    857.631    1.82792
     6624.3330946642    847.492    1.81910
     6625.0104359586    852.579    1.82421
     6625.6878465114    859.271    1.83153
     6626.3653263298    864.682    1.83593
     6627.0428754209    861.044    1.83338
     6627.7204937916    863.757    1.83658
     6628.3981814492    866.587    1.83871
     6629.0759384007    858.883    1.84595
     6629.7537646531    854.422    1.84588
     6630.4316602137    856.335    1.82847
     6631.1096250893    856.361    1.82814
     6631.7876592872    855.554    1.82599
     6632.4657628145    847.889    1.81720
     6633.1439356781    842.267    1.81598
     6633.8221778853    848.081    1.82043
     6634.5004894430    855.261    1.82781
     6635.1788703585    865.814    1.83774
     6635.8573206387    867.035    1.84014
     6636.5358402908    868.977    1.84184
     6637.2144293219    865.136    1.83716
     6637.8930877390    868.442    1.83856
     6638.5718155493    868.295    1.83618
     6639.2506127598    864.980    1.83670
     6639.9294793777    867.942    1.83945
     6640.6084154100    873.275    1.84395
     6641.2874208639    868.267    1.83543
     6641.9664957463    857.119    1.82383
     6642.6456400646    842.151    1.81308
     6643.3248538257    838.027    1.80646
     6644.0041370367    840.066    1.81135
     6644.6834897047    859.539    1.82541
     6645.3629118369    867.150    1.83492
     6646.0424034404    869.977    1.83866
     6646.7219645222    866.478    1.83532
     6647.4015950894    869.392    1.83691
     6648.0812951492    868.421    1.83730
     6648.7610647087    873.185    1.84620
     6649.4409037749    868.969    1.83895
     6650.1208123550    868.253    1.83693
     6650.8007904561    867.307    1.83508
     6651.4808380853    873.999    1.84197
     6652.1609552497    873.880    1.84311
     6652.8411419563    872.060    1.84397
     6653.5213982125    875.425    1.84578
     6654.2017240251    873.045    1.84307
     6654.8821194014    871.275    1.84026
     6655.5625843485    872.034    1.84192
     6656.2431188734    872.632    1.86894
     6656.9237229834    868.737    1.84615
     6657.6043966854    872.055    1.83947
     6658.2851399866    871.045    1.83925
     6658.9659528942    866.510    1.83017
     6659.6468354152    864.355    1.82969
     6660.3277875568    861.502    1.82713
     6661.0088093261    865.167    1.83149
     6661.6899007302    857.899    1.82254
     6662.3710617763    837.440    1.80545
     6663.0522924713    835.260    1.79891
     6663.7335928226    836.238    1.80185
     6664.4149628371    849.285    1.81447
     6665.0964025221    861.162    1.82440
     6665.7779118846    856.659    1.82369
     6666.4594909318    861.682    1.82587
     6667.1411396707    863.180    1.82866
     6667.8228581086    867.225    1.83043
     6668.5046462525    865.760    1.83269
     6669.1865041096    879.021    1.84609
     6669.8684316870    874.076    1.84190
     6670.5504289918    872.976    1.83846
     6671.2324960312    877.477    1.84239
     6671.9146328122    878.422    1.84414
     6672.5968393421    875.885    1.84226
     6673.2791156279    878.908    1.84668
     6673.9614616768    877.396    1.84403
     6674.6438774960    867.981    1.83371
     6675.3263630925    870.494    1.83496
     6676.0089184734    864.846    1.82750
     6676.6915436460    831.399    1.79614
     6677.3742386174    801.940    1.76496
     6678.0570033946    790.974    1.75131
     6678.7398379849    821.152    1.81990
     6679.4227423953    856.110    1.82177
     6680.1057166330    866.244    1.83106
     6680.7887607053    868.925    1.83389
     6681.4718746190    875.496    1.83880
     6682.1550583816    869.778    1.83468
     6682.8383120000    872.160    1.83545
     6683.5216354814    870.728    1.83720
     6684.2050288329    871.363    1.83697
     6684.8884920618    875.607    1.84009
     6685.5720251751    873.318    1.83821
     6686.2556281801    873.745    1.83660
     6686.9393010837    874.045    1.83656
     6687.6230438933    872.626    1.83342
     6688.3068566158    869.887    1.83337
     6688.9907392586    870.583    1.83228
     6689.6746918287    865.062    1.82751
     6690.3587143333    866.938    1.82963
     6691.0428067795    869.080    1.83237
     6691.7269691745    879.226    1.84273
     6692.4112015255    877.096    1.84100
     6693.0955038395    876.532    1.84016
     6693.7798761238    877.456    1.85694
     6694.4643183855    870.345    1.85409
     6695.1488306317    854.318    1.81820
     6695.8334128697    853.129    1.81643
     6696.5180651065    854.632    1.83134
     6697.2027873494    858.065    1.82524
     6697.8875796054    863.994    1.82562
     6698.5724418818    860.948    1.82513
     6699.2573741856    872.986    1.83767
     6699.9423765242    872.134    1.83470
     6700.6274489045    879.119    1.84132
     6701.3125913339    876.854    1.83875
     6701.9978038194    874.474    1.83834
     6702.6830863682    868.734    1.83166
     6703.3684389875    865.999    1.82802
     6704.0538616844    863.684    1.82619
     6704.7393544661    865.965    1.82888
     6705.4249173398    873.262    1.85787
     6706.1105503127    871.620    1.84703
     6706.7962533918    873.095    1.83710
     6707.4820265844    876.674    1.83853
     6708.1678698977    875.280    1.83702
     6708.8537833388    871.533    1.83264
     6709.5397669148    865.790    1.82553
     6710.2258206330    866.824    1.82866
     6710.9119445006    865.840    1.82745
     6711.5981385246    873.534    1.83849
     6712.2844027123    873.724    1.84368
     6712.9707370709    870.954    1.83360
     6713.6571416075    867.661    1.82984
     6714.3436163293    863.661    1.82559
     6715.0301612435    862.586    1.82439
     6715.7167763572    852.681    1.80792
     6716.4034616776    809.216    1.79584
     6717.0902172120    783.691    1.74752
     6717.7770429674    792.056    1.74839
     6718.4639389512    833.040    1.78898
     6719.1509051703    868.375    1.82665
     6719.8379416321    868.640    1.82678
     6720.5250483437    875.587    1.83718
     6721.2122253123    874.836    1.83657
     6721.8994725451    871.729    1.83145
     6722.5867900493    870.216    1.83016
     6723.2741778320    879.781    1.83879
     6723.9616359004    877.035    1.83800
     6724.6491642618    876.492    1.83611
     6725.3367629233    869.480    1.82986
     6726.0244318920    864.380    1.82480
     6726.7121711753    867.750    1.82719
     6727.3999807802    871.234    1.82864
     6728.0878607141    873.363    1.82946
     6728.7758109839    874.978    1.83364
     6729.4638315970    874.869    1.83213
     6730.1519225606    875.250    1.83346
     6730.8400838818    871.661    1.83159
     6731.5283155678    872.959    1.83361
     6732.2166176259    871.720    1.83644
     6732.9049900632    878.224    1.84152
     6733.5934328869    883.238    1.84494
     6734.2819461042    880.095    1.84244
     6734.9705297223    879.154    1.84000
     6735.6591837484    880.172    1.84143
     6736.3479081898    879.139    1.83957
     6737.0367030535    878.678    1.83741
     6737.7255683469    876.547    1.83574
     6738.4145040771    874.535    1.83401
     6739.1035102513    870.854    1.83142
     6739.7925868767    873.626    1.83269
     6740.4817339605    875.837    1.83379
     6741.1709515100    875.132    1.83247
     6741.8602395323    858.327    1.81678
     6742.5495980346    847.011    1.80590
     6743.2390270242    847.724    1.80499
     6743.9285265082    858.398    1.81719
     6744.6180964939    867.455    1.82841
     6745.3077369884    872.761    1.83501
     6745.9974479991    870.660    1.82871
     6746.6872295330    870.788    1.82733
     6747.3770815974    874.602    1.83208
     6748.0670041995    876.343    1.83350
     6748.7569973465    857.880    1.81805
     6749.4470610457    848.001    1.80611
     6750.1371953043    844.358    1.80474
     6750.8274001294    861.784    1.81965
     6751.5176755282    866.926    1.82334
     6752.2080215081    863.688    1.82188
     6752.8984380762    868.115    1.82429
     6753.5889252397    874.171    1.83288
     6754.2794830059    873.807    1.83407
     6754.9701113819    865.097    1.82435
     6755.6608103751    871.806    1.82791
     6756.3515799925    875.065    1.83172
     6757.0424202415    887.079    1.84533
     6757.7333311292    887.494    1.84825
     6758.4243126629    889.950    1.84768
     6759.1153648498    883.705    1.84244
     6759.8064876971    876.070    1.83425
     6760.4976812121    881.445    1.84107
     6761.1889454019    886.401    1.84455
     6761.8802802738    888.373    1.84856
     6762.5716858351    885.088    1.84214
     6763.2631620929    876.510    1.83346
     6763.9547090546    867.027    1.82334
     6764.6463267272    869.377    1.82503
     6765.3380151181    866.918    1.82321
     6766.0297742344    868.603    1.82277
     6766.7216040835    856.638    1.81197
     6767.4135046725    843.054    1.79846
     6768.1054760086    845.088    1.80317
     6768.7975180992    862.903    1.82104
     6769.4896309514    872.578    1.83047
     6770.1818145725    875.606    1.83418
     6770.8740689697    877.267    1.83286
     6771.5663941503    869.941    1.82686
     6772.2587901214    868.318    1.82395
     6772.9512568904    871.036    1.82869
     6773.6437944645    874.342    1.83147
     6774.3364028508    882.209    1.83826
     6775.0290820567    886.059    1.84268
     6775.7218320894    884.016    1.84162
     6776.4146529561    883.883    1.84218
     6777.1075446640    879.566    1.83628
     6777.8005072205    878.352    1.83644
     6778.4935406328    876.411    1.83376
     6779.1866449080    874.425    1.83069
     6779.8798200536    877.373    1.83267
     6780.5730660766    879.420    1.83577
     6781.2663829843    879.605    1.83654
     6781.9597707840    876.414    1.83288
     6782.6532294830    871.317    1.82935
     6783.3467590885    868.367    1.82491
     6784.0403596077    862.920    1.81820
     6784.7340310479    871.616    1.82644
     6785.4277734164    869.409    1.82541
     6786.1215867203    877.964    1.83580
     6786.8154709670    876.460    1.83440
     6787.5094261637    881.183    1.83674
     6788.2034523177    876.399    1.83332
     6788.8975494362    873.146    1.83033
     6789.5917175264    872.110    1.82846
     6790.2859565957    873.981    1.82778
     6790.9802666512    881.305    1.83790
     6791.6746477003    886.661    1.84514
     6792.3690997502    881.471    1.83978
     6793.0636228081    880.197    1.83734
     6793.7582168814    880.385    1.83894
     6794.4528819773    883.850    1.84086
     6795.1476181030    880.123    1.83689
     6795.8424252658    878.755    1.83614
     6796.5373034730    875.338    1.83334
     6797.2322527318    873.442    1.82922
     6797.9272730495    867.157    1.82415
     6798.6223644334    872.568    1.82843
     6799.3175268907    881.761    1.83690
     6800.0127604288    883.899    1.83950
     6800.7080650548    885.482    1.84123
     6801.4034407760    884.161    1.84179
     6802.0988875997    882.375    1.83656
     6802.7944055332    884.189    1.84049
     6803.4899945838    879.890    1.83597
     6804.1856547587    879.223    1.83659
     6804.8813860652    878.177    1.83518
     6805.5771885105    874.632    1.83197
     6806.2730621020    868.881    1.82562
     6806.9690068469    862.298    1.81881
     6807.6650227525    876.552    1.83298
     6808.3611098260    884.997    1.83826
     6809.0572680748    875.433    1.83153
     6809.7534975061    874.416    1.83088
     6810.4497981272    874.502    1.83396
     6811.1461699454    875.872    1.83155
     6811.8426129680    882.352    1.83860
     6812.5391272022    889.682    1.84659
     6813.2357126553    888.735    1.84501
     6813.9323693346    878.535    1.83877
     6814.6290972474    872.339    1.82817
     6815.3258964010    868.950    1.82718
     6816.0227668026    871.241    1.82709
     6816.7197084596    872.859    1.82581
     6817.4167213792    879.182    1.83246
     6818.1138055687    875.194    1.83009
     6818.8109610354    873.505    1.82974
     6819.5081877865    871.002    1.82603
     6820.2054858295    871.872    1.82935
     6820.9028551715    889.731    1.84685
     6821.6002958199    887.999    1.84506
     6822.2978077819    880.431    1.83792
     6822.9953910649    875.870    1.83144
     6823.6930456761    872.191    1.83035
     6824.3907716228    877.087    1.83339
     6825.0885689124    887.497    1.84501
     6825.7864375520    885.358    1.84007
     6826.4843775491    876.548    1.83146
     6827.1823889109    868.333    1.82191
     6827.8804716447    867.578    1.82485
     6828.5786257577    878.620    1.83673
     6829.2768512574    875.505    1.83119
     6829.9751481510    886.134    1.84238
     6830.6735164457    880.332    1.83908
     6831.3719561490    875.866    1.83388
     6832.0704672681    871.185    1.83015
     6832.7690498103    882.554    1.83862
     6833.4677037828    889.349    1.84646
     6834.1664291931    889.359    1.84566
     6834.8652260484    883.477    1.83988
     6835.5640943561    878.876    1.83738
     6836.2630341233    877.699    1.83397
     6836.9620453575    885.084    1.84554
     6837.6611280659    883.788    1.83717
     6838.3602822559    877.269    1.83179
     6839.0595079347    874.720    1.82848
     6839.7588051097    870.313    1.82440
     6840.4581737882    859.890    1.81395
     6841.1576139775    857.589    1.81015
     6841.8571256848    859.374    1.81262
     6842.5567089176    865.922    1.81773
     6843.2563636831    868.460    1.82102
     6843.9560899886    872.684    1.82666
     6844.6558878415    876.514    1.82978
     6845.3557572491    880.199    1.83490
     6846.0556982187    880.228    1.83473
     6846.7557107576    875.659    1.83112
     6847.4557948730    877.046    1.83044
     6848.1559505725    882.559    1.83679
     6848.8561778632    880.823    1.83569
     6849.5564767525    876.278    1.82952
     6850.2568472476    872.778    1.82645
     6850.9572893561    876.079    1.83097
     6851.6578030850    877.369    1.83099
     6852.3583884418    877.324    1.83116
     6853.0590454339    874.881    1.83029
     6853.7597740684    866.261    1.82244
     6854.4605743528    858.882    1.81326
     6855.1614462944    855.126    1.81041
     6855.8623899004    863.190    1.81687
     6856.5634051783    862.586    1.81509
     6857.2644921353    866.868    1.82034
     6857.9656507789    866.679    1.82105
     6858.6668811162    868.670    1.82423
     6859.3681831547    876.281    1.82994
     6860.0695569016    864.456    1.81659
     6860.7710023644    846.885    1.79968
     6861.4725195503    848.176    1.80155
     6862.1741084667    853.068    1.80935
     6862.8757691209    869.454    1.82667
     6863.5775015202    881.438    1.83532
     6864.2793056720    882.938    1.83728
     6864.9811815836    878.761    1.83368
     6865.6831292624    860.183    1.81648
     6866.3851487157    864.288    1.81509
     6867.0872399508    877.136    1.83868
     6867.7894029751    899.236    1.96189
     6868.4916377959    911.719    2.09764
     6869.1939444206    908.495    2.41899
     6869.8963228564    871.630    2.17997
     6870.5987731108    837.243    2.10310
     6871.3012951910    824.216    2.02993
     6872.0038891045    844.654    2.04110
     6872.7065548586    839.898    2.02566
     6873.4092924606    851.142    2.02719
     6874.1121019178    854.899    2.01844
     6874.8149832377    859.148    2.01079
     6875.5179364275    862.807    1.99917
     6876.2209614946    859.989    1.98946
     6876.9240584464    850.102    1.95224
     6877.6272272901    862.023    1.96177
     6878.3304680333    869.842    1.96175
     6879.0337806831    866.965    1.93280
     6879.7371652470    863.035    1.91605
     6880.4406217324    860.277    1.90513
     6881.1441501465    836.644    1.86598
     6881.8477504967    831.483    1.92624
     6882.5514227904    832.157    1.79731
     6883.2551670349    853.677    1.81175
     6883.9589832376    869.082    1.83692
     6884.6628714059    888.542    1.88421
     6885.3668315471    871.124    1.87646
     6886.0708636685    853.817    1.86456
     6886.7749677776    880.133    1.91266
     6887.4791438817    896.380    1.97153
     6888.1833919881    877.646    1.94058
     6888.8877121042    853.198    1.86517
     6889.5921042375    875.871    1.90679
     6890.2965683951    884.681    1.95539
     6891.0011045845    873.140    1.95497
     6891.7057128132    849.650    1.88881
     6892.4103930883    863.693    1.87453
     6893.1151454174    895.218    1.93268
     6893.8199698077    903.305    1.99773
     6894.5248662667    874.131    1.96124
     6895.2298348017    842.005    1.86165
     6895.9348754200    859.090    1.85695
     6896.6399881291    885.838    1.90478
     6897.3451729363    899.696    1.96645
     6898.0504298490    876.753    1.96167
     6898.7557588746    851.157    1.88481
     6899.4611600204    835.015    1.81525
     6900.1666332938    864.520    1.84534
     6900.8721787023    873.167    1.90197
     6901.5777962530    878.213    1.95442
     6902.2834859535    859.356    1.91624
     6902.9892478112    855.441    1.85777
     6903.6950818333    872.627    1.84339
     6904.4009880273    891.668    1.87478
     6905.1069664005    895.759    1.92608
     6905.8130169604    890.317    1.95128
     6906.5191397143    860.498    1.89443
     6907.2253346696    873.867    1.86516
     6907.9316018337    879.965    1.84263
     6908.6379412139    889.138    1.87825
     6909.3443528177    913.577    1.95416
     6910.0508366524    901.830    1.93507
     6910.7573927254    864.056    1.88939
     6911.4640210442    856.021    1.85316
     6912.1707216160    864.520    1.82841
     6912.8774944483    876.536    1.83185
     6913.5843395485    869.927    1.84496
     6914.2912569239    876.199    1.87296
     6914.9982465820    866.688    1.88152
     6915.7053085301    849.447    1.84624
     6916.4124427756    843.618    1.81069
     6917.1196493260    855.225    1.80769
     6917.8269281886    865.977    1.81429
     6918.5342793708    861.093    1.82277
     6919.2417028800    871.248    1.86024
     6919.9491987236    878.719    1.87697
     6920.6567669089    878.916    1.86319
     6921.3644074435    878.851    1.84395
     6922.0721203347    891.862    1.84217
     6922.7799055898    879.920    1.83080
     6923.4877632164    880.154    1.83990
     6924.1956932217    868.831    1.84396
     6924.9036956133    878.155    1.87493
     6925.6117703984    874.304    1.86287
     6926.3199175845    887.296    1.85824
     6927.0281371790    899.649    1.86103
     6927.7364291893    915.554    1.87112
     6928.4447936228    910.003    1.86279
     6929.1532304869    904.324    1.85890
     6929.8617397890    912.412    1.88946
     6930.5703215366    906.547    1.89520
     6931.2789757370    907.019    1.88877
     6931.9877023976    896.523    1.86630
     6932.6965015258    896.010    1.85566
     6933.4053731292    892.606    1.85027
     6934.1143172150    901.840    1.86401
     6934.8233337906    903.225    1.87038
     6935.5324228636    898.897    1.87082
     6936.2415844413    893.617    1.85685
     6936.9508185310    902.346    1.86088
     6937.6601251404    899.115    1.85429
     6938.3695042766    894.307    1.85162
     6939.0789559472    896.259    1.85868
     6939.7884801597    896.284    1.86034
     6940.4980769213    910.602    1.87972
     6941.2077462395    918.581    1.90053
     6941.9174881217    917.343    1.89902
     6942.6273025754    913.195    1.88715
     6943.3371896080    906.661    1.87916
     6944.0471492269    883.992    1.85476
     6944.7571814395    876.427    1.84048
     6945.4672862532    886.266    1.84808
     6946.1774636755    901.894    1.85225
